"year","d_m","sockeye","system","method"
1943,"08-Jun",1016,"GCL","fence count"
1943,"09-Jun",194,"GCL","fence count"
1943,"10-Jun",447,"GCL","fence count"
1943,"11-Jun",551,"GCL","fence count"
1943,"12-Jun",543,"GCL","fence count"
1943,"13-Jun",536,"GCL","fence count"
1943,"14-Jun",393,"GCL","fence count"
1943,"15-Jun",804,"GCL","fence count"
1943,"16-Jun",441,"GCL","fence count"
1943,"17-Jun",881,"GCL","fence count"
1943,"18-Jun",280,"GCL","fence count"
1943,"19-Jun",549,"GCL","fence count"
1943,"20-Jun",819,"GCL","fence count"
1943,"21-Jun",387,"GCL","fence count"
1943,"22-Jun",456,"GCL","fence count"
1943,"23-Jun",569,"GCL","fence count"
1943,"24-Jun",715,"GCL","fence count"
1943,"25-Jun",551,"GCL","fence count"
1943,"26-Jun",414,"GCL","fence count"
1943,"27-Jun",277,"GCL","fence count"
1943,"28-Jun",54,"GCL","fence count"
1943,"29-Jun",983,"GCL","fence count"
1943,"30-Jun",1117,"GCL","fence count"
1943,"01-Jul",459,"GCL","fence count"
1943,"02-Jul",521,"GCL","fence count"
1943,"03-Jul",344,"GCL","fence count"
1943,"04-Jul",167,"GCL","fence count"
1943,"05-Jul",167,"GCL","fence count"
1943,"06-Jul",238,"GCL","fence count"
1943,"07-Jul",357,"GCL","fence count"
1943,"08-Jul",655,"GCL","fence count"
1943,"09-Jul",372,"GCL","fence count"
1943,"10-Jul",298,"GCL","fence count"
1943,"11-Jul",223,"GCL","fence count"
1943,"12-Jul",155,"GCL","fence count"
1943,"13-Jul",176,"GCL","fence count"
1943,"14-Jul",292,"GCL","fence count"
1943,"15-Jul",119,"GCL","fence count"
1943,"16-Jul",342,"GCL","fence count"
1943,"17-Jul",252,"GCL","fence count"
1943,"18-Jul",162,"GCL","fence count"
1943,"19-Jul",84,"GCL","fence count"
1943,"20-Jul",155,"GCL","fence count"
1943,"21-Jul",110,"GCL","fence count"
1943,"22-Jul",167,"GCL","fence count"
1943,"23-Jul",37,"GCL","fence count"
1943,"24-Jul",38,"GCL","fence count"
1943,"25-Jul",40,"GCL","fence count"
1943,"26-Jul",44,"GCL","fence count"
1943,"27-Jul",35,"GCL","fence count"
1943,"28-Jul",48,"GCL","fence count"
1943,"29-Jul",74,"GCL","fence count"
1943,"30-Jul",42,"GCL","fence count"
1943,"31-Jul",45,"GCL","fence count"
1943,"01-Aug",48,"GCL","fence count"
1943,"02-Aug",48,"GCL","fence count"
1943,"03-Aug",57,"GCL","fence count"
1943,"04-Aug",47,"GCL","fence count"
1943,"05-Aug",38,"GCL","fence count"
1943,"06-Aug",28,"GCL","fence count"
1943,"07-Aug",19,"GCL","fence count"
1943,"08-Aug",9,"GCL","fence count"
1943,"09-Aug",0,"GCL","fence count"
1943,"10-Aug",0,"GCL","fence count"
1943,"11-Aug",0,"GCL","fence count"
1943,"12-Aug",0,"GCL","fence count"
1943,"13-Aug",0,"GCL","fence count"
1943,"14-Aug",0,"GCL","fence count"
1943,"15-Aug",0,"GCL","fence count"
1943,"16-Aug",0,"GCL","fence count"
1943,"17-Aug",0,"GCL","fence count"
1943,"18-Aug",0,"GCL","fence count"
1943,"19-Aug",0,"GCL","fence count"
1943,"20-Aug",0,"GCL","fence count"
1943,"21-Aug",0,"GCL","fence count"
1943,"22-Aug",0,"GCL","fence count"
1943,"23-Aug",0,"GCL","fence count"
1943,"24-Aug",0,"GCL","fence count"
1943,"25-Aug",0,"GCL","fence count"
1943,"26-Aug",0,"GCL","fence count"
1943,"27-Aug",0,"GCL","fence count"
1943,"28-Aug",0,"GCL","fence count"
1943,"29-Aug",0,"GCL","fence count"
1943,"30-Aug",0,"GCL","fence count"
1943,"31-Aug",0,"GCL","fence count"
1943,"01-Sep",0,"GCL","fence count"
1943,"02-Sep",0,"GCL","fence count"
1943,"03-Sep",0,"GCL","fence count"
1943,"04-Sep",0,"GCL","fence count"
1943,"05-Sep",0,"GCL","fence count"
1943,"06-Sep",0,"GCL","fence count"
1943,"07-Sep",0,"GCL","fence count"
1943,"08-Sep",0,"GCL","fence count"
1943,"09-Sep",0,"GCL","fence count"
1943,"10-Sep",0,"GCL","fence count"
1943,"11-Sep",0,"GCL","fence count"
1943,"12-Sep",0,"GCL","fence count"
1943,"13-Sep",0,"GCL","fence count"
1943,"14-Sep",0,"GCL","fence count"
1943,"15-Sep",0,"GCL","fence count"
1943,"16-Sep",0,"GCL","fence count"
1943,"17-Sep",0,"GCL","fence count"
1943,"18-Sep",0,"GCL","fence count"
1943,"19-Sep",0,"GCL","fence count"
1943,"20-Sep",0,"GCL","fence count"
1943,"21-Sep",0,"GCL","fence count"
1943,"22-Sep",0,"GCL","fence count"
1943,"23-Sep",0,"GCL","fence count"
1943,"24-Sep",0,"GCL","fence count"
1943,"25-Sep",0,"GCL","fence count"
1943,"26-Sep",0,"GCL","fence count"
1943,"27-Sep",0,"GCL","fence count"
1943,"28-Sep",0,"GCL","fence count"
1943,"29-Sep",0,"GCL","fence count"
1943,"30-Sep",0,"GCL","fence count"
1943,"01-Oct",0,"GCL","fence count"
1943,"02-Oct",0,"GCL","fence count"
1943,"03-Oct",0,"GCL","fence count"
1943,"04-Oct",0,"GCL","fence count"
1943,"05-Oct",0,"GCL","fence count"
1943,"06-Oct",0,"GCL","fence count"
1943,"07-Oct",0,"GCL","fence count"
1943,"08-Oct",0,"GCL","fence count"
1943,"09-Oct",0,"GCL","fence count"
1943,"10-Oct",0,"GCL","fence count"
1943,"11-Oct",0,"GCL","fence count"
1943,"12-Oct",0,"GCL","fence count"
1943,"13-Oct",0,"GCL","fence count"
1943,"14-Oct",0,"GCL","fence count"
1943,"15-Oct",0,"GCL","fence count"
1943,"16-Oct",0,"GCL","fence count"
1943,"17-Oct",0,"GCL","fence count"
1943,"18-Oct",0,"GCL","fence count"
1943,"19-Oct",0,"GCL","fence count"
1943,"20-Oct",0,"GCL","fence count"
1943,"21-Oct",0,"GCL","fence count"
1943,"22-Oct",0,"GCL","fence count"
1943,"23-Oct",0,"GCL","fence count"
1943,"24-Oct",0,"GCL","fence count"
1943,"25-Oct",0,"GCL","fence count"
1943,"26-Oct",0,"GCL","fence count"
1943,"27-Oct",0,"GCL","fence count"
1943,"28-Oct",0,"GCL","fence count"
1943,"29-Oct",0,"GCL","fence count"
1943,"30-Oct",0,"GCL","fence count"
1943,"31-Oct",0,"GCL","fence count"
1943,"01-Nov",0,"GCL","fence count"
1943,"02-Nov",0,"GCL","fence count"
1943,"03-Nov",0,"GCL","fence count"
1944,"02-Jun",0,"GCL","fence count"
1944,"03-Jun",0,"GCL","fence count"
1944,"04-Jun",325,"GCL","fence count"
1944,"05-Jun",18,"GCL","fence count"
1944,"06-Jun",307,"GCL","fence count"
1944,"07-Jun",393,"GCL","fence count"
1944,"08-Jun",170,"GCL","fence count"
1944,"09-Jun",60,"GCL","fence count"
1944,"10-Jun",208,"GCL","fence count"
1944,"11-Jun",357,"GCL","fence count"
1944,"12-Jun",363,"GCL","fence count"
1944,"13-Jun",223,"GCL","fence count"
1944,"14-Jun",447,"GCL","fence count"
1944,"15-Jun",372,"GCL","fence count"
1944,"16-Jun",357,"GCL","fence count"
1944,"17-Jun",417,"GCL","fence count"
1944,"18-Jun",476,"GCL","fence count"
1944,"19-Jun",319,"GCL","fence count"
1944,"20-Jun",828,"GCL","fence count"
1944,"21-Jun",670,"GCL","fence count"
1944,"22-Jun",357,"GCL","fence count"
1944,"23-Jun",670,"GCL","fence count"
1944,"24-Jun",527,"GCL","fence count"
1944,"25-Jun",384,"GCL","fence count"
1944,"26-Jun",122,"GCL","fence count"
1944,"27-Jun",1802,"GCL","fence count"
1944,"28-Jun",596,"GCL","fence count"
1944,"29-Jun",298,"GCL","fence count"
1944,"30-Jun",605,"GCL","fence count"
1944,"01-Jul",314,"GCL","fence count"
1944,"02-Jul",24,"GCL","fence count"
1944,"03-Jul",104,"GCL","fence count"
1944,"04-Jul",89,"GCL","fence count"
1944,"05-Jul",80,"GCL","fence count"
1944,"06-Jul",137,"GCL","fence count"
1944,"07-Jul",256,"GCL","fence count"
1944,"08-Jul",170,"GCL","fence count"
1944,"09-Jul",83,"GCL","fence count"
1944,"10-Jul",6,"GCL","fence count"
1944,"11-Jul",223,"GCL","fence count"
1944,"12-Jul",113,"GCL","fence count"
1944,"13-Jul",74,"GCL","fence count"
1944,"14-Jul",92,"GCL","fence count"
1944,"15-Jul",59,"GCL","fence count"
1944,"16-Jul",27,"GCL","fence count"
1944,"17-Jul",36,"GCL","fence count"
1944,"18-Jul",295,"GCL","fence count"
1944,"19-Jul",247,"GCL","fence count"
1944,"20-Jul",298,"GCL","fence count"
1944,"21-Jul",220,"GCL","fence count"
1944,"22-Jul",125,"GCL","fence count"
1944,"23-Jul",30,"GCL","fence count"
1944,"24-Jul",63,"GCL","fence count"
1944,"25-Jul",33,"GCL","fence count"
1944,"26-Jul",48,"GCL","fence count"
1944,"27-Jul",86,"GCL","fence count"
1944,"28-Jul",30,"GCL","fence count"
1944,"29-Jul",31,"GCL","fence count"
1944,"30-Jul",33,"GCL","fence count"
1944,"31-Jul",45,"GCL","fence count"
1944,"01-Aug",45,"GCL","fence count"
1944,"02-Aug",21,"GCL","fence count"
1944,"03-Aug",30,"GCL","fence count"
1944,"04-Aug",12,"GCL","fence count"
1944,"05-Aug",6,"GCL","fence count"
1944,"06-Aug",0,"GCL","fence count"
1944,"07-Aug",0,"GCL","fence count"
1944,"08-Aug",0,"GCL","fence count"
1944,"09-Aug",0,"GCL","fence count"
1944,"10-Aug",0,"GCL","fence count"
1944,"11-Aug",0,"GCL","fence count"
1944,"12-Aug",0,"GCL","fence count"
1944,"13-Aug",0,"GCL","fence count"
1944,"14-Aug",0,"GCL","fence count"
1944,"15-Aug",0,"GCL","fence count"
1944,"16-Aug",0,"GCL","fence count"
1944,"17-Aug",0,"GCL","fence count"
1944,"18-Aug",0,"GCL","fence count"
1944,"19-Aug",0,"GCL","fence count"
1944,"20-Aug",0,"GCL","fence count"
1944,"21-Aug",0,"GCL","fence count"
1944,"22-Aug",0,"GCL","fence count"
1944,"23-Aug",0,"GCL","fence count"
1944,"24-Aug",0,"GCL","fence count"
1944,"25-Aug",0,"GCL","fence count"
1944,"26-Aug",0,"GCL","fence count"
1944,"27-Aug",0,"GCL","fence count"
1944,"28-Aug",0,"GCL","fence count"
1944,"29-Aug",0,"GCL","fence count"
1944,"30-Aug",0,"GCL","fence count"
1944,"31-Aug",0,"GCL","fence count"
1944,"01-Sep",0,"GCL","fence count"
1944,"02-Sep",0,"GCL","fence count"
1944,"03-Sep",0,"GCL","fence count"
1944,"04-Sep",0,"GCL","fence count"
1944,"05-Sep",0,"GCL","fence count"
1944,"06-Sep",0,"GCL","fence count"
1944,"07-Sep",0,"GCL","fence count"
1944,"08-Sep",0,"GCL","fence count"
1944,"09-Sep",0,"GCL","fence count"
1944,"10-Sep",0,"GCL","fence count"
1944,"11-Sep",0,"GCL","fence count"
1944,"12-Sep",0,"GCL","fence count"
1944,"13-Sep",0,"GCL","fence count"
1944,"14-Sep",0,"GCL","fence count"
1944,"15-Sep",0,"GCL","fence count"
1944,"16-Sep",0,"GCL","fence count"
1944,"17-Sep",0,"GCL","fence count"
1944,"18-Sep",0,"GCL","fence count"
1944,"19-Sep",0,"GCL","fence count"
1944,"20-Sep",0,"GCL","fence count"
1944,"21-Sep",0,"GCL","fence count"
1944,"22-Sep",0,"GCL","fence count"
1944,"23-Sep",0,"GCL","fence count"
1944,"24-Sep",0,"GCL","fence count"
1944,"25-Sep",0,"GCL","fence count"
1944,"26-Sep",0,"GCL","fence count"
1944,"27-Sep",0,"GCL","fence count"
1944,"28-Sep",0,"GCL","fence count"
1944,"29-Sep",0,"GCL","fence count"
1944,"30-Sep",0,"GCL","fence count"
1944,"01-Oct",0,"GCL","fence count"
1944,"02-Oct",0,"GCL","fence count"
1944,"03-Oct",0,"GCL","fence count"
1944,"04-Oct",0,"GCL","fence count"
1944,"05-Oct",0,"GCL","fence count"
1944,"06-Oct",0,"GCL","fence count"
1944,"07-Oct",0,"GCL","fence count"
1944,"08-Oct",0,"GCL","fence count"
1944,"09-Oct",0,"GCL","fence count"
1944,"10-Oct",0,"GCL","fence count"
1944,"11-Oct",0,"GCL","fence count"
1944,"12-Oct",0,"GCL","fence count"
1944,"13-Oct",0,"GCL","fence count"
1944,"14-Oct",0,"GCL","fence count"
1944,"15-Oct",0,"GCL","fence count"
1944,"16-Oct",0,"GCL","fence count"
1944,"17-Oct",0,"GCL","fence count"
1944,"18-Oct",0,"GCL","fence count"
1944,"19-Oct",0,"GCL","fence count"
1944,"20-Oct",0,"GCL","fence count"
1944,"21-Oct",0,"GCL","fence count"
1944,"22-Oct",0,"GCL","fence count"
1944,"23-Oct",0,"GCL","fence count"
1944,"24-Oct",0,"GCL","fence count"
1944,"25-Oct",0,"GCL","fence count"
1944,"26-Oct",0,"GCL","fence count"
1944,"27-Oct",0,"GCL","fence count"
1944,"28-Oct",0,"GCL","fence count"
1944,"29-Oct",0,"GCL","fence count"
1945,"05-Jun",0,"GCL","fence count"
1945,"06-Jun",0,"GCL","fence count"
1945,"07-Jun",33,"GCL","fence count"
1945,"08-Jun",98,"GCL","fence count"
1945,"09-Jun",133,"GCL","fence count"
1945,"10-Jun",167,"GCL","fence count"
1945,"11-Jun",348,"GCL","fence count"
1945,"12-Jun",298,"GCL","fence count"
1945,"13-Jun",387,"GCL","fence count"
1945,"14-Jun",893,"GCL","fence count"
1945,"15-Jun",4392,"GCL","fence count"
1945,"16-Jun",3134,"GCL","fence count"
1945,"17-Jun",1876,"GCL","fence count"
1945,"18-Jun",2233,"GCL","fence count"
1945,"19-Jun",5420,"GCL","fence count"
1945,"20-Jun",4765,"GCL","fence count"
1945,"21-Jun",2829,"GCL","fence count"
1945,"22-Jun",2680,"GCL","fence count"
1945,"23-Jun",2055,"GCL","fence count"
1945,"24-Jun",1429,"GCL","fence count"
1945,"25-Jun",2025,"GCL","fence count"
1945,"26-Jun",3722,"GCL","fence count"
1945,"27-Jun",989,"GCL","fence count"
1945,"28-Jun",316,"GCL","fence count"
1945,"29-Jun",634,"GCL","fence count"
1945,"30-Jun",2161,"GCL","fence count"
1945,"01-Jul",3687,"GCL","fence count"
1945,"02-Jul",2978,"GCL","fence count"
1945,"03-Jul",5956,"GCL","fence count"
1945,"04-Jul",4973,"GCL","fence count"
1945,"05-Jul",5956,"GCL","fence count"
1945,"06-Jul",4312,"GCL","fence count"
1945,"07-Jul",2953,"GCL","fence count"
1945,"08-Jul",1593,"GCL","fence count"
1945,"09-Jul",1015,"GCL","fence count"
1945,"10-Jul",1191,"GCL","fence count"
1945,"11-Jul",417,"GCL","fence count"
1945,"12-Jul",1066,"GCL","fence count"
1945,"13-Jul",566,"GCL","fence count"
1945,"14-Jul",369,"GCL","fence count"
1945,"15-Jul",173,"GCL","fence count"
1945,"16-Jul",89,"GCL","fence count"
1945,"17-Jul",60,"GCL","fence count"
1945,"18-Jul",95,"GCL","fence count"
1945,"19-Jul",197,"GCL","fence count"
1945,"20-Jul",521,"GCL","fence count"
1945,"21-Jul",465,"GCL","fence count"
1945,"22-Jul",408,"GCL","fence count"
1945,"23-Jul",158,"GCL","fence count"
1945,"24-Jul",42,"GCL","fence count"
1945,"25-Jul",77,"GCL","fence count"
1945,"26-Jul",610,"GCL","fence count"
1945,"27-Jul",1998,"GCL","fence count"
1945,"28-Jul",1669,"GCL","fence count"
1945,"29-Jul",1340,"GCL","fence count"
1945,"30-Jul",616,"GCL","fence count"
1945,"31-Jul",104,"GCL","fence count"
1945,"01-Aug",68,"GCL","fence count"
1945,"02-Aug",194,"GCL","fence count"
1945,"03-Aug",905,"GCL","fence count"
1945,"04-Aug",514,"GCL","fence count"
1945,"05-Aug",122,"GCL","fence count"
1945,"06-Aug",131,"GCL","fence count"
1945,"07-Aug",86,"GCL","fence count"
1945,"08-Aug",238,"GCL","fence count"
1945,"09-Aug",113,"GCL","fence count"
1945,"10-Aug",95,"GCL","fence count"
1945,"11-Aug",71,"GCL","fence count"
1945,"12-Aug",48,"GCL","fence count"
1945,"13-Aug",0,"GCL","fence count"
1945,"14-Aug",0,"GCL","fence count"
1945,"15-Aug",0,"GCL","fence count"
1945,"16-Aug",0,"GCL","fence count"
1945,"17-Aug",0,"GCL","fence count"
1945,"18-Aug",0,"GCL","fence count"
1945,"19-Aug",0,"GCL","fence count"
1945,"20-Aug",0,"GCL","fence count"
1945,"21-Aug",0,"GCL","fence count"
1945,"22-Aug",0,"GCL","fence count"
1945,"23-Aug",0,"GCL","fence count"
1945,"24-Aug",0,"GCL","fence count"
1945,"25-Aug",0,"GCL","fence count"
1945,"26-Aug",0,"GCL","fence count"
1945,"27-Aug",0,"GCL","fence count"
1945,"28-Aug",0,"GCL","fence count"
1945,"29-Aug",0,"GCL","fence count"
1945,"30-Aug",0,"GCL","fence count"
1945,"31-Aug",0,"GCL","fence count"
1945,"01-Sep",0,"GCL","fence count"
1945,"02-Sep",0,"GCL","fence count"
1945,"03-Sep",0,"GCL","fence count"
1945,"04-Sep",0,"GCL","fence count"
1945,"05-Sep",0,"GCL","fence count"
1945,"06-Sep",0,"GCL","fence count"
1945,"07-Sep",0,"GCL","fence count"
1945,"08-Sep",0,"GCL","fence count"
1945,"09-Sep",0,"GCL","fence count"
1945,"10-Sep",0,"GCL","fence count"
1945,"11-Sep",0,"GCL","fence count"
1945,"12-Sep",0,"GCL","fence count"
1945,"13-Sep",0,"GCL","fence count"
1945,"14-Sep",0,"GCL","fence count"
1945,"15-Sep",0,"GCL","fence count"
1945,"16-Sep",0,"GCL","fence count"
1945,"17-Sep",0,"GCL","fence count"
1945,"18-Sep",0,"GCL","fence count"
1945,"19-Sep",0,"GCL","fence count"
1945,"20-Sep",0,"GCL","fence count"
1945,"21-Sep",0,"GCL","fence count"
1945,"22-Sep",0,"GCL","fence count"
1945,"23-Sep",0,"GCL","fence count"
1945,"24-Sep",0,"GCL","fence count"
1945,"25-Sep",0,"GCL","fence count"
1945,"26-Sep",0,"GCL","fence count"
1945,"27-Sep",0,"GCL","fence count"
1945,"28-Sep",0,"GCL","fence count"
1945,"29-Sep",0,"GCL","fence count"
1945,"30-Sep",0,"GCL","fence count"
1945,"01-Oct",0,"GCL","fence count"
1945,"02-Oct",0,"GCL","fence count"
1945,"03-Oct",0,"GCL","fence count"
1945,"04-Oct",0,"GCL","fence count"
1945,"05-Oct",0,"GCL","fence count"
1945,"06-Oct",0,"GCL","fence count"
1945,"07-Oct",0,"GCL","fence count"
1945,"08-Oct",0,"GCL","fence count"
1945,"09-Oct",0,"GCL","fence count"
1945,"10-Oct",0,"GCL","fence count"
1945,"11-Oct",0,"GCL","fence count"
1945,"12-Oct",0,"GCL","fence count"
1945,"13-Oct",0,"GCL","fence count"
1945,"14-Oct",0,"GCL","fence count"
1945,"15-Oct",0,"GCL","fence count"
1945,"16-Oct",0,"GCL","fence count"
1945,"17-Oct",0,"GCL","fence count"
1945,"18-Oct",0,"GCL","fence count"
1945,"19-Oct",0,"GCL","fence count"
1945,"20-Oct",0,"GCL","fence count"
1945,"21-Oct",0,"GCL","fence count"
1945,"22-Oct",0,"GCL","fence count"
1945,"23-Oct",0,"GCL","fence count"
1945,"24-Oct",0,"GCL","fence count"
1945,"25-Oct",0,"GCL","fence count"
1945,"26-Oct",0,"GCL","fence count"
1945,"27-Oct",0,"GCL","fence count"
1945,"28-Oct",0,"GCL","fence count"
1945,"29-Oct",0,"GCL","fence count"
1945,"30-Oct",0,"GCL","fence count"
1945,"31-Oct",0,"GCL","fence count"
1945,"01-Nov",0,"GCL","fence count"
1945,"02-Nov",0,"GCL","fence count"
1945,"03-Nov",0,"GCL","fence count"
1945,"04-Nov",0,"GCL","fence count"
1945,"05-Nov",0,"GCL","fence count"
1945,"06-Nov",0,"GCL","fence count"
1945,"07-Nov",0,"GCL","fence count"
1945,"08-Nov",0,"GCL","fence count"
1945,"09-Nov",0,"GCL","fence count"
1945,"10-Nov",0,"GCL","fence count"
1945,"11-Nov",0,"GCL","fence count"
1945,"12-Nov",0,"GCL","fence count"
1945,"13-Nov",0,"GCL","fence count"
1945,"14-Nov",0,"GCL","fence count"
1945,"15-Nov",0,"GCL","fence count"
1945,"16-Nov",0,"GCL","fence count"
1945,"17-Nov",0,"GCL","fence count"
1945,"18-Nov",0,"GCL","fence count"
1946,"28-Jun",211,"GCL","fence count"
1946,"29-Jun",234,"GCL","fence count"
1946,"30-Jun",256,"GCL","fence count"
1946,"01-Jul",310,"GCL","fence count"
1946,"02-Jul",128,"GCL","fence count"
1946,"03-Jul",155,"GCL","fence count"
1946,"04-Jul",119,"GCL","fence count"
1946,"05-Jul",211,"GCL","fence count"
1946,"06-Jul",250,"GCL","fence count"
1946,"07-Jul",289,"GCL","fence count"
1946,"08-Jul",345,"GCL","fence count"
1946,"09-Jul",348,"GCL","fence count"
1946,"10-Jul",229,"GCL","fence count"
1946,"11-Jul",673,"GCL","fence count"
1946,"12-Jul",3067,"GCL","fence count"
1946,"13-Jul",3082,"GCL","fence count"
1946,"14-Jul",3097,"GCL","fence count"
1946,"15-Jul",3410,"GCL","fence count"
1946,"16-Jul",2085,"GCL","fence count"
1946,"17-Jul",1275,"GCL","fence count"
1946,"18-Jul",456,"GCL","fence count"
1946,"19-Jul",283,"GCL","fence count"
1946,"20-Jul",229,"GCL","fence count"
1946,"21-Jul",176,"GCL","fence count"
1946,"22-Jul",50,"GCL","fence count"
1946,"23-Jul",66,"GCL","fence count"
1946,"24-Jul",51,"GCL","fence count"
1946,"25-Jul",63,"GCL","fence count"
1946,"26-Jul",15,"GCL","fence count"
1946,"27-Jul",19,"GCL","fence count"
1946,"28-Jul",22,"GCL","fence count"
1946,"29-Jul",26,"GCL","fence count"
1946,"30-Jul",29,"GCL","fence count"
1946,"31-Jul",33,"GCL","fence count"
1946,"01-Aug",37,"GCL","fence count"
1946,"02-Aug",40,"GCL","fence count"
1946,"03-Aug",44,"GCL","fence count"
1946,"04-Aug",48,"GCL","fence count"
1946,"05-Aug",51,"GCL","fence count"
1946,"06-Aug",55,"GCL","fence count"
1946,"07-Aug",59,"GCL","fence count"
1946,"08-Aug",62,"GCL","fence count"
1946,"09-Aug",66,"GCL","fence count"
1946,"10-Aug",70,"GCL","fence count"
1946,"11-Aug",73,"GCL","fence count"
1946,"12-Aug",60,"GCL","fence count"
1946,"13-Aug",66,"GCL","fence count"
1946,"14-Aug",74,"GCL","fence count"
1946,"15-Aug",104,"GCL","fence count"
1946,"16-Aug",122,"GCL","fence count"
1946,"17-Aug",109,"GCL","fence count"
1946,"18-Aug",95,"GCL","fence count"
1946,"19-Aug",27,"GCL","fence count"
1946,"20-Aug",35,"GCL","fence count"
1946,"21-Aug",0,"GCL","fence count"
1946,"22-Aug",0,"GCL","fence count"
1946,"23-Aug",0,"GCL","fence count"
1946,"24-Aug",0,"GCL","fence count"
1946,"25-Aug",0,"GCL","fence count"
1946,"26-Aug",0,"GCL","fence count"
1946,"27-Aug",0,"GCL","fence count"
1946,"28-Aug",0,"GCL","fence count"
1946,"29-Aug",0,"GCL","fence count"
1946,"30-Aug",0,"GCL","fence count"
1946,"31-Aug",0,"GCL","fence count"
1946,"01-Sep",0,"GCL","fence count"
1946,"02-Sep",0,"GCL","fence count"
1946,"03-Sep",0,"GCL","fence count"
1946,"04-Sep",0,"GCL","fence count"
1946,"05-Sep",0,"GCL","fence count"
1946,"06-Sep",0,"GCL","fence count"
1946,"07-Sep",0,"GCL","fence count"
1946,"08-Sep",0,"GCL","fence count"
1946,"09-Sep",0,"GCL","fence count"
1946,"10-Sep",0,"GCL","fence count"
1946,"11-Sep",0,"GCL","fence count"
1946,"12-Sep",0,"GCL","fence count"
1946,"13-Sep",0,"GCL","fence count"
1946,"14-Sep",0,"GCL","fence count"
1946,"15-Sep",0,"GCL","fence count"
1946,"16-Sep",0,"GCL","fence count"
1946,"17-Sep",0,"GCL","fence count"
1946,"18-Sep",0,"GCL","fence count"
1946,"19-Sep",0,"GCL","fence count"
1946,"20-Sep",0,"GCL","fence count"
1946,"21-Sep",0,"GCL","fence count"
1946,"22-Sep",0,"GCL","fence count"
1946,"23-Sep",0,"GCL","fence count"
1946,"24-Sep",0,"GCL","fence count"
1946,"25-Sep",0,"GCL","fence count"
1946,"26-Sep",0,"GCL","fence count"
1946,"27-Sep",0,"GCL","fence count"
1946,"28-Sep",0,"GCL","fence count"
1946,"29-Sep",0,"GCL","fence count"
1946,"30-Sep",0,"GCL","fence count"
1946,"01-Oct",0,"GCL","fence count"
1946,"02-Oct",0,"GCL","fence count"
1946,"03-Oct",0,"GCL","fence count"
1946,"04-Oct",0,"GCL","fence count"
1946,"05-Oct",0,"GCL","fence count"
1946,"06-Oct",0,"GCL","fence count"
1946,"07-Oct",0,"GCL","fence count"
1946,"08-Oct",0,"GCL","fence count"
1946,"09-Oct",0,"GCL","fence count"
1946,"10-Oct",0,"GCL","fence count"
1946,"11-Oct",0,"GCL","fence count"
1946,"12-Oct",0,"GCL","fence count"
1946,"13-Oct",0,"GCL","fence count"
1946,"14-Oct",0,"GCL","fence count"
1946,"15-Oct",0,"GCL","fence count"
1946,"16-Oct",0,"GCL","fence count"
1946,"17-Oct",0,"GCL","fence count"
1946,"18-Oct",0,"GCL","fence count"
1946,"19-Oct",0,"GCL","fence count"
1946,"20-Oct",0,"GCL","fence count"
1946,"21-Oct",0,"GCL","fence count"
1946,"22-Oct",0,"GCL","fence count"
1946,"23-Oct",0,"GCL","fence count"
1946,"24-Oct",0,"GCL","fence count"
1946,"25-Oct",0,"GCL","fence count"
1946,"26-Oct",0,"GCL","fence count"
1946,"27-Oct",0,"GCL","fence count"
1946,"28-Oct",0,"GCL","fence count"
1946,"29-Oct",0,"GCL","fence count"
1946,"30-Oct",0,"GCL","fence count"
1946,"31-Oct",0,"GCL","fence count"
1946,"01-Nov",0,"GCL","fence count"
1946,"02-Nov",0,"GCL","fence count"
1946,"03-Nov",0,"GCL","fence count"
1946,"04-Nov",0,"GCL","fence count"
1946,"05-Nov",0,"GCL","fence count"
1946,"06-Nov",0,"GCL","fence count"
1946,"07-Nov",0,"GCL","fence count"
1946,"08-Nov",0,"GCL","fence count"
1946,"09-Nov",0,"GCL","fence count"
1946,"10-Nov",0,"GCL","fence count"
1946,"11-Nov",0,"GCL","fence count"
1946,"12-Nov",0,"GCL","fence count"
1946,"13-Nov",0,"GCL","fence count"
1946,"14-Nov",0,"GCL","fence count"
1946,"15-Nov",0,"GCL","fence count"
1946,"16-Nov",0,"GCL","fence count"
1946,"17-Nov",0,"GCL","fence count"
1946,"18-Nov",0,"GCL","fence count"
1946,"19-Nov",0,"GCL","fence count"
1946,"20-Nov",0,"GCL","fence count"
1946,"21-Nov",0,"GCL","fence count"
1946,"22-Nov",0,"GCL","fence count"
1946,"23-Nov",0,"GCL","fence count"
1946,"24-Nov",0,"GCL","fence count"
1946,"25-Nov",0,"GCL","fence count"
1946,"26-Nov",0,"GCL","fence count"
1946,"27-Nov",0,"GCL","fence count"
1946,"28-Nov",0,"GCL","fence count"
1947,"26-May",60,"GCL","fence count"
1947,"27-May",194,"GCL","fence count"
1947,"28-May",298,"GCL","fence count"
1947,"29-May",253,"GCL","fence count"
1947,"30-May",101,"GCL","fence count"
1947,"31-May",103,"GCL","fence count"
1947,"01-Jun",104,"GCL","fence count"
1947,"02-Jun",80,"GCL","fence count"
1947,"03-Jun",113,"GCL","fence count"
1947,"04-Jun",98,"GCL","fence count"
1947,"05-Jun",247,"GCL","fence count"
1947,"06-Jun",223,"GCL","fence count"
1947,"07-Jun",217,"GCL","fence count"
1947,"08-Jun",211,"GCL","fence count"
1947,"09-Jun",205,"GCL","fence count"
1947,"10-Jun",48,"GCL","fence count"
1947,"11-Jun",57,"GCL","fence count"
1947,"12-Jun",152,"GCL","fence count"
1947,"13-Jun",435,"GCL","fence count"
1947,"14-Jun",384,"GCL","fence count"
1947,"15-Jun",334,"GCL","fence count"
1947,"16-Jun",899,"GCL","fence count"
1947,"17-Jun",923,"GCL","fence count"
1947,"18-Jun",417,"GCL","fence count"
1947,"19-Jun",473,"GCL","fence count"
1947,"20-Jun",804,"GCL","fence count"
1947,"21-Jun",418,"GCL","fence count"
1947,"22-Jun",33,"GCL","fence count"
1947,"23-Jun",378,"GCL","fence count"
1947,"24-Jun",545,"GCL","fence count"
1947,"25-Jun",271,"GCL","fence count"
1947,"26-Jun",381,"GCL","fence count"
1947,"27-Jun",307,"GCL","fence count"
1947,"28-Jun",262,"GCL","fence count"
1947,"29-Jun",217,"GCL","fence count"
1947,"30-Jun",780,"GCL","fence count"
1947,"01-Jul",244,"GCL","fence count"
1947,"02-Jul",890,"GCL","fence count"
1947,"03-Jul",1132,"GCL","fence count"
1947,"04-Jul",1385,"GCL","fence count"
1947,"05-Jul",1105,"GCL","fence count"
1947,"06-Jul",825,"GCL","fence count"
1947,"07-Jul",355,"GCL","fence count"
1947,"08-Jul",546,"GCL","fence count"
1947,"09-Jul",188,"GCL","fence count"
1947,"10-Jul",328,"GCL","fence count"
1947,"11-Jul",415,"GCL","fence count"
1947,"12-Jul",394,"GCL","fence count"
1947,"13-Jul",373,"GCL","fence count"
1947,"14-Jul",352,"GCL","fence count"
1947,"15-Jul",331,"GCL","fence count"
1947,"16-Jul",310,"GCL","fence count"
1947,"17-Jul",289,"GCL","fence count"
1947,"18-Jul",268,"GCL","fence count"
1947,"19-Jul",247,"GCL","fence count"
1947,"20-Jul",226,"GCL","fence count"
1947,"21-Jul",140,"GCL","fence count"
1947,"22-Jul",170,"GCL","fence count"
1947,"23-Jul",83,"GCL","fence count"
1947,"24-Jul",149,"GCL","fence count"
1947,"25-Jul",250,"GCL","fence count"
1947,"26-Jul",161,"GCL","fence count"
1947,"27-Jul",71,"GCL","fence count"
1947,"28-Jul",30,"GCL","fence count"
1947,"29-Jul",33,"GCL","fence count"
1947,"30-Jul",36,"GCL","fence count"
1947,"31-Jul",23,"GCL","fence count"
1947,"01-Aug",80,"GCL","fence count"
1947,"02-Aug",77,"GCL","fence count"
1947,"03-Aug",74,"GCL","fence count"
1947,"04-Aug",70,"GCL","fence count"
1947,"05-Aug",67,"GCL","fence count"
1947,"06-Aug",63,"GCL","fence count"
1947,"07-Aug",60,"GCL","fence count"
1947,"08-Aug",57,"GCL","fence count"
1947,"09-Aug",53,"GCL","fence count"
1947,"10-Aug",50,"GCL","fence count"
1947,"11-Aug",47,"GCL","fence count"
1947,"12-Aug",43,"GCL","fence count"
1947,"13-Aug",40,"GCL","fence count"
1947,"14-Aug",37,"GCL","fence count"
1947,"15-Aug",33,"GCL","fence count"
1947,"16-Aug",30,"GCL","fence count"
1947,"17-Aug",27,"GCL","fence count"
1947,"18-Aug",23,"GCL","fence count"
1947,"19-Aug",20,"GCL","fence count"
1947,"20-Aug",17,"GCL","fence count"
1947,"21-Aug",13,"GCL","fence count"
1947,"22-Aug",10,"GCL","fence count"
1947,"23-Aug",7,"GCL","fence count"
1947,"24-Aug",3,"GCL","fence count"
1947,"25-Aug",0,"GCL","fence count"
1947,"26-Aug",0,"GCL","fence count"
1947,"27-Aug",0,"GCL","fence count"
1947,"28-Aug",0,"GCL","fence count"
1947,"29-Aug",0,"GCL","fence count"
1947,"30-Aug",0,"GCL","fence count"
1947,"31-Aug",0,"GCL","fence count"
1947,"01-Sep",0,"GCL","fence count"
1947,"02-Sep",0,"GCL","fence count"
1947,"03-Sep",0,"GCL","fence count"
1947,"04-Sep",0,"GCL","fence count"
1947,"05-Sep",0,"GCL","fence count"
1947,"06-Sep",0,"GCL","fence count"
1947,"07-Sep",0,"GCL","fence count"
1947,"08-Sep",0,"GCL","fence count"
1947,"09-Sep",0,"GCL","fence count"
1947,"10-Sep",0,"GCL","fence count"
1947,"11-Sep",0,"GCL","fence count"
1947,"12-Sep",0,"GCL","fence count"
1947,"13-Sep",0,"GCL","fence count"
1947,"14-Sep",0,"GCL","fence count"
1947,"15-Sep",0,"GCL","fence count"
1947,"16-Sep",0,"GCL","fence count"
1947,"17-Sep",0,"GCL","fence count"
1947,"18-Sep",0,"GCL","fence count"
1947,"19-Sep",0,"GCL","fence count"
1947,"20-Sep",0,"GCL","fence count"
1947,"21-Sep",0,"GCL","fence count"
1947,"22-Sep",0,"GCL","fence count"
1947,"23-Sep",0,"GCL","fence count"
1947,"24-Sep",0,"GCL","fence count"
1947,"25-Sep",0,"GCL","fence count"
1947,"26-Sep",0,"GCL","fence count"
1947,"27-Sep",0,"GCL","fence count"
1947,"28-Sep",0,"GCL","fence count"
1947,"29-Sep",0,"GCL","fence count"
1947,"30-Sep",0,"GCL","fence count"
1947,"01-Oct",0,"GCL","fence count"
1947,"02-Oct",0,"GCL","fence count"
1947,"03-Oct",0,"GCL","fence count"
1947,"04-Oct",0,"GCL","fence count"
1947,"05-Oct",0,"GCL","fence count"
1947,"06-Oct",0,"GCL","fence count"
1947,"07-Oct",0,"GCL","fence count"
1947,"08-Oct",0,"GCL","fence count"
1947,"09-Oct",0,"GCL","fence count"
1947,"10-Oct",0,"GCL","fence count"
1947,"11-Oct",0,"GCL","fence count"
1947,"12-Oct",0,"GCL","fence count"
1947,"13-Oct",0,"GCL","fence count"
1947,"14-Oct",0,"GCL","fence count"
1947,"15-Oct",0,"GCL","fence count"
1947,"16-Oct",0,"GCL","fence count"
1947,"17-Oct",0,"GCL","fence count"
1947,"18-Oct",0,"GCL","fence count"
1947,"19-Oct",0,"GCL","fence count"
1947,"20-Oct",0,"GCL","fence count"
1947,"21-Oct",0,"GCL","fence count"
1947,"22-Oct",0,"GCL","fence count"
1947,"23-Oct",0,"GCL","fence count"
1947,"24-Oct",0,"GCL","fence count"
1947,"25-Oct",0,"GCL","fence count"
1947,"26-Oct",0,"GCL","fence count"
1947,"27-Oct",0,"GCL","fence count"
1947,"28-Oct",0,"GCL","fence count"
1947,"29-Oct",0,"GCL","fence count"
1947,"30-Oct",0,"GCL","fence count"
1947,"31-Oct",0,"GCL","fence count"
1947,"01-Nov",0,"GCL","fence count"
1947,"02-Nov",0,"GCL","fence count"
1947,"03-Nov",0,"GCL","fence count"
1947,"04-Nov",0,"GCL","fence count"
1947,"05-Nov",0,"GCL","fence count"
1947,"06-Nov",0,"GCL","fence count"
1947,"07-Nov",0,"GCL","fence count"
1947,"08-Nov",0,"GCL","fence count"
1947,"09-Nov",0,"GCL","fence count"
1947,"10-Nov",0,"GCL","fence count"
1947,"11-Nov",0,"GCL","fence count"
1947,"12-Nov",0,"GCL","fence count"
1947,"13-Nov",0,"GCL","fence count"
1947,"14-Nov",0,"GCL","fence count"
1947,"15-Nov",0,"GCL","fence count"
1947,"16-Nov",0,"GCL","fence count"
1947,"17-Nov",0,"GCL","fence count"
1947,"18-Nov",0,"GCL","fence count"
1947,"19-Nov",0,"GCL","fence count"
1947,"20-Nov",0,"GCL","fence count"
1947,"21-Nov",0,"GCL","fence count"
1947,"22-Nov",0,"GCL","fence count"
1947,"23-Nov",0,"GCL","fence count"
1947,"24-Nov",0,"GCL","fence count"
1947,"25-Nov",0,"GCL","fence count"
1947,"26-Nov",0,"GCL","fence count"
1947,"27-Nov",0,"GCL","fence count"
1947,"28-Nov",0,"GCL","fence count"
1947,"29-Nov",0,"GCL","fence count"
1947,"30-Nov",0,"GCL","fence count"
1947,"01-Dec",0,"GCL","fence count"
1947,"02-Dec",0,"GCL","fence count"
1947,"03-Dec",0,"GCL","fence count"
1947,"04-Dec",0,"GCL","fence count"
1947,"05-Dec",0,"GCL","fence count"
1947,"06-Dec",0,"GCL","fence count"
1947,"07-Dec",0,"GCL","fence count"
1947,"08-Dec",0,"GCL","fence count"
1947,"09-Dec",0,"GCL","fence count"
1947,"10-Dec",0,"GCL","fence count"
1947,"11-Dec",0,"GCL","fence count"
1947,"12-Dec",0,"GCL","fence count"
1948,"24-Jun",110,"GCL","fence count"
1948,"25-Jun",125,"GCL","fence count"
1948,"26-Jun",244,"GCL","fence count"
1948,"27-Jun",363,"GCL","fence count"
1948,"28-Jun",271,"GCL","fence count"
1948,"29-Jun",762,"GCL","fence count"
1948,"30-Jun",569,"GCL","fence count"
1948,"01-Jul",596,"GCL","fence count"
1948,"02-Jul",393,"GCL","fence count"
1948,"03-Jul",628,"GCL","fence count"
1948,"04-Jul",864,"GCL","fence count"
1948,"05-Jul",366,"GCL","fence count"
1948,"06-Jul",551,"GCL","fence count"
1948,"07-Jul",357,"GCL","fence count"
1948,"08-Jul",608,"GCL","fence count"
1948,"09-Jul",744,"GCL","fence count"
1948,"10-Jul",436,"GCL","fence count"
1948,"11-Jul",128,"GCL","fence count"
1948,"12-Jul",158,"GCL","fence count"
1948,"13-Jul",849,"GCL","fence count"
1948,"14-Jul",491,"GCL","fence count"
1948,"15-Jul",893,"GCL","fence count"
1948,"16-Jul",625,"GCL","fence count"
1948,"17-Jul",494,"GCL","fence count"
1948,"18-Jul",363,"GCL","fence count"
1948,"19-Jul",194,"GCL","fence count"
1948,"20-Jul",387,"GCL","fence count"
1948,"21-Jul",205,"GCL","fence count"
1948,"22-Jul",200,"GCL","fence count"
1948,"23-Jul",179,"GCL","fence count"
1948,"24-Jul",138,"GCL","fence count"
1948,"25-Jul",98,"GCL","fence count"
1948,"26-Jul",131,"GCL","fence count"
1948,"27-Jul",179,"GCL","fence count"
1948,"28-Jul",68,"GCL","fence count"
1948,"29-Jul",66,"GCL","fence count"
1948,"30-Jul",60,"GCL","fence count"
1948,"31-Jul",46,"GCL","fence count"
1948,"01-Aug",33,"GCL","fence count"
1948,"02-Aug",0,"GCL","fence count"
1948,"03-Aug",0,"GCL","fence count"
1948,"04-Aug",0,"GCL","fence count"
1948,"05-Aug",0,"GCL","fence count"
1948,"06-Aug",0,"GCL","fence count"
1948,"07-Aug",7,"GCL","fence count"
1948,"08-Aug",13,"GCL","fence count"
1948,"09-Aug",0,"GCL","fence count"
1948,"10-Aug",24,"GCL","fence count"
1948,"11-Aug",54,"GCL","fence count"
1948,"12-Aug",60,"GCL","fence count"
1948,"13-Aug",3,"GCL","fence count"
1948,"14-Aug",2,"GCL","fence count"
1948,"15-Aug",1,"GCL","fence count"
1948,"16-Aug",0,"GCL","fence count"
1948,"17-Aug",0,"GCL","fence count"
1948,"18-Aug",0,"GCL","fence count"
1948,"19-Aug",0,"GCL","fence count"
1948,"20-Aug",0,"GCL","fence count"
1948,"21-Aug",0,"GCL","fence count"
1948,"22-Aug",0,"GCL","fence count"
1948,"23-Aug",0,"GCL","fence count"
1948,"24-Aug",0,"GCL","fence count"
1948,"25-Aug",0,"GCL","fence count"
1948,"26-Aug",0,"GCL","fence count"
1948,"27-Aug",0,"GCL","fence count"
1948,"28-Aug",0,"GCL","fence count"
1948,"29-Aug",0,"GCL","fence count"
1948,"30-Aug",0,"GCL","fence count"
1948,"31-Aug",0,"GCL","fence count"
1948,"01-Sep",0,"GCL","fence count"
1948,"02-Sep",0,"GCL","fence count"
1948,"03-Sep",0,"GCL","fence count"
1948,"04-Sep",0,"GCL","fence count"
1948,"05-Sep",0,"GCL","fence count"
1948,"06-Sep",0,"GCL","fence count"
1948,"07-Sep",0,"GCL","fence count"
1948,"08-Sep",0,"GCL","fence count"
1948,"09-Sep",0,"GCL","fence count"
1948,"10-Sep",0,"GCL","fence count"
1948,"11-Sep",0,"GCL","fence count"
1948,"12-Sep",0,"GCL","fence count"
1948,"13-Sep",0,"GCL","fence count"
1948,"14-Sep",0,"GCL","fence count"
1948,"15-Sep",0,"GCL","fence count"
1948,"16-Sep",0,"GCL","fence count"
1948,"17-Sep",0,"GCL","fence count"
1948,"18-Sep",0,"GCL","fence count"
1948,"19-Sep",0,"GCL","fence count"
1948,"20-Sep",0,"GCL","fence count"
1948,"21-Sep",0,"GCL","fence count"
1948,"22-Sep",0,"GCL","fence count"
1948,"23-Sep",0,"GCL","fence count"
1948,"24-Sep",0,"GCL","fence count"
1948,"25-Sep",0,"GCL","fence count"
1948,"26-Sep",0,"GCL","fence count"
1948,"27-Sep",0,"GCL","fence count"
1948,"28-Sep",0,"GCL","fence count"
1948,"29-Sep",0,"GCL","fence count"
1948,"30-Sep",0,"GCL","fence count"
1948,"01-Oct",0,"GCL","fence count"
1948,"02-Oct",0,"GCL","fence count"
1948,"03-Oct",0,"GCL","fence count"
1948,"04-Oct",0,"GCL","fence count"
1948,"05-Oct",0,"GCL","fence count"
1948,"06-Oct",0,"GCL","fence count"
1948,"07-Oct",0,"GCL","fence count"
1948,"08-Oct",0,"GCL","fence count"
1948,"09-Oct",0,"GCL","fence count"
1948,"10-Oct",0,"GCL","fence count"
1948,"11-Oct",0,"GCL","fence count"
1948,"12-Oct",0,"GCL","fence count"
1948,"13-Oct",0,"GCL","fence count"
1948,"14-Oct",0,"GCL","fence count"
1948,"15-Oct",0,"GCL","fence count"
1948,"16-Oct",0,"GCL","fence count"
1948,"17-Oct",0,"GCL","fence count"
1948,"18-Oct",0,"GCL","fence count"
1948,"19-Oct",0,"GCL","fence count"
1948,"20-Oct",0,"GCL","fence count"
1948,"21-Oct",0,"GCL","fence count"
1948,"22-Oct",0,"GCL","fence count"
1948,"23-Oct",0,"GCL","fence count"
1948,"24-Oct",0,"GCL","fence count"
1948,"25-Oct",0,"GCL","fence count"
1948,"26-Oct",0,"GCL","fence count"
1948,"27-Oct",0,"GCL","fence count"
1948,"28-Oct",0,"GCL","fence count"
1948,"29-Oct",0,"GCL","fence count"
1948,"30-Oct",0,"GCL","fence count"
1948,"31-Oct",0,"GCL","fence count"
1948,"01-Nov",0,"GCL","fence count"
1948,"02-Nov",0,"GCL","fence count"
1948,"03-Nov",0,"GCL","fence count"
1948,"04-Nov",0,"GCL","fence count"
1948,"05-Nov",0,"GCL","fence count"
1948,"06-Nov",0,"GCL","fence count"
1948,"07-Nov",0,"GCL","fence count"
1948,"08-Nov",0,"GCL","fence count"
1948,"09-Nov",0,"GCL","fence count"
1948,"10-Nov",0,"GCL","fence count"
1948,"11-Nov",0,"GCL","fence count"
1948,"12-Nov",0,"GCL","fence count"
1948,"13-Nov",0,"GCL","fence count"
1948,"14-Nov",0,"GCL","fence count"
1949,"30-May",0,"GCL","fence count"
1949,"31-May",21,"GCL","fence count"
1949,"01-Jun",27,"GCL","fence count"
1949,"02-Jun",39,"GCL","fence count"
1949,"03-Jun",42,"GCL","fence count"
1949,"04-Jun",45,"GCL","fence count"
1949,"05-Jun",48,"GCL","fence count"
1949,"06-Jun",54,"GCL","fence count"
1949,"07-Jun",42,"GCL","fence count"
1949,"08-Jun",45,"GCL","fence count"
1949,"09-Jun",57,"GCL","fence count"
1949,"10-Jun",54,"GCL","fence count"
1949,"11-Jun",67,"GCL","fence count"
1949,"12-Jun",80,"GCL","fence count"
1949,"13-Jun",86,"GCL","fence count"
1949,"14-Jun",77,"GCL","fence count"
1949,"15-Jun",140,"GCL","fence count"
1949,"16-Jun",173,"GCL","fence count"
1949,"17-Jun",134,"GCL","fence count"
1949,"18-Jun",6068,"GCL","fence count"
1949,"19-Jun",12001,"GCL","fence count"
1949,"20-Jun",8026,"GCL","fence count"
1949,"21-Jun",3812,"GCL","fence count"
1949,"22-Jun",1906,"GCL","fence count"
1949,"23-Jun",2814,"GCL","fence count"
1949,"24-Jun",2114,"GCL","fence count"
1949,"25-Jun",1803,"GCL","fence count"
1949,"26-Jun",1492,"GCL","fence count"
1949,"27-Jun",3216,"GCL","fence count"
1949,"28-Jun",5092,"GCL","fence count"
1949,"29-Jun",6164,"GCL","fence count"
1949,"30-Jun",5152,"GCL","fence count"
1949,"01-Jul",8309,"GCL","fence count"
1949,"02-Jul",6849,"GCL","fence count"
1949,"03-Jul",9410,"GCL","fence count"
1949,"04-Jul",9529,"GCL","fence count"
1949,"05-Jul",10066,"GCL","fence count"
1949,"06-Jul",9529,"GCL","fence count"
1949,"07-Jul",8189,"GCL","fence count"
1949,"08-Jul",4318,"GCL","fence count"
1949,"09-Jul",3648,"GCL","fence count"
1949,"10-Jul",2978,"GCL","fence count"
1949,"11-Jul",4288,"GCL","fence count"
1949,"12-Jul",2859,"GCL","fence count"
1949,"13-Jul",1111,"GCL","fence count"
1949,"14-Jul",893,"GCL","fence count"
1949,"15-Jul",2472,"GCL","fence count"
1949,"16-Jul",1689,"GCL","fence count"
1949,"17-Jul",905,"GCL","fence count"
1949,"18-Jul",1030,"GCL","fence count"
1949,"19-Jul",1787,"GCL","fence count"
1949,"20-Jul",473,"GCL","fence count"
1949,"21-Jul",307,"GCL","fence count"
1949,"22-Jul",253,"GCL","fence count"
1949,"23-Jul",1273,"GCL","fence count"
1949,"24-Jul",2293,"GCL","fence count"
1949,"25-Jul",536,"GCL","fence count"
1949,"26-Jul",2904,"GCL","fence count"
1949,"27-Jul",1697,"GCL","fence count"
1949,"28-Jul",563,"GCL","fence count"
1949,"29-Jul",521,"GCL","fence count"
1949,"30-Jul",435,"GCL","fence count"
1949,"31-Jul",348,"GCL","fence count"
1949,"01-Aug",256,"GCL","fence count"
1949,"02-Aug",506,"GCL","fence count"
1949,"03-Aug",402,"GCL","fence count"
1949,"04-Aug",322,"GCL","fence count"
1949,"05-Aug",104,"GCL","fence count"
1949,"06-Aug",88,"GCL","fence count"
1949,"07-Aug",71,"GCL","fence count"
1949,"08-Aug",116,"GCL","fence count"
1949,"09-Aug",77,"GCL","fence count"
1949,"10-Aug",51,"GCL","fence count"
1949,"11-Aug",63,"GCL","fence count"
1949,"12-Aug",95,"GCL","fence count"
1949,"13-Aug",67,"GCL","fence count"
1949,"14-Aug",39,"GCL","fence count"
1949,"15-Aug",56,"GCL","fence count"
1949,"16-Aug",73,"GCL","fence count"
1949,"17-Aug",90,"GCL","fence count"
1949,"18-Aug",107,"GCL","fence count"
1949,"19-Aug",124,"GCL","fence count"
1949,"20-Aug",141,"GCL","fence count"
1949,"21-Aug",158,"GCL","fence count"
1949,"22-Aug",259,"GCL","fence count"
1949,"23-Aug",229,"GCL","fence count"
1949,"24-Aug",152,"GCL","fence count"
1949,"25-Aug",39,"GCL","fence count"
1949,"26-Aug",0,"GCL","fence count"
1949,"27-Aug",0,"GCL","fence count"
1949,"28-Aug",0,"GCL","fence count"
1949,"29-Aug",0,"GCL","fence count"
1949,"30-Aug",0,"GCL","fence count"
1949,"31-Aug",0,"GCL","fence count"
1949,"01-Sep",0,"GCL","fence count"
1949,"02-Sep",0,"GCL","fence count"
1949,"03-Sep",0,"GCL","fence count"
1949,"04-Sep",0,"GCL","fence count"
1949,"05-Sep",0,"GCL","fence count"
1949,"06-Sep",0,"GCL","fence count"
1949,"07-Sep",0,"GCL","fence count"
1949,"08-Sep",0,"GCL","fence count"
1949,"09-Sep",0,"GCL","fence count"
1949,"10-Sep",0,"GCL","fence count"
1949,"11-Sep",0,"GCL","fence count"
1949,"12-Sep",0,"GCL","fence count"
1949,"13-Sep",0,"GCL","fence count"
1949,"14-Sep",0,"GCL","fence count"
1949,"15-Sep",0,"GCL","fence count"
1949,"16-Sep",0,"GCL","fence count"
1949,"17-Sep",0,"GCL","fence count"
1949,"18-Sep",0,"GCL","fence count"
1949,"19-Sep",0,"GCL","fence count"
1949,"20-Sep",0,"GCL","fence count"
1949,"21-Sep",0,"GCL","fence count"
1949,"22-Sep",0,"GCL","fence count"
1949,"23-Sep",0,"GCL","fence count"
1949,"24-Sep",0,"GCL","fence count"
1949,"25-Sep",0,"GCL","fence count"
1949,"26-Sep",0,"GCL","fence count"
1949,"27-Sep",0,"GCL","fence count"
1949,"28-Sep",0,"GCL","fence count"
1949,"29-Sep",0,"GCL","fence count"
1949,"30-Sep",0,"GCL","fence count"
1949,"01-Oct",0,"GCL","fence count"
1949,"02-Oct",0,"GCL","fence count"
1949,"03-Oct",0,"GCL","fence count"
1949,"04-Oct",0,"GCL","fence count"
1949,"05-Oct",0,"GCL","fence count"
1949,"06-Oct",0,"GCL","fence count"
1949,"07-Oct",0,"GCL","fence count"
1949,"08-Oct",0,"GCL","fence count"
1949,"09-Oct",0,"GCL","fence count"
1949,"10-Oct",0,"GCL","fence count"
1949,"11-Oct",0,"GCL","fence count"
1949,"12-Oct",0,"GCL","fence count"
1949,"13-Oct",0,"GCL","fence count"
1949,"14-Oct",0,"GCL","fence count"
1949,"15-Oct",0,"GCL","fence count"
1949,"16-Oct",0,"GCL","fence count"
1949,"17-Oct",0,"GCL","fence count"
1949,"18-Oct",0,"GCL","fence count"
1949,"19-Oct",0,"GCL","fence count"
1949,"20-Oct",0,"GCL","fence count"
1949,"21-Oct",0,"GCL","fence count"
1949,"22-Oct",0,"GCL","fence count"
1949,"23-Oct",0,"GCL","fence count"
1949,"24-Oct",0,"GCL","fence count"
1949,"25-Oct",0,"GCL","fence count"
1949,"26-Oct",0,"GCL","fence count"
1949,"27-Oct",0,"GCL","fence count"
1949,"28-Oct",0,"GCL","fence count"
1949,"29-Oct",0,"GCL","fence count"
1949,"30-Oct",0,"GCL","fence count"
1949,"31-Oct",0,"GCL","fence count"
1949,"01-Nov",0,"GCL","fence count"
1949,"02-Nov",0,"GCL","fence count"
1949,"03-Nov",0,"GCL","fence count"
1949,"04-Nov",0,"GCL","fence count"
1949,"05-Nov",0,"GCL","fence count"
1949,"06-Nov",0,"GCL","fence count"
1949,"07-Nov",0,"GCL","fence count"
1949,"08-Nov",0,"GCL","fence count"
1949,"09-Nov",0,"GCL","fence count"
1949,"10-Nov",0,"GCL","fence count"
1949,"11-Nov",0,"GCL","fence count"
1950,"13-Jul",1165,"GCL","fence count"
1950,"14-Jul",1486,"GCL","fence count"
1950,"15-Jul",3500,"GCL","fence count"
1950,"16-Jul",3075,"GCL","fence count"
1950,"17-Jul",2631,"GCL","fence count"
1950,"18-Jul",1865,"GCL","fence count"
1950,"19-Jul",825,"GCL","fence count"
1950,"20-Jul",640,"GCL","fence count"
1950,"21-Jul",21,"GCL","fence count"
1950,"22-Jul",16,"GCL","fence count"
1950,"23-Jul",11,"GCL","fence count"
1950,"24-Jul",6,"GCL","fence count"
1950,"25-Jul",2,"GCL","fence count"
1950,"26-Jul",3,"GCL","fence count"
1950,"27-Jul",18,"GCL","fence count"
1950,"28-Jul",18,"GCL","fence count"
1950,"29-Jul",19,"GCL","fence count"
1950,"30-Jul",2,"GCL","fence count"
1950,"31-Jul",2,"GCL","fence count"
1950,"01-Aug",29,"GCL","fence count"
1950,"02-Aug",16,"GCL","fence count"
1950,"03-Aug",0,"GCL","fence count"
1950,"04-Aug",0,"GCL","fence count"
1950,"05-Aug",0,"GCL","fence count"
1950,"06-Aug",52,"GCL","fence count"
1950,"07-Aug",10,"GCL","fence count"
1950,"08-Aug",30,"GCL","fence count"
1950,"09-Aug",6,"GCL","fence count"
1950,"10-Aug",11,"GCL","fence count"
1950,"11-Aug",5,"GCL","fence count"
1950,"12-Aug",0,"GCL","fence count"
1950,"13-Aug",3,"GCL","fence count"
1950,"14-Aug",0,"GCL","fence count"
1950,"15-Aug",14,"GCL","fence count"
1950,"16-Aug",11,"GCL","fence count"
1950,"17-Aug",0,"GCL","fence count"
1950,"18-Aug",2,"GCL","fence count"
1950,"19-Aug",5,"GCL","fence count"
1950,"20-Aug",0,"GCL","fence count"
1950,"21-Aug",0,"GCL","fence count"
1950,"22-Aug",0,"GCL","fence count"
1950,"23-Aug",0,"GCL","fence count"
1950,"24-Aug",0,"GCL","fence count"
1950,"25-Aug",0,"GCL","fence count"
1950,"26-Aug",0,"GCL","fence count"
1950,"27-Aug",0,"GCL","fence count"
1950,"28-Aug",0,"GCL","fence count"
1950,"29-Aug",0,"GCL","fence count"
1950,"30-Aug",0,"GCL","fence count"
1950,"31-Aug",0,"GCL","fence count"
1950,"01-Sep",0,"GCL","fence count"
1950,"02-Sep",0,"GCL","fence count"
1950,"03-Sep",0,"GCL","fence count"
1950,"04-Sep",0,"GCL","fence count"
1950,"05-Sep",0,"GCL","fence count"
1950,"06-Sep",0,"GCL","fence count"
1950,"07-Sep",0,"GCL","fence count"
1950,"08-Sep",0,"GCL","fence count"
1950,"09-Sep",0,"GCL","fence count"
1950,"10-Sep",0,"GCL","fence count"
1950,"11-Sep",0,"GCL","fence count"
1950,"12-Sep",0,"GCL","fence count"
1950,"13-Sep",0,"GCL","fence count"
1950,"14-Sep",0,"GCL","fence count"
1950,"15-Sep",0,"GCL","fence count"
1950,"16-Sep",0,"GCL","fence count"
1950,"17-Sep",0,"GCL","fence count"
1950,"18-Sep",0,"GCL","fence count"
1950,"19-Sep",0,"GCL","fence count"
1950,"20-Sep",0,"GCL","fence count"
1950,"21-Sep",0,"GCL","fence count"
1950,"22-Sep",0,"GCL","fence count"
1950,"23-Sep",0,"GCL","fence count"
1950,"24-Sep",0,"GCL","fence count"
1950,"25-Sep",0,"GCL","fence count"
1950,"26-Sep",0,"GCL","fence count"
1950,"27-Sep",0,"GCL","fence count"
1950,"28-Sep",0,"GCL","fence count"
1950,"29-Sep",0,"GCL","fence count"
1950,"30-Sep",0,"GCL","fence count"
1950,"01-Oct",0,"GCL","fence count"
1950,"02-Oct",0,"GCL","fence count"
1950,"03-Oct",0,"GCL","fence count"
1950,"04-Oct",0,"GCL","fence count"
1950,"05-Oct",0,"GCL","fence count"
1950,"06-Oct",0,"GCL","fence count"
1950,"07-Oct",0,"GCL","fence count"
1950,"08-Oct",0,"GCL","fence count"
1950,"09-Oct",0,"GCL","fence count"
1950,"10-Oct",0,"GCL","fence count"
1950,"11-Oct",0,"GCL","fence count"
1950,"12-Oct",0,"GCL","fence count"
1950,"13-Oct",0,"GCL","fence count"
1950,"14-Oct",0,"GCL","fence count"
1950,"15-Oct",0,"GCL","fence count"
1950,"16-Oct",0,"GCL","fence count"
1950,"17-Oct",0,"GCL","fence count"
1950,"18-Oct",0,"GCL","fence count"
1950,"19-Oct",0,"GCL","fence count"
1950,"20-Oct",0,"GCL","fence count"
1950,"21-Oct",0,"GCL","fence count"
1950,"22-Oct",0,"GCL","fence count"
1950,"23-Oct",0,"GCL","fence count"
1950,"24-Oct",0,"GCL","fence count"
1950,"25-Oct",0,"GCL","fence count"
1951,"07-Jun",42,"GCL","fence count"
1951,"08-Jun",198,"GCL","fence count"
1951,"09-Jun",829,"GCL","fence count"
1951,"10-Jun",410,"GCL","fence count"
1951,"11-Jun",403,"GCL","fence count"
1951,"12-Jun",1240,"GCL","fence count"
1951,"13-Jun",640,"GCL","fence count"
1951,"14-Jun",1883,"GCL","fence count"
1951,"15-Jun",2187,"GCL","fence count"
1951,"16-Jun",1646,"GCL","fence count"
1951,"17-Jun",683,"GCL","fence count"
1951,"18-Jun",635,"GCL","fence count"
1951,"19-Jun",587,"GCL","fence count"
1951,"20-Jun",266,"GCL","fence count"
1951,"21-Jun",354,"GCL","fence count"
1951,"22-Jun",476,"GCL","fence count"
1951,"23-Jun",913,"GCL","fence count"
1951,"24-Jun",848,"GCL","fence count"
1951,"25-Jun",597,"GCL","fence count"
1951,"26-Jun",5878,"GCL","fence count"
1951,"27-Jun",2682,"GCL","fence count"
1951,"28-Jun",4131,"GCL","fence count"
1951,"29-Jun",5580,"GCL","fence count"
1951,"30-Jun",3272,"GCL","fence count"
1951,"01-Jul",2349,"GCL","fence count"
1951,"02-Jul",843,"GCL","fence count"
1951,"03-Jul",1159,"GCL","fence count"
1951,"04-Jul",703,"GCL","fence count"
1951,"05-Jul",247,"GCL","fence count"
1951,"06-Jul",1118,"GCL","fence count"
1951,"07-Jul",750,"GCL","fence count"
1951,"08-Jul",1321,"GCL","fence count"
1951,"09-Jul",2145,"GCL","fence count"
1951,"10-Jul",2465,"GCL","fence count"
1951,"11-Jul",2219,"GCL","fence count"
1951,"12-Jul",2145,"GCL","fence count"
1951,"13-Jul",2071,"GCL","fence count"
1951,"14-Jul",1188,"GCL","fence count"
1951,"15-Jul",508,"GCL","fence count"
1951,"16-Jul",375,"GCL","fence count"
1951,"17-Jul",314,"GCL","fence count"
1951,"18-Jul",246,"GCL","fence count"
1951,"19-Jul",178,"GCL","fence count"
1951,"20-Jul",138,"GCL","fence count"
1951,"21-Jul",99,"GCL","fence count"
1951,"22-Jul",74,"GCL","fence count"
1951,"23-Jul",72,"GCL","fence count"
1951,"24-Jul",60,"GCL","fence count"
1951,"25-Jul",51,"GCL","fence count"
1951,"26-Jul",42,"GCL","fence count"
1951,"27-Jul",102,"GCL","fence count"
1951,"28-Jul",162,"GCL","fence count"
1951,"29-Jul",122,"GCL","fence count"
1951,"30-Jul",82,"GCL","fence count"
1951,"31-Jul",42,"GCL","fence count"
1951,"01-Aug",30,"GCL","fence count"
1951,"02-Aug",18,"GCL","fence count"
1951,"03-Aug",17,"GCL","fence count"
1951,"04-Aug",17,"GCL","fence count"
1951,"05-Aug",16,"GCL","fence count"
1951,"06-Aug",16,"GCL","fence count"
1951,"07-Aug",15,"GCL","fence count"
1951,"08-Aug",15,"GCL","fence count"
1951,"09-Aug",14,"GCL","fence count"
1951,"10-Aug",13,"GCL","fence count"
1951,"11-Aug",13,"GCL","fence count"
1951,"12-Aug",12,"GCL","fence count"
1951,"13-Aug",12,"GCL","fence count"
1951,"14-Aug",11,"GCL","fence count"
1951,"15-Aug",10,"GCL","fence count"
1951,"16-Aug",10,"GCL","fence count"
1951,"17-Aug",9,"GCL","fence count"
1951,"18-Aug",9,"GCL","fence count"
1951,"19-Aug",8,"GCL","fence count"
1951,"20-Aug",8,"GCL","fence count"
1951,"21-Aug",7,"GCL","fence count"
1951,"22-Aug",6,"GCL","fence count"
1951,"23-Aug",6,"GCL","fence count"
1951,"24-Aug",5,"GCL","fence count"
1951,"25-Aug",5,"GCL","fence count"
1951,"26-Aug",4,"GCL","fence count"
1951,"27-Aug",3,"GCL","fence count"
1951,"28-Aug",3,"GCL","fence count"
1951,"29-Aug",2,"GCL","fence count"
1951,"30-Aug",2,"GCL","fence count"
1951,"31-Aug",1,"GCL","fence count"
1951,"01-Sep",1,"GCL","fence count"
1951,"02-Sep",0,"GCL","fence count"
1951,"03-Sep",0,"GCL","fence count"
1951,"04-Sep",0,"GCL","fence count"
1951,"05-Sep",0,"GCL","fence count"
1951,"06-Sep",0,"GCL","fence count"
1951,"07-Sep",0,"GCL","fence count"
1951,"08-Sep",0,"GCL","fence count"
1951,"09-Sep",0,"GCL","fence count"
1951,"10-Sep",0,"GCL","fence count"
1951,"11-Sep",0,"GCL","fence count"
1951,"12-Sep",0,"GCL","fence count"
1951,"13-Sep",0,"GCL","fence count"
1951,"14-Sep",0,"GCL","fence count"
1951,"15-Sep",0,"GCL","fence count"
1951,"16-Sep",0,"GCL","fence count"
1951,"17-Sep",0,"GCL","fence count"
1951,"18-Sep",0,"GCL","fence count"
1951,"19-Sep",0,"GCL","fence count"
1951,"20-Sep",0,"GCL","fence count"
1951,"21-Sep",0,"GCL","fence count"
1951,"22-Sep",0,"GCL","fence count"
1951,"23-Sep",0,"GCL","fence count"
1951,"24-Sep",0,"GCL","fence count"
1951,"25-Sep",0,"GCL","fence count"
1951,"26-Sep",0,"GCL","fence count"
1951,"27-Sep",0,"GCL","fence count"
1951,"28-Sep",0,"GCL","fence count"
1951,"29-Sep",0,"GCL","fence count"
1951,"30-Sep",0,"GCL","fence count"
1951,"01-Oct",0,"GCL","fence count"
1951,"02-Oct",0,"GCL","fence count"
1951,"03-Oct",0,"GCL","fence count"
1951,"04-Oct",0,"GCL","fence count"
1951,"05-Oct",0,"GCL","fence count"
1951,"06-Oct",0,"GCL","fence count"
1951,"07-Oct",0,"GCL","fence count"
1951,"08-Oct",0,"GCL","fence count"
1951,"09-Oct",0,"GCL","fence count"
1951,"10-Oct",0,"GCL","fence count"
1951,"11-Oct",0,"GCL","fence count"
1951,"12-Oct",0,"GCL","fence count"
1951,"13-Oct",0,"GCL","fence count"
1951,"14-Oct",0,"GCL","fence count"
1951,"15-Oct",0,"GCL","fence count"
1951,"16-Oct",0,"GCL","fence count"
1951,"17-Oct",0,"GCL","fence count"
1951,"18-Oct",0,"GCL","fence count"
1951,"19-Oct",0,"GCL","fence count"
1951,"20-Oct",0,"GCL","fence count"
1951,"21-Oct",0,"GCL","fence count"
1951,"22-Oct",0,"GCL","fence count"
1951,"23-Oct",0,"GCL","fence count"
1951,"24-Oct",0,"GCL","fence count"
1951,"25-Oct",0,"GCL","fence count"
1951,"26-Oct",0,"GCL","fence count"
1951,"27-Oct",0,"GCL","fence count"
1951,"28-Oct",0,"GCL","fence count"
1951,"29-Oct",0,"GCL","fence count"
1951,"30-Oct",0,"GCL","fence count"
1951,"31-Oct",0,"GCL","fence count"
1951,"01-Nov",0,"GCL","fence count"
1951,"02-Nov",0,"GCL","fence count"
1951,"03-Nov",0,"GCL","fence count"
1951,"04-Nov",0,"GCL","fence count"
1951,"05-Nov",0,"GCL","fence count"
1951,"06-Nov",0,"GCL","fence count"
1951,"07-Nov",0,"GCL","fence count"
1952,"21-Jul",46,"GCL","fence count"
1952,"22-Jul",111,"GCL","fence count"
1952,"23-Jul",775,"GCL","fence count"
1952,"24-Jul",433,"GCL","fence count"
1952,"25-Jul",254,"GCL","fence count"
1952,"26-Jul",208,"GCL","fence count"
1952,"27-Jul",155,"GCL","fence count"
1952,"28-Jul",101,"GCL","fence count"
1952,"29-Jul",65,"GCL","fence count"
1952,"30-Jul",37,"GCL","fence count"
1952,"31-Jul",14,"GCL","fence count"
1952,"01-Aug",14,"GCL","fence count"
1952,"02-Aug",46,"GCL","fence count"
1952,"03-Aug",43,"GCL","fence count"
1952,"04-Aug",39,"GCL","fence count"
1952,"05-Aug",36,"GCL","fence count"
1952,"06-Aug",48,"GCL","fence count"
1952,"07-Aug",24,"GCL","fence count"
1952,"08-Aug",23,"GCL","fence count"
1952,"09-Aug",21,"GCL","fence count"
1952,"10-Aug",20,"GCL","fence count"
1952,"11-Aug",18,"GCL","fence count"
1952,"12-Aug",17,"GCL","fence count"
1952,"13-Aug",15,"GCL","fence count"
1952,"14-Aug",14,"GCL","fence count"
1952,"15-Aug",12,"GCL","fence count"
1952,"16-Aug",11,"GCL","fence count"
1952,"17-Aug",9,"GCL","fence count"
1952,"18-Aug",8,"GCL","fence count"
1952,"19-Aug",6,"GCL","fence count"
1952,"20-Aug",5,"GCL","fence count"
1952,"21-Aug",3,"GCL","fence count"
1952,"22-Aug",2,"GCL","fence count"
1952,"23-Aug",0,"GCL","fence count"
1952,"24-Aug",0,"GCL","fence count"
1952,"25-Aug",0,"GCL","fence count"
1952,"26-Aug",0,"GCL","fence count"
1952,"27-Aug",0,"GCL","fence count"
1952,"28-Aug",0,"GCL","fence count"
1952,"29-Aug",0,"GCL","fence count"
1952,"30-Aug",0,"GCL","fence count"
1952,"31-Aug",0,"GCL","fence count"
1952,"01-Sep",0,"GCL","fence count"
1952,"02-Sep",0,"GCL","fence count"
1952,"03-Sep",0,"GCL","fence count"
1952,"04-Sep",0,"GCL","fence count"
1952,"05-Sep",0,"GCL","fence count"
1952,"06-Sep",0,"GCL","fence count"
1952,"07-Sep",0,"GCL","fence count"
1952,"08-Sep",0,"GCL","fence count"
1952,"09-Sep",0,"GCL","fence count"
1952,"10-Sep",0,"GCL","fence count"
1952,"11-Sep",0,"GCL","fence count"
1952,"12-Sep",0,"GCL","fence count"
1952,"13-Sep",0,"GCL","fence count"
1952,"14-Sep",0,"GCL","fence count"
1952,"15-Sep",0,"GCL","fence count"
1952,"16-Sep",0,"GCL","fence count"
1952,"17-Sep",0,"GCL","fence count"
1952,"18-Sep",0,"GCL","fence count"
1952,"19-Sep",0,"GCL","fence count"
1952,"20-Sep",0,"GCL","fence count"
1952,"21-Sep",0,"GCL","fence count"
1952,"22-Sep",0,"GCL","fence count"
1952,"23-Sep",0,"GCL","fence count"
1952,"24-Sep",0,"GCL","fence count"
1952,"25-Sep",0,"GCL","fence count"
1952,"26-Sep",0,"GCL","fence count"
1952,"27-Sep",0,"GCL","fence count"
1952,"28-Sep",0,"GCL","fence count"
1952,"29-Sep",0,"GCL","fence count"
1952,"30-Sep",0,"GCL","fence count"
1952,"01-Oct",0,"GCL","fence count"
1952,"02-Oct",0,"GCL","fence count"
1952,"03-Oct",0,"GCL","fence count"
1952,"04-Oct",0,"GCL","fence count"
1952,"05-Oct",0,"GCL","fence count"
1952,"06-Oct",0,"GCL","fence count"
1952,"07-Oct",0,"GCL","fence count"
1952,"08-Oct",0,"GCL","fence count"
1952,"09-Oct",0,"GCL","fence count"
1952,"10-Oct",0,"GCL","fence count"
1952,"11-Oct",0,"GCL","fence count"
1952,"12-Oct",0,"GCL","fence count"
1952,"13-Oct",0,"GCL","fence count"
1952,"14-Oct",0,"GCL","fence count"
1952,"15-Oct",0,"GCL","fence count"
1952,"16-Oct",0,"GCL","fence count"
1952,"17-Oct",0,"GCL","fence count"
1952,"18-Oct",0,"GCL","fence count"
1952,"19-Oct",0,"GCL","fence count"
1952,"20-Oct",0,"GCL","fence count"
1952,"21-Oct",0,"GCL","fence count"
1952,"22-Oct",0,"GCL","fence count"
1952,"23-Oct",0,"GCL","fence count"
1952,"24-Oct",0,"GCL","fence count"
1952,"25-Oct",0,"GCL","fence count"
1952,"26-Oct",0,"GCL","fence count"
1952,"27-Oct",0,"GCL","fence count"
1952,"28-Oct",0,"GCL","fence count"
1952,"29-Oct",0,"GCL","fence count"
1952,"30-Oct",0,"GCL","fence count"
1952,"31-Oct",0,"GCL","fence count"
1952,"01-Nov",0,"GCL","fence count"
1952,"02-Nov",0,"GCL","fence count"
1952,"03-Nov",0,"GCL","fence count"
1952,"04-Nov",0,"GCL","fence count"
1953,"22-Jun",180,"GCL","fence count"
1953,"23-Jun",913,"GCL","fence count"
1953,"24-Jun",1716,"GCL","fence count"
1953,"25-Jun",1619,"GCL","fence count"
1953,"26-Jun",1444,"GCL","fence count"
1953,"27-Jun",1762,"GCL","fence count"
1953,"28-Jun",1432,"GCL","fence count"
1953,"29-Jun",1102,"GCL","fence count"
1953,"30-Jun",2083,"GCL","fence count"
1953,"01-Jul",3023,"GCL","fence count"
1953,"02-Jul",3205,"GCL","fence count"
1953,"03-Jul",3573,"GCL","fence count"
1953,"04-Jul",5394,"GCL","fence count"
1953,"05-Jul",4655,"GCL","fence count"
1953,"06-Jul",2021,"GCL","fence count"
1953,"07-Jul",1503,"GCL","fence count"
1953,"08-Jul",531,"GCL","fence count"
1953,"09-Jul",641,"GCL","fence count"
1953,"10-Jul",33,"GCL","fence count"
1953,"11-Jul",216,"GCL","fence count"
1953,"12-Jul",0,"GCL","fence count"
1953,"13-Jul",265,"GCL","fence count"
1953,"14-Jul",272,"GCL","fence count"
1953,"15-Jul",278,"GCL","fence count"
1953,"16-Jul",285,"GCL","fence count"
1953,"17-Jul",292,"GCL","fence count"
1953,"18-Jul",298,"GCL","fence count"
1953,"19-Jul",911,"GCL","fence count"
1953,"20-Jul",594,"GCL","fence count"
1953,"21-Jul",476,"GCL","fence count"
1953,"22-Jul",539,"GCL","fence count"
1953,"23-Jul",806,"GCL","fence count"
1953,"24-Jul",341,"GCL","fence count"
1953,"25-Jul",167,"GCL","fence count"
1953,"26-Jul",162,"GCL","fence count"
1953,"27-Jul",156,"GCL","fence count"
1953,"28-Jul",151,"GCL","fence count"
1953,"29-Jul",146,"GCL","fence count"
1953,"30-Jul",141,"GCL","fence count"
1953,"31-Jul",136,"GCL","fence count"
1953,"01-Aug",130,"GCL","fence count"
1953,"02-Aug",125,"GCL","fence count"
1953,"03-Aug",120,"GCL","fence count"
1953,"04-Aug",115,"GCL","fence count"
1953,"05-Aug",109,"GCL","fence count"
1953,"06-Aug",104,"GCL","fence count"
1953,"07-Aug",99,"GCL","fence count"
1953,"08-Aug",94,"GCL","fence count"
1953,"09-Aug",89,"GCL","fence count"
1953,"10-Aug",83,"GCL","fence count"
1953,"11-Aug",78,"GCL","fence count"
1953,"12-Aug",73,"GCL","fence count"
1953,"13-Aug",68,"GCL","fence count"
1953,"14-Aug",63,"GCL","fence count"
1953,"15-Aug",57,"GCL","fence count"
1953,"16-Aug",52,"GCL","fence count"
1953,"17-Aug",47,"GCL","fence count"
1953,"18-Aug",42,"GCL","fence count"
1953,"19-Aug",36,"GCL","fence count"
1953,"20-Aug",31,"GCL","fence count"
1953,"21-Aug",26,"GCL","fence count"
1953,"22-Aug",21,"GCL","fence count"
1953,"23-Aug",16,"GCL","fence count"
1953,"24-Aug",10,"GCL","fence count"
1953,"25-Aug",5,"GCL","fence count"
1953,"26-Aug",0,"GCL","fence count"
1953,"27-Aug",0,"GCL","fence count"
1953,"28-Aug",0,"GCL","fence count"
1953,"29-Aug",0,"GCL","fence count"
1953,"30-Aug",0,"GCL","fence count"
1953,"31-Aug",0,"GCL","fence count"
1953,"01-Sep",0,"GCL","fence count"
1953,"02-Sep",0,"GCL","fence count"
1953,"03-Sep",0,"GCL","fence count"
1953,"04-Sep",0,"GCL","fence count"
1953,"05-Sep",0,"GCL","fence count"
1953,"06-Sep",0,"GCL","fence count"
1953,"07-Sep",0,"GCL","fence count"
1953,"08-Sep",0,"GCL","fence count"
1953,"09-Sep",0,"GCL","fence count"
1953,"10-Sep",0,"GCL","fence count"
1953,"11-Sep",0,"GCL","fence count"
1953,"12-Sep",0,"GCL","fence count"
1953,"13-Sep",0,"GCL","fence count"
1953,"14-Sep",0,"GCL","fence count"
1953,"15-Sep",0,"GCL","fence count"
1953,"16-Sep",0,"GCL","fence count"
1953,"17-Sep",0,"GCL","fence count"
1953,"18-Sep",0,"GCL","fence count"
1953,"19-Sep",0,"GCL","fence count"
1953,"20-Sep",0,"GCL","fence count"
1953,"21-Sep",0,"GCL","fence count"
1953,"22-Sep",0,"GCL","fence count"
1953,"23-Sep",0,"GCL","fence count"
1953,"24-Sep",0,"GCL","fence count"
1953,"25-Sep",0,"GCL","fence count"
1953,"26-Sep",0,"GCL","fence count"
1953,"27-Sep",0,"GCL","fence count"
1953,"28-Sep",0,"GCL","fence count"
1953,"29-Sep",0,"GCL","fence count"
1953,"30-Sep",0,"GCL","fence count"
1953,"01-Oct",0,"GCL","fence count"
1953,"02-Oct",0,"GCL","fence count"
1953,"03-Oct",0,"GCL","fence count"
1953,"04-Oct",0,"GCL","fence count"
1953,"05-Oct",0,"GCL","fence count"
1953,"06-Oct",0,"GCL","fence count"
1953,"07-Oct",0,"GCL","fence count"
1953,"08-Oct",0,"GCL","fence count"
1953,"09-Oct",0,"GCL","fence count"
1953,"10-Oct",0,"GCL","fence count"
1953,"11-Oct",0,"GCL","fence count"
1953,"12-Oct",0,"GCL","fence count"
1953,"13-Oct",0,"GCL","fence count"
1953,"14-Oct",0,"GCL","fence count"
1953,"15-Oct",0,"GCL","fence count"
1953,"16-Oct",0,"GCL","fence count"
1953,"17-Oct",0,"GCL","fence count"
1953,"18-Oct",0,"GCL","fence count"
1953,"19-Oct",0,"GCL","fence count"
1953,"20-Oct",0,"GCL","fence count"
1953,"21-Oct",0,"GCL","fence count"
1953,"22-Oct",0,"GCL","fence count"
1953,"23-Oct",0,"GCL","fence count"
1953,"24-Oct",0,"GCL","fence count"
1953,"25-Oct",0,"GCL","fence count"
1953,"26-Oct",0,"GCL","fence count"
1953,"27-Oct",0,"GCL","fence count"
1953,"28-Oct",0,"GCL","fence count"
1953,"29-Oct",0,"GCL","fence count"
1953,"30-Oct",0,"GCL","fence count"
1953,"31-Oct",0,"GCL","fence count"
1954,"13-Jun",426,"GCL","fence count"
1954,"14-Jun",126,"GCL","fence count"
1954,"15-Jun",192,"GCL","fence count"
1954,"16-Jun",153,"GCL","fence count"
1954,"17-Jun",115,"GCL","fence count"
1954,"18-Jun",76,"GCL","fence count"
1954,"19-Jun",477,"GCL","fence count"
1954,"20-Jun",164,"GCL","fence count"
1954,"21-Jun",252,"GCL","fence count"
1954,"22-Jun",339,"GCL","fence count"
1954,"23-Jun",427,"GCL","fence count"
1954,"24-Jun",515,"GCL","fence count"
1954,"25-Jun",690,"GCL","fence count"
1954,"26-Jun",1034,"GCL","fence count"
1954,"27-Jun",850,"GCL","fence count"
1954,"28-Jun",542,"GCL","fence count"
1954,"29-Jun",789,"GCL","fence count"
1954,"30-Jun",974,"GCL","fence count"
1954,"01-Jul",1270,"GCL","fence count"
1954,"02-Jul",689,"GCL","fence count"
1954,"03-Jul",317,"GCL","fence count"
1954,"04-Jul",662,"GCL","fence count"
1954,"05-Jul",590,"GCL","fence count"
1954,"06-Jul",1315,"GCL","fence count"
1954,"07-Jul",745,"GCL","fence count"
1954,"08-Jul",702,"GCL","fence count"
1954,"09-Jul",421,"GCL","fence count"
1954,"10-Jul",633,"GCL","fence count"
1954,"11-Jul",553,"GCL","fence count"
1954,"12-Jul",496,"GCL","fence count"
1954,"13-Jul",439,"GCL","fence count"
1954,"14-Jul",382,"GCL","fence count"
1954,"15-Jul",326,"GCL","fence count"
1954,"16-Jul",269,"GCL","fence count"
1954,"17-Jul",260,"GCL","fence count"
1954,"18-Jul",167,"GCL","fence count"
1954,"19-Jul",617,"GCL","fence count"
1954,"20-Jul",568,"GCL","fence count"
1954,"21-Jul",645,"GCL","fence count"
1954,"22-Jul",905,"GCL","fence count"
1954,"23-Jul",571,"GCL","fence count"
1954,"24-Jul",300,"GCL","fence count"
1954,"25-Jul",158,"GCL","fence count"
1954,"26-Jul",47,"GCL","fence count"
1954,"27-Jul",17,"GCL","fence count"
1954,"28-Jul",17,"GCL","fence count"
1954,"29-Jul",16,"GCL","fence count"
1954,"30-Jul",16,"GCL","fence count"
1954,"31-Jul",15,"GCL","fence count"
1954,"01-Aug",14,"GCL","fence count"
1954,"02-Aug",14,"GCL","fence count"
1954,"03-Aug",13,"GCL","fence count"
1954,"04-Aug",12,"GCL","fence count"
1954,"05-Aug",12,"GCL","fence count"
1954,"06-Aug",11,"GCL","fence count"
1954,"07-Aug",10,"GCL","fence count"
1954,"08-Aug",10,"GCL","fence count"
1954,"09-Aug",9,"GCL","fence count"
1954,"10-Aug",8,"GCL","fence count"
1954,"11-Aug",8,"GCL","fence count"
1954,"12-Aug",7,"GCL","fence count"
1954,"13-Aug",6,"GCL","fence count"
1954,"14-Aug",6,"GCL","fence count"
1954,"15-Aug",5,"GCL","fence count"
1954,"16-Aug",5,"GCL","fence count"
1954,"17-Aug",4,"GCL","fence count"
1954,"18-Aug",3,"GCL","fence count"
1954,"19-Aug",3,"GCL","fence count"
1954,"20-Aug",2,"GCL","fence count"
1954,"21-Aug",1,"GCL","fence count"
1954,"22-Aug",1,"GCL","fence count"
1954,"23-Aug",0,"GCL","fence count"
1954,"24-Aug",0,"GCL","fence count"
1954,"25-Aug",0,"GCL","fence count"
1954,"26-Aug",0,"GCL","fence count"
1954,"27-Aug",0,"GCL","fence count"
1954,"28-Aug",0,"GCL","fence count"
1954,"29-Aug",0,"GCL","fence count"
1954,"30-Aug",0,"GCL","fence count"
1954,"31-Aug",0,"GCL","fence count"
1954,"01-Sep",0,"GCL","fence count"
1954,"02-Sep",0,"GCL","fence count"
1954,"03-Sep",0,"GCL","fence count"
1954,"04-Sep",0,"GCL","fence count"
1954,"05-Sep",0,"GCL","fence count"
1954,"06-Sep",0,"GCL","fence count"
1954,"07-Sep",0,"GCL","fence count"
1954,"08-Sep",0,"GCL","fence count"
1954,"09-Sep",0,"GCL","fence count"
1954,"10-Sep",0,"GCL","fence count"
1954,"11-Sep",0,"GCL","fence count"
1954,"12-Sep",0,"GCL","fence count"
1954,"13-Sep",0,"GCL","fence count"
1954,"14-Sep",0,"GCL","fence count"
1954,"15-Sep",0,"GCL","fence count"
1954,"16-Sep",0,"GCL","fence count"
1954,"17-Sep",0,"GCL","fence count"
1954,"18-Sep",0,"GCL","fence count"
1954,"19-Sep",0,"GCL","fence count"
1954,"20-Sep",0,"GCL","fence count"
1954,"21-Sep",0,"GCL","fence count"
1954,"22-Sep",0,"GCL","fence count"
1954,"23-Sep",0,"GCL","fence count"
1954,"24-Sep",0,"GCL","fence count"
1954,"25-Sep",0,"GCL","fence count"
1954,"26-Sep",0,"GCL","fence count"
1954,"27-Sep",0,"GCL","fence count"
1954,"28-Sep",0,"GCL","fence count"
1954,"29-Sep",0,"GCL","fence count"
1954,"30-Sep",0,"GCL","fence count"
1954,"01-Oct",0,"GCL","fence count"
1954,"02-Oct",0,"GCL","fence count"
1954,"03-Oct",0,"GCL","fence count"
1954,"04-Oct",0,"GCL","fence count"
1954,"05-Oct",0,"GCL","fence count"
1954,"06-Oct",0,"GCL","fence count"
1954,"07-Oct",0,"GCL","fence count"
1954,"08-Oct",0,"GCL","fence count"
1954,"09-Oct",0,"GCL","fence count"
1954,"10-Oct",0,"GCL","fence count"
1954,"11-Oct",0,"GCL","fence count"
1954,"12-Oct",0,"GCL","fence count"
1954,"13-Oct",0,"GCL","fence count"
1954,"14-Oct",0,"GCL","fence count"
1954,"15-Oct",0,"GCL","fence count"
1954,"16-Oct",0,"GCL","fence count"
1954,"17-Oct",0,"GCL","fence count"
1954,"18-Oct",0,"GCL","fence count"
1954,"19-Oct",0,"GCL","fence count"
1954,"20-Oct",0,"GCL","fence count"
1954,"21-Oct",0,"GCL","fence count"
1954,"22-Oct",0,"GCL","fence count"
1954,"23-Oct",0,"GCL","fence count"
1954,"24-Oct",0,"GCL","fence count"
1954,"25-Oct",0,"GCL","fence count"
1954,"26-Oct",0,"GCL","fence count"
1954,"27-Oct",0,"GCL","fence count"
1954,"28-Oct",0,"GCL","fence count"
1954,"29-Oct",0,"GCL","fence count"
1954,"30-Oct",0,"GCL","fence count"
1954,"31-Oct",0,"GCL","fence count"
1954,"01-Nov",0,"GCL","fence count"
1954,"02-Nov",0,"GCL","fence count"
1955,"20-Jun",176,"GCL","fence count"
1955,"21-Jun",506,"GCL","fence count"
1955,"22-Jun",132,"GCL","fence count"
1955,"23-Jun",210,"GCL","fence count"
1955,"24-Jun",173,"GCL","fence count"
1955,"25-Jun",149,"GCL","fence count"
1955,"26-Jun",124,"GCL","fence count"
1955,"27-Jun",99,"GCL","fence count"
1955,"28-Jun",75,"GCL","fence count"
1955,"29-Jun",78,"GCL","fence count"
1955,"30-Jun",205,"GCL","fence count"
1955,"01-Jul",394,"GCL","fence count"
1955,"02-Jul",262,"GCL","fence count"
1955,"03-Jul",231,"GCL","fence count"
1955,"04-Jul",318,"GCL","fence count"
1955,"05-Jul",802,"GCL","fence count"
1955,"06-Jul",188,"GCL","fence count"
1955,"07-Jul",183,"GCL","fence count"
1955,"08-Jul",772,"GCL","fence count"
1955,"09-Jul",551,"GCL","fence count"
1955,"10-Jul",824,"GCL","fence count"
1955,"11-Jul",391,"GCL","fence count"
1955,"12-Jul",1069,"GCL","fence count"
1955,"13-Jul",666,"GCL","fence count"
1955,"14-Jul",299,"GCL","fence count"
1955,"15-Jul",1290,"GCL","fence count"
1955,"16-Jul",516,"GCL","fence count"
1955,"17-Jul",279,"GCL","fence count"
1955,"18-Jul",246,"GCL","fence count"
1955,"19-Jul",349,"GCL","fence count"
1955,"20-Jul",96,"GCL","fence count"
1955,"21-Jul",323,"GCL","fence count"
1955,"22-Jul",302,"GCL","fence count"
1955,"23-Jul",201,"GCL","fence count"
1955,"24-Jul",228,"GCL","fence count"
1955,"25-Jul",0,"GCL","fence count"
1955,"26-Jul",0,"GCL","fence count"
1955,"27-Jul",0,"GCL","fence count"
1955,"28-Jul",0,"GCL","fence count"
1955,"29-Jul",0,"GCL","fence count"
1955,"30-Jul",0,"GCL","fence count"
1955,"31-Jul",0,"GCL","fence count"
1955,"01-Aug",0,"GCL","fence count"
1955,"02-Aug",0,"GCL","fence count"
1955,"03-Aug",0,"GCL","fence count"
1955,"04-Aug",0,"GCL","fence count"
1955,"05-Aug",0,"GCL","fence count"
1955,"06-Aug",0,"GCL","fence count"
1955,"07-Aug",0,"GCL","fence count"
1955,"08-Aug",0,"GCL","fence count"
1955,"09-Aug",0,"GCL","fence count"
1955,"10-Aug",0,"GCL","fence count"
1955,"11-Aug",0,"GCL","fence count"
1955,"12-Aug",0,"GCL","fence count"
1955,"13-Aug",0,"GCL","fence count"
1955,"14-Aug",0,"GCL","fence count"
1955,"15-Aug",0,"GCL","fence count"
1955,"16-Aug",0,"GCL","fence count"
1955,"17-Aug",0,"GCL","fence count"
1955,"18-Aug",0,"GCL","fence count"
1955,"19-Aug",0,"GCL","fence count"
1955,"20-Aug",0,"GCL","fence count"
1955,"21-Aug",0,"GCL","fence count"
1955,"22-Aug",0,"GCL","fence count"
1955,"23-Aug",0,"GCL","fence count"
1955,"24-Aug",0,"GCL","fence count"
1955,"25-Aug",0,"GCL","fence count"
1955,"26-Aug",0,"GCL","fence count"
1955,"27-Aug",0,"GCL","fence count"
1955,"28-Aug",0,"GCL","fence count"
1955,"29-Aug",0,"GCL","fence count"
1955,"30-Aug",0,"GCL","fence count"
1955,"31-Aug",0,"GCL","fence count"
1955,"01-Sep",0,"GCL","fence count"
1955,"02-Sep",0,"GCL","fence count"
1955,"03-Sep",0,"GCL","fence count"
1955,"04-Sep",0,"GCL","fence count"
1955,"05-Sep",0,"GCL","fence count"
1955,"06-Sep",0,"GCL","fence count"
1955,"07-Sep",0,"GCL","fence count"
1955,"08-Sep",0,"GCL","fence count"
1955,"09-Sep",0,"GCL","fence count"
1955,"10-Sep",0,"GCL","fence count"
1955,"11-Sep",0,"GCL","fence count"
1955,"12-Sep",0,"GCL","fence count"
1955,"13-Sep",0,"GCL","fence count"
1955,"14-Sep",0,"GCL","fence count"
1955,"15-Sep",0,"GCL","fence count"
1955,"16-Sep",0,"GCL","fence count"
1955,"17-Sep",0,"GCL","fence count"
1955,"18-Sep",0,"GCL","fence count"
1955,"19-Sep",0,"GCL","fence count"
1955,"20-Sep",0,"GCL","fence count"
1955,"21-Sep",0,"GCL","fence count"
1955,"22-Sep",0,"GCL","fence count"
1955,"23-Sep",0,"GCL","fence count"
1955,"24-Sep",0,"GCL","fence count"
1955,"25-Sep",0,"GCL","fence count"
1955,"26-Sep",0,"GCL","fence count"
1955,"27-Sep",0,"GCL","fence count"
1955,"28-Sep",0,"GCL","fence count"
1955,"29-Sep",0,"GCL","fence count"
1955,"30-Sep",0,"GCL","fence count"
1955,"01-Oct",0,"GCL","fence count"
1955,"02-Oct",0,"GCL","fence count"
1955,"03-Oct",0,"GCL","fence count"
1955,"04-Oct",0,"GCL","fence count"
1955,"05-Oct",0,"GCL","fence count"
1955,"06-Oct",0,"GCL","fence count"
1955,"07-Oct",0,"GCL","fence count"
1955,"08-Oct",0,"GCL","fence count"
1955,"09-Oct",0,"GCL","fence count"
1955,"10-Oct",0,"GCL","fence count"
1955,"11-Oct",0,"GCL","fence count"
1955,"12-Oct",0,"GCL","fence count"
1955,"13-Oct",0,"GCL","fence count"
1955,"14-Oct",0,"GCL","fence count"
1955,"15-Oct",0,"GCL","fence count"
1955,"16-Oct",0,"GCL","fence count"
1955,"17-Oct",0,"GCL","fence count"
1955,"18-Oct",0,"GCL","fence count"
1955,"19-Oct",0,"GCL","fence count"
1955,"20-Oct",0,"GCL","fence count"
1956,"14-May",0,"GCL","fence count"
1956,"15-May",0,"GCL","fence count"
1956,"16-May",0,"GCL","fence count"
1956,"17-May",0,"GCL","fence count"
1956,"18-May",0,"GCL","fence count"
1956,"19-May",0,"GCL","fence count"
1956,"20-May",0,"GCL","fence count"
1956,"21-May",0,"GCL","fence count"
1956,"22-May",0,"GCL","fence count"
1956,"23-May",0,"GCL","fence count"
1956,"24-May",0,"GCL","fence count"
1956,"25-May",0,"GCL","fence count"
1956,"26-May",0,"GCL","fence count"
1956,"27-May",0,"GCL","fence count"
1956,"28-May",0,"GCL","fence count"
1956,"29-May",0,"GCL","fence count"
1956,"30-May",0,"GCL","fence count"
1956,"31-May",0,"GCL","fence count"
1956,"01-Jun",0,"GCL","fence count"
1956,"02-Jun",0,"GCL","fence count"
1956,"03-Jun",0,"GCL","fence count"
1956,"04-Jun",0,"GCL","fence count"
1956,"05-Jun",0,"GCL","fence count"
1956,"06-Jun",0,"GCL","fence count"
1956,"07-Jun",0,"GCL","fence count"
1956,"08-Jun",0,"GCL","fence count"
1956,"09-Jun",0,"GCL","fence count"
1956,"10-Jun",0,"GCL","fence count"
1956,"11-Jun",0,"GCL","fence count"
1956,"12-Jun",0,"GCL","fence count"
1956,"13-Jun",0,"GCL","fence count"
1956,"14-Jun",0,"GCL","fence count"
1956,"15-Jun",0,"GCL","fence count"
1956,"16-Jun",0,"GCL","fence count"
1956,"17-Jun",0,"GCL","fence count"
1956,"18-Jun",6,"GCL","fence count"
1956,"19-Jun",55,"GCL","fence count"
1956,"20-Jun",0,"GCL","fence count"
1956,"21-Jun",0,"GCL","fence count"
1956,"22-Jun",14,"GCL","fence count"
1956,"23-Jun",0,"GCL","fence count"
1956,"24-Jun",0,"GCL","fence count"
1956,"25-Jun",0,"GCL","fence count"
1956,"26-Jun",0,"GCL","fence count"
1956,"27-Jun",7,"GCL","fence count"
1956,"28-Jun",14,"GCL","fence count"
1956,"29-Jun",31,"GCL","fence count"
1956,"30-Jun",121,"GCL","fence count"
1956,"01-Jul",22,"GCL","fence count"
1956,"02-Jul",4,"GCL","fence count"
1956,"03-Jul",0,"GCL","fence count"
1956,"04-Jul",0,"GCL","fence count"
1956,"05-Jul",0,"GCL","fence count"
1956,"06-Jul",13,"GCL","fence count"
1956,"07-Jul",7,"GCL","fence count"
1956,"08-Jul",0,"GCL","fence count"
1956,"09-Jul",445,"GCL","fence count"
1956,"10-Jul",298,"GCL","fence count"
1956,"11-Jul",182,"GCL","fence count"
1956,"12-Jul",66,"GCL","fence count"
1956,"13-Jul",63,"GCL","fence count"
1956,"14-Jul",917,"GCL","fence count"
1956,"15-Jul",663,"GCL","fence count"
1956,"16-Jul",155,"GCL","fence count"
1956,"17-Jul",0,"GCL","fence count"
1956,"18-Jul",295,"GCL","fence count"
1956,"19-Jul",591,"GCL","fence count"
1956,"20-Jul",320,"GCL","fence count"
1956,"21-Jul",307,"GCL","fence count"
1956,"22-Jul",70,"GCL","fence count"
1956,"23-Jul",42,"GCL","fence count"
1956,"24-Jul",3,"GCL","fence count"
1956,"25-Jul",2,"GCL","fence count"
1956,"26-Jul",0,"GCL","fence count"
1956,"27-Jul",0,"GCL","fence count"
1956,"28-Jul",0,"GCL","fence count"
1956,"29-Jul",3,"GCL","fence count"
1956,"30-Jul",0,"GCL","fence count"
1956,"31-Jul",0,"GCL","fence count"
1956,"01-Aug",12,"GCL","fence count"
1956,"02-Aug",24,"GCL","fence count"
1956,"03-Aug",16,"GCL","fence count"
1956,"04-Aug",12,"GCL","fence count"
1956,"05-Aug",0,"GCL","fence count"
1956,"06-Aug",0,"GCL","fence count"
1956,"07-Aug",5,"GCL","fence count"
1956,"08-Aug",2,"GCL","fence count"
1956,"09-Aug",0,"GCL","fence count"
1956,"10-Aug",0,"GCL","fence count"
1956,"11-Aug",0,"GCL","fence count"
1956,"12-Aug",0,"GCL","fence count"
1956,"13-Aug",0,"GCL","fence count"
1956,"14-Aug",0,"GCL","fence count"
1956,"15-Aug",0,"GCL","fence count"
1956,"16-Aug",0,"GCL","fence count"
1956,"17-Aug",0,"GCL","fence count"
1956,"18-Aug",0,"GCL","fence count"
1956,"19-Aug",24,"GCL","fence count"
1956,"20-Aug",19,"GCL","fence count"
1956,"21-Aug",0,"GCL","fence count"
1956,"22-Aug",9,"GCL","fence count"
1956,"23-Aug",18,"GCL","fence count"
1956,"24-Aug",0,"GCL","fence count"
1956,"25-Aug",0,"GCL","fence count"
1956,"26-Aug",25,"GCL","fence count"
1956,"27-Aug",20,"GCL","fence count"
1956,"28-Aug",16,"GCL","fence count"
1956,"29-Aug",11,"GCL","fence count"
1956,"30-Aug",7,"GCL","fence count"
1956,"31-Aug",2,"GCL","fence count"
1956,"01-Sep",9,"GCL","fence count"
1956,"02-Sep",5,"GCL","fence count"
1956,"03-Sep",0,"GCL","fence count"
1956,"04-Sep",0,"GCL","fence count"
1956,"05-Sep",0,"GCL","fence count"
1956,"06-Sep",0,"GCL","fence count"
1956,"07-Sep",0,"GCL","fence count"
1956,"08-Sep",0,"GCL","fence count"
1956,"09-Sep",0,"GCL","fence count"
1956,"10-Sep",0,"GCL","fence count"
1956,"11-Sep",0,"GCL","fence count"
1956,"12-Sep",0,"GCL","fence count"
1956,"13-Sep",0,"GCL","fence count"
1956,"14-Sep",0,"GCL","fence count"
1956,"15-Sep",0,"GCL","fence count"
1956,"16-Sep",0,"GCL","fence count"
1956,"17-Sep",0,"GCL","fence count"
1956,"18-Sep",0,"GCL","fence count"
1956,"19-Sep",0,"GCL","fence count"
1956,"20-Sep",0,"GCL","fence count"
1956,"21-Sep",0,"GCL","fence count"
1956,"22-Sep",0,"GCL","fence count"
1956,"23-Sep",0,"GCL","fence count"
1956,"24-Sep",0,"GCL","fence count"
1956,"25-Sep",0,"GCL","fence count"
1956,"26-Sep",0,"GCL","fence count"
1956,"27-Sep",0,"GCL","fence count"
1956,"28-Sep",0,"GCL","fence count"
1956,"29-Sep",0,"GCL","fence count"
1956,"30-Sep",0,"GCL","fence count"
1956,"01-Oct",0,"GCL","fence count"
1956,"02-Oct",0,"GCL","fence count"
1956,"03-Oct",0,"GCL","fence count"
1956,"04-Oct",0,"GCL","fence count"
1956,"05-Oct",0,"GCL","fence count"
1956,"06-Oct",0,"GCL","fence count"
1956,"07-Oct",0,"GCL","fence count"
1956,"08-Oct",0,"GCL","fence count"
1956,"09-Oct",0,"GCL","fence count"
1956,"10-Oct",0,"GCL","fence count"
1956,"11-Oct",0,"GCL","fence count"
1956,"12-Oct",0,"GCL","fence count"
1956,"13-Oct",0,"GCL","fence count"
1956,"14-Oct",0,"GCL","fence count"
1956,"15-Oct",0,"GCL","fence count"
1956,"16-Oct",0,"GCL","fence count"
1956,"17-Oct",0,"GCL","fence count"
1956,"18-Oct",0,"GCL","fence count"
1956,"19-Oct",0,"GCL","fence count"
1956,"20-Oct",0,"GCL","fence count"
1956,"21-Oct",0,"GCL","fence count"
1956,"22-Oct",0,"GCL","fence count"
1956,"23-Oct",0,"GCL","fence count"
1956,"24-Oct",0,"GCL","fence count"
1956,"25-Oct",0,"GCL","fence count"
1956,"26-Oct",0,"GCL","fence count"
1956,"27-Oct",0,"GCL","fence count"
1956,"28-Oct",0,"GCL","fence count"
1958,"21-May",60,"GCL","fence count"
1958,"22-May",46,"GCL","fence count"
1958,"23-May",32,"GCL","fence count"
1958,"24-May",11,"GCL","fence count"
1958,"25-May",10,"GCL","fence count"
1958,"26-May",9,"GCL","fence count"
1958,"27-May",5,"GCL","fence count"
1958,"28-May",14,"GCL","fence count"
1958,"29-May",9,"GCL","fence count"
1958,"30-May",21,"GCL","fence count"
1958,"31-May",11,"GCL","fence count"
1958,"01-Jun",114,"GCL","fence count"
1958,"02-Jun",218,"GCL","fence count"
1958,"03-Jun",321,"GCL","fence count"
1958,"04-Jun",45,"GCL","fence count"
1958,"05-Jun",71,"GCL","fence count"
1958,"06-Jun",151,"GCL","fence count"
1958,"07-Jun",116,"GCL","fence count"
1958,"08-Jun",147,"GCL","fence count"
1958,"09-Jun",179,"GCL","fence count"
1958,"10-Jun",208,"GCL","fence count"
1958,"11-Jun",243,"GCL","fence count"
1958,"12-Jun",256,"GCL","fence count"
1958,"13-Jun",275,"GCL","fence count"
1958,"14-Jun",229,"GCL","fence count"
1958,"15-Jun",168,"GCL","fence count"
1958,"16-Jun",107,"GCL","fence count"
1958,"17-Jun",46,"GCL","fence count"
1958,"18-Jun",41,"GCL","fence count"
1958,"19-Jun",55,"GCL","fence count"
1958,"20-Jun",18,"GCL","fence count"
1958,"21-Jun",5,"GCL","fence count"
1958,"22-Jun",0,"GCL","fence count"
1958,"23-Jun",0,"GCL","fence count"
1958,"24-Jun",0,"GCL","fence count"
1958,"25-Jun",0,"GCL","fence count"
1958,"26-Jun",0,"GCL","fence count"
1958,"27-Jun",11,"GCL","fence count"
1958,"28-Jun",5,"GCL","fence count"
1958,"29-Jun",198,"GCL","fence count"
1958,"30-Jun",392,"GCL","fence count"
1958,"01-Jul",586,"GCL","fence count"
1958,"02-Jul",618,"GCL","fence count"
1958,"03-Jul",307,"GCL","fence count"
1958,"04-Jul",1403,"GCL","fence count"
1958,"05-Jul",1440,"GCL","fence count"
1958,"06-Jul",236,"GCL","fence count"
1958,"07-Jul",64,"GCL","fence count"
1958,"08-Jul",27,"GCL","fence count"
1958,"09-Jul",30,"GCL","fence count"
1958,"10-Jul",11,"GCL","fence count"
1958,"11-Jul",0,"GCL","fence count"
1958,"12-Jul",0,"GCL","fence count"
1958,"13-Jul",0,"GCL","fence count"
1958,"14-Jul",0,"GCL","fence count"
1958,"15-Jul",0,"GCL","fence count"
1958,"16-Jul",0,"GCL","fence count"
1958,"17-Jul",0,"GCL","fence count"
1958,"18-Jul",0,"GCL","fence count"
1958,"19-Jul",7,"GCL","fence count"
1958,"20-Jul",0,"GCL","fence count"
1958,"21-Jul",0,"GCL","fence count"
1958,"22-Jul",0,"GCL","fence count"
1958,"23-Jul",23,"GCL","fence count"
1958,"24-Jul",25,"GCL","fence count"
1958,"25-Jul",0,"GCL","fence count"
1958,"26-Jul",0,"GCL","fence count"
1958,"27-Jul",0,"GCL","fence count"
1958,"28-Jul",0,"GCL","fence count"
1958,"29-Jul",0,"GCL","fence count"
1958,"30-Jul",0,"GCL","fence count"
1958,"31-Jul",0,"GCL","fence count"
1958,"01-Aug",0,"GCL","fence count"
1958,"02-Aug",0,"GCL","fence count"
1958,"03-Aug",0,"GCL","fence count"
1958,"04-Aug",128,"GCL","fence count"
1958,"05-Aug",195,"GCL","fence count"
1958,"06-Aug",460,"GCL","fence count"
1958,"07-Aug",1021,"GCL","fence count"
1958,"08-Aug",1395,"GCL","fence count"
1958,"09-Aug",1770,"GCL","fence count"
1958,"10-Aug",916,"GCL","fence count"
1958,"11-Aug",62,"GCL","fence count"
1958,"12-Aug",144,"GCL","fence count"
1958,"13-Aug",318,"GCL","fence count"
1958,"14-Aug",110,"GCL","fence count"
1958,"15-Aug",60,"GCL","fence count"
1958,"16-Aug",181,"GCL","fence count"
1958,"17-Aug",100,"GCL","fence count"
1958,"18-Aug",20,"GCL","fence count"
1958,"19-Aug",20,"GCL","fence count"
1958,"20-Aug",17,"GCL","fence count"
1958,"21-Aug",17,"GCL","fence count"
1958,"22-Aug",26,"GCL","fence count"
1958,"23-Aug",0,"GCL","fence count"
1958,"24-Aug",0,"GCL","fence count"
1958,"25-Aug",0,"GCL","fence count"
1958,"26-Aug",0,"GCL","fence count"
1958,"27-Aug",0,"GCL","fence count"
1958,"28-Aug",0,"GCL","fence count"
1958,"29-Aug",0,"GCL","fence count"
1958,"30-Aug",1287,"GCL","fence count"
1958,"31-Aug",1212,"GCL","fence count"
1958,"01-Sep",565,"GCL","fence count"
1958,"02-Sep",1826,"GCL","fence count"
1958,"03-Sep",1769,"GCL","fence count"
1958,"04-Sep",1444,"GCL","fence count"
1958,"05-Sep",1889,"GCL","fence count"
1958,"06-Sep",1294,"GCL","fence count"
1958,"07-Sep",1041,"GCL","fence count"
1958,"08-Sep",788,"GCL","fence count"
1958,"09-Sep",535,"GCL","fence count"
1958,"10-Sep",455,"GCL","fence count"
1958,"11-Sep",172,"GCL","fence count"
1958,"12-Sep",370,"GCL","fence count"
1958,"13-Sep",210,"GCL","fence count"
1958,"14-Sep",65,"GCL","fence count"
1958,"15-Sep",285,"GCL","fence count"
1958,"16-Sep",550,"GCL","fence count"
1958,"17-Sep",185,"GCL","fence count"
1958,"18-Sep",140,"GCL","fence count"
1958,"19-Sep",155,"GCL","fence count"
1958,"20-Sep",115,"GCL","fence count"
1958,"21-Sep",102,"GCL","fence count"
1958,"22-Sep",89,"GCL","fence count"
1958,"23-Sep",77,"GCL","fence count"
1958,"24-Sep",64,"GCL","fence count"
1958,"25-Sep",51,"GCL","fence count"
1958,"26-Sep",38,"GCL","fence count"
1958,"27-Sep",26,"GCL","fence count"
1958,"28-Sep",13,"GCL","fence count"
1958,"29-Sep",0,"GCL","fence count"
1958,"30-Sep",0,"GCL","fence count"
1958,"01-Oct",0,"GCL","fence count"
1958,"02-Oct",0,"GCL","fence count"
1958,"03-Oct",0,"GCL","fence count"
1958,"04-Oct",0,"GCL","fence count"
1958,"05-Oct",0,"GCL","fence count"
1958,"06-Oct",0,"GCL","fence count"
1958,"07-Oct",0,"GCL","fence count"
1958,"08-Oct",0,"GCL","fence count"
1958,"09-Oct",0,"GCL","fence count"
1958,"10-Oct",0,"GCL","fence count"
1958,"11-Oct",0,"GCL","fence count"
1958,"12-Oct",0,"GCL","fence count"
1958,"13-Oct",0,"GCL","fence count"
1958,"14-Oct",0,"GCL","fence count"
1958,"15-Oct",0,"GCL","fence count"
1958,"16-Oct",0,"GCL","fence count"
1958,"17-Oct",0,"GCL","fence count"
1958,"18-Oct",0,"GCL","fence count"
1958,"19-Oct",0,"GCL","fence count"
1958,"20-Oct",0,"GCL","fence count"
1958,"21-Oct",0,"GCL","fence count"
1958,"22-Oct",0,"GCL","fence count"
1958,"23-Oct",0,"GCL","fence count"
1958,"24-Oct",0,"GCL","fence count"
1958,"25-Oct",0,"GCL","fence count"
1958,"26-Oct",0,"GCL","fence count"
1958,"27-Oct",0,"GCL","fence count"
1958,"28-Oct",0,"GCL","fence count"
1958,"29-Oct",0,"GCL","fence count"
1958,"30-Oct",0,"GCL","fence count"
1958,"31-Oct",0,"GCL","fence count"
1958,"01-Nov",0,"GCL","fence count"
1959,"16-May",0,"GCL","fence count"
1959,"17-May",0,"GCL","fence count"
1959,"18-May",0,"GCL","fence count"
1959,"19-May",0,"GCL","fence count"
1959,"20-May",0,"GCL","fence count"
1959,"21-May",21,"GCL","fence count"
1959,"22-May",42,"GCL","fence count"
1959,"23-May",113,"GCL","fence count"
1959,"24-May",198,"GCL","fence count"
1959,"25-May",93,"GCL","fence count"
1959,"26-May",135,"GCL","fence count"
1959,"27-May",59,"GCL","fence count"
1959,"28-May",82,"GCL","fence count"
1959,"29-May",69,"GCL","fence count"
1959,"30-May",56,"GCL","fence count"
1959,"31-May",248,"GCL","fence count"
1959,"01-Jun",178,"GCL","fence count"
1959,"02-Jun",76,"GCL","fence count"
1959,"03-Jun",237,"GCL","fence count"
1959,"04-Jun",116,"GCL","fence count"
1959,"05-Jun",174,"GCL","fence count"
1959,"06-Jun",231,"GCL","fence count"
1959,"07-Jun",248,"GCL","fence count"
1959,"08-Jun",135,"GCL","fence count"
1959,"09-Jun",96,"GCL","fence count"
1959,"10-Jun",102,"GCL","fence count"
1959,"11-Jun",119,"GCL","fence count"
1959,"12-Jun",59,"GCL","fence count"
1959,"13-Jun",0,"GCL","fence count"
1959,"14-Jun",68,"GCL","fence count"
1959,"15-Jun",90,"GCL","fence count"
1959,"16-Jun",68,"GCL","fence count"
1959,"17-Jun",90,"GCL","fence count"
1959,"18-Jun",102,"GCL","fence count"
1959,"19-Jun",71,"GCL","fence count"
1959,"20-Jun",40,"GCL","fence count"
1959,"21-Jun",265,"GCL","fence count"
1959,"22-Jun",412,"GCL","fence count"
1959,"23-Jun",265,"GCL","fence count"
1959,"24-Jun",201,"GCL","fence count"
1959,"25-Jun",137,"GCL","fence count"
1959,"26-Jun",243,"GCL","fence count"
1959,"27-Jun",254,"GCL","fence count"
1959,"28-Jun",525,"GCL","fence count"
1959,"29-Jun",1192,"GCL","fence count"
1959,"30-Jun",1134,"GCL","fence count"
1959,"01-Jul",1376,"GCL","fence count"
1959,"02-Jul",1782,"GCL","fence count"
1959,"03-Jul",606,"GCL","fence count"
1959,"04-Jul",796,"GCL","fence count"
1959,"05-Jul",701,"GCL","fence count"
1959,"06-Jul",968,"GCL","fence count"
1959,"07-Jul",776,"GCL","fence count"
1959,"08-Jul",584,"GCL","fence count"
1959,"09-Jul",436,"GCL","fence count"
1959,"10-Jul",1016,"GCL","fence count"
1959,"11-Jul",968,"GCL","fence count"
1959,"12-Jul",1122,"GCL","fence count"
1959,"13-Jul",1335,"GCL","fence count"
1959,"14-Jul",745,"GCL","fence count"
1959,"15-Jul",841,"GCL","fence count"
1959,"16-Jul",910,"GCL","fence count"
1959,"17-Jul",501,"GCL","fence count"
1959,"18-Jul",91,"GCL","fence count"
1959,"19-Jul",40,"GCL","fence count"
1959,"20-Jul",126,"GCL","fence count"
1959,"21-Jul",93,"GCL","fence count"
1959,"22-Jul",97,"GCL","fence count"
1959,"23-Jul",101,"GCL","fence count"
1959,"24-Jul",85,"GCL","fence count"
1959,"25-Jul",31,"GCL","fence count"
1959,"26-Jul",36,"GCL","fence count"
1959,"27-Jul",20,"GCL","fence count"
1959,"28-Jul",14,"GCL","fence count"
1959,"29-Jul",8,"GCL","fence count"
1959,"30-Jul",83,"GCL","fence count"
1959,"31-Jul",871,"GCL","fence count"
1959,"01-Aug",199,"GCL","fence count"
1959,"02-Aug",329,"GCL","fence count"
1959,"03-Aug",5,"GCL","fence count"
1959,"04-Aug",21,"GCL","fence count"
1959,"05-Aug",354,"GCL","fence count"
1959,"06-Aug",686,"GCL","fence count"
1959,"07-Aug",1779,"GCL","fence count"
1959,"08-Aug",1402,"GCL","fence count"
1959,"09-Aug",1572,"GCL","fence count"
1959,"10-Aug",316,"GCL","fence count"
1959,"11-Aug",164,"GCL","fence count"
1959,"12-Aug",12,"GCL","fence count"
1959,"13-Aug",0,"GCL","fence count"
1959,"14-Aug",59,"GCL","fence count"
1959,"15-Aug",71,"GCL","fence count"
1959,"16-Aug",0,"GCL","fence count"
1959,"17-Aug",0,"GCL","fence count"
1959,"18-Aug",0,"GCL","fence count"
1959,"19-Aug",0,"GCL","fence count"
1959,"20-Aug",22,"GCL","fence count"
1959,"21-Aug",37,"GCL","fence count"
1959,"22-Aug",39,"GCL","fence count"
1959,"23-Aug",39,"GCL","fence count"
1959,"24-Aug",0,"GCL","fence count"
1959,"25-Aug",0,"GCL","fence count"
1959,"26-Aug",0,"GCL","fence count"
1959,"27-Aug",0,"GCL","fence count"
1959,"28-Aug",0,"GCL","fence count"
1959,"29-Aug",0,"GCL","fence count"
1959,"30-Aug",0,"GCL","fence count"
1959,"31-Aug",7,"GCL","fence count"
1959,"01-Sep",5,"GCL","fence count"
1959,"02-Sep",2,"GCL","fence count"
1959,"03-Sep",12,"GCL","fence count"
1959,"04-Sep",5,"GCL","fence count"
1959,"05-Sep",5,"GCL","fence count"
1959,"06-Sep",5,"GCL","fence count"
1959,"07-Sep",5,"GCL","fence count"
1959,"08-Sep",6,"GCL","fence count"
1959,"09-Sep",7,"GCL","fence count"
1959,"10-Sep",7,"GCL","fence count"
1959,"11-Sep",2,"GCL","fence count"
1959,"12-Sep",2,"GCL","fence count"
1959,"13-Sep",0,"GCL","fence count"
1959,"14-Sep",4,"GCL","fence count"
1959,"15-Sep",0,"GCL","fence count"
1959,"16-Sep",0,"GCL","fence count"
1959,"17-Sep",0,"GCL","fence count"
1959,"18-Sep",0,"GCL","fence count"
1959,"19-Sep",2,"GCL","fence count"
1959,"20-Sep",0,"GCL","fence count"
1959,"21-Sep",0,"GCL","fence count"
1959,"22-Sep",0,"GCL","fence count"
1959,"23-Sep",0,"GCL","fence count"
1959,"24-Sep",0,"GCL","fence count"
1959,"25-Sep",0,"GCL","fence count"
1959,"26-Sep",0,"GCL","fence count"
1959,"27-Sep",0,"GCL","fence count"
1959,"28-Sep",0,"GCL","fence count"
1959,"29-Sep",0,"GCL","fence count"
1959,"30-Sep",0,"GCL","fence count"
1959,"01-Oct",0,"GCL","fence count"
1959,"02-Oct",0,"GCL","fence count"
1959,"03-Oct",0,"GCL","fence count"
1959,"04-Oct",0,"GCL","fence count"
1959,"05-Oct",0,"GCL","fence count"
1959,"06-Oct",0,"GCL","fence count"
1959,"07-Oct",0,"GCL","fence count"
1959,"08-Oct",0,"GCL","fence count"
1959,"09-Oct",0,"GCL","fence count"
1959,"10-Oct",0,"GCL","fence count"
1959,"11-Oct",0,"GCL","fence count"
1959,"12-Oct",0,"GCL","fence count"
1959,"13-Oct",0,"GCL","fence count"
1959,"14-Oct",0,"GCL","fence count"
1959,"15-Oct",0,"GCL","fence count"
1959,"16-Oct",0,"GCL","fence count"
1959,"17-Oct",0,"GCL","fence count"
1959,"18-Oct",0,"GCL","fence count"
1959,"19-Oct",0,"GCL","fence count"
1959,"20-Oct",0,"GCL","fence count"
1959,"21-Oct",0,"GCL","fence count"
1959,"22-Oct",0,"GCL","fence count"
1959,"23-Oct",0,"GCL","fence count"
1959,"24-Oct",0,"GCL","fence count"
1959,"25-Oct",0,"GCL","fence count"
1959,"26-Oct",0,"GCL","fence count"
1959,"27-Oct",0,"GCL","fence count"
1959,"28-Oct",0,"GCL","fence count"
1959,"29-Oct",0,"GCL","fence count"
1959,"30-Oct",0,"GCL","fence count"
1959,"31-Oct",0,"GCL","fence count"
1959,"01-Nov",0,"GCL","fence count"
1960,"16-May",0,"GCL","fence count"
1960,"17-May",0,"GCL","fence count"
1960,"18-May",0,"GCL","fence count"
1960,"19-May",0,"GCL","fence count"
1960,"20-May",0,"GCL","fence count"
1960,"21-May",0,"GCL","fence count"
1960,"22-May",0,"GCL","fence count"
1960,"23-May",0,"GCL","fence count"
1960,"24-May",0,"GCL","fence count"
1960,"25-May",0,"GCL","fence count"
1960,"26-May",0,"GCL","fence count"
1960,"27-May",0,"GCL","fence count"
1960,"28-May",0,"GCL","fence count"
1960,"29-May",0,"GCL","fence count"
1960,"30-May",0,"GCL","fence count"
1960,"31-May",0,"GCL","fence count"
1960,"01-Jun",0,"GCL","fence count"
1960,"02-Jun",0,"GCL","fence count"
1960,"03-Jun",0,"GCL","fence count"
1960,"04-Jun",0,"GCL","fence count"
1960,"05-Jun",0,"GCL","fence count"
1960,"06-Jun",0,"GCL","fence count"
1960,"07-Jun",0,"GCL","fence count"
1960,"08-Jun",208,"GCL","fence count"
1960,"09-Jun",3629,"GCL","fence count"
1960,"10-Jun",6957,"GCL","fence count"
1960,"11-Jun",6200,"GCL","fence count"
1960,"12-Jun",5444,"GCL","fence count"
1960,"13-Jun",1368,"GCL","fence count"
1960,"14-Jun",0,"GCL","fence count"
1960,"15-Jun",0,"GCL","fence count"
1960,"16-Jun",97,"GCL","fence count"
1960,"17-Jun",43,"GCL","fence count"
1960,"18-Jun",131,"GCL","fence count"
1960,"19-Jun",219,"GCL","fence count"
1960,"20-Jun",59,"GCL","fence count"
1960,"21-Jun",258,"GCL","fence count"
1960,"22-Jun",87,"GCL","fence count"
1960,"23-Jun",38,"GCL","fence count"
1960,"24-Jun",210,"GCL","fence count"
1960,"25-Jun",347,"GCL","fence count"
1960,"26-Jun",485,"GCL","fence count"
1960,"27-Jun",252,"GCL","fence count"
1960,"28-Jun",42,"GCL","fence count"
1960,"29-Jun",237,"GCL","fence count"
1960,"30-Jun",283,"GCL","fence count"
1960,"01-Jul",328,"GCL","fence count"
1960,"02-Jul",439,"GCL","fence count"
1960,"03-Jul",141,"GCL","fence count"
1960,"04-Jul",136,"GCL","fence count"
1960,"05-Jul",594,"GCL","fence count"
1960,"06-Jul",1051,"GCL","fence count"
1960,"07-Jul",2039,"GCL","fence count"
1960,"08-Jul",1358,"GCL","fence count"
1960,"09-Jul",842,"GCL","fence count"
1960,"10-Jul",220,"GCL","fence count"
1960,"11-Jul",276,"GCL","fence count"
1960,"12-Jul",349,"GCL","fence count"
1960,"13-Jul",61,"GCL","fence count"
1960,"14-Jul",115,"GCL","fence count"
1960,"15-Jul",169,"GCL","fence count"
1960,"16-Jul",140,"GCL","fence count"
1960,"17-Jul",115,"GCL","fence count"
1960,"18-Jul",269,"GCL","fence count"
1960,"19-Jul",330,"GCL","fence count"
1960,"20-Jul",346,"GCL","fence count"
1960,"21-Jul",249,"GCL","fence count"
1960,"22-Jul",140,"GCL","fence count"
1960,"23-Jul",71,"GCL","fence count"
1960,"24-Jul",3,"GCL","fence count"
1960,"25-Jul",6,"GCL","fence count"
1960,"26-Jul",129,"GCL","fence count"
1960,"27-Jul",115,"GCL","fence count"
1960,"28-Jul",234,"GCL","fence count"
1960,"29-Jul",212,"GCL","fence count"
1960,"30-Jul",109,"GCL","fence count"
1960,"31-Jul",7,"GCL","fence count"
1960,"01-Aug",9,"GCL","fence count"
1960,"02-Aug",14,"GCL","fence count"
1960,"03-Aug",18,"GCL","fence count"
1960,"04-Aug",35,"GCL","fence count"
1960,"05-Aug",58,"GCL","fence count"
1960,"06-Aug",85,"GCL","fence count"
1960,"07-Aug",112,"GCL","fence count"
1960,"08-Aug",1765,"GCL","fence count"
1960,"09-Aug",1536,"GCL","fence count"
1960,"10-Aug",529,"GCL","fence count"
1960,"11-Aug",372,"GCL","fence count"
1960,"12-Aug",36,"GCL","fence count"
1960,"13-Aug",402,"GCL","fence count"
1960,"14-Aug",767,"GCL","fence count"
1960,"15-Aug",114,"GCL","fence count"
1960,"16-Aug",195,"GCL","fence count"
1960,"17-Aug",815,"GCL","fence count"
1960,"18-Aug",254,"GCL","fence count"
1960,"19-Aug",501,"GCL","fence count"
1960,"20-Aug",544,"GCL","fence count"
1960,"21-Aug",587,"GCL","fence count"
1960,"22-Aug",162,"GCL","fence count"
1960,"23-Aug",42,"GCL","fence count"
1960,"24-Aug",210,"GCL","fence count"
1960,"25-Aug",255,"GCL","fence count"
1960,"26-Aug",300,"GCL","fence count"
1960,"27-Aug",345,"GCL","fence count"
1960,"28-Aug",390,"GCL","fence count"
1960,"29-Aug",111,"GCL","fence count"
1960,"30-Aug",88,"GCL","fence count"
1960,"31-Aug",315,"GCL","fence count"
1960,"01-Sep",193,"GCL","fence count"
1960,"02-Sep",34,"GCL","fence count"
1960,"03-Sep",23,"GCL","fence count"
1960,"04-Sep",11,"GCL","fence count"
1960,"05-Sep",25,"GCL","fence count"
1960,"06-Sep",102,"GCL","fence count"
1960,"07-Sep",178,"GCL","fence count"
1960,"08-Sep",72,"GCL","fence count"
1960,"09-Sep",63,"GCL","fence count"
1960,"10-Sep",83,"GCL","fence count"
1960,"11-Sep",103,"GCL","fence count"
1960,"12-Sep",39,"GCL","fence count"
1960,"13-Sep",14,"GCL","fence count"
1960,"14-Sep",38,"GCL","fence count"
1960,"15-Sep",57,"GCL","fence count"
1960,"16-Sep",29,"GCL","fence count"
1960,"17-Sep",37,"GCL","fence count"
1960,"18-Sep",45,"GCL","fence count"
1960,"19-Sep",52,"GCL","fence count"
1960,"20-Sep",24,"GCL","fence count"
1960,"21-Sep",11,"GCL","fence count"
1960,"22-Sep",8,"GCL","fence count"
1960,"23-Sep",44,"GCL","fence count"
1960,"24-Sep",83,"GCL","fence count"
1960,"25-Sep",122,"GCL","fence count"
1960,"26-Sep",43,"GCL","fence count"
1960,"27-Sep",39,"GCL","fence count"
1960,"28-Sep",4,"GCL","fence count"
1960,"29-Sep",5,"GCL","fence count"
1960,"30-Sep",5,"GCL","fence count"
1960,"01-Oct",5,"GCL","fence count"
1960,"02-Oct",5,"GCL","fence count"
1960,"03-Oct",6,"GCL","fence count"
1960,"04-Oct",16,"GCL","fence count"
1960,"05-Oct",44,"GCL","fence count"
1960,"06-Oct",10,"GCL","fence count"
1960,"07-Oct",0,"GCL","fence count"
1960,"08-Oct",18,"GCL","fence count"
1960,"09-Oct",36,"GCL","fence count"
1960,"10-Oct",16,"GCL","fence count"
1960,"11-Oct",0,"GCL","fence count"
1960,"12-Oct",4,"GCL","fence count"
1960,"13-Oct",0,"GCL","fence count"
1960,"14-Oct",0,"GCL","fence count"
1960,"15-Oct",0,"GCL","fence count"
1960,"16-Oct",0,"GCL","fence count"
1960,"17-Oct",0,"GCL","fence count"
1960,"18-Oct",11,"GCL","fence count"
1960,"19-Oct",0,"GCL","fence count"
1960,"20-Oct",0,"GCL","fence count"
1960,"21-Oct",0,"GCL","fence count"
1960,"22-Oct",8,"GCL","fence count"
1960,"23-Oct",16,"GCL","fence count"
1961,"05-Jun",17,"GCL","fence count"
1961,"06-Jun",6,"GCL","fence count"
1961,"07-Jun",17,"GCL","fence count"
1961,"08-Jun",28,"GCL","fence count"
1961,"09-Jun",11,"GCL","fence count"
1961,"10-Jun",28,"GCL","fence count"
1961,"11-Jun",34,"GCL","fence count"
1961,"12-Jun",51,"GCL","fence count"
1961,"13-Jun",34,"GCL","fence count"
1961,"14-Jun",40,"GCL","fence count"
1961,"15-Jun",45,"GCL","fence count"
1961,"16-Jun",113,"GCL","fence count"
1961,"17-Jun",80,"GCL","fence count"
1961,"18-Jun",62,"GCL","fence count"
1961,"19-Jun",131,"GCL","fence count"
1961,"20-Jun",34,"GCL","fence count"
1961,"21-Jun",68,"GCL","fence count"
1961,"22-Jun",102,"GCL","fence count"
1961,"23-Jun",85,"GCL","fence count"
1961,"24-Jun",90,"GCL","fence count"
1961,"25-Jun",165,"GCL","fence count"
1961,"26-Jun",158,"GCL","fence count"
1961,"27-Jun",1114,"GCL","fence count"
1961,"28-Jun",124,"GCL","fence count"
1961,"29-Jun",134,"GCL","fence count"
1961,"30-Jun",144,"GCL","fence count"
1961,"01-Jul",155,"GCL","fence count"
1961,"02-Jul",165,"GCL","fence count"
1961,"03-Jul",175,"GCL","fence count"
1961,"04-Jul",68,"GCL","fence count"
1961,"05-Jul",62,"GCL","fence count"
1961,"06-Jul",62,"GCL","fence count"
1961,"07-Jul",63,"GCL","fence count"
1961,"08-Jul",243,"GCL","fence count"
1961,"09-Jul",193,"GCL","fence count"
1961,"10-Jul",141,"GCL","fence count"
1961,"11-Jul",602,"GCL","fence count"
1961,"12-Jul",516,"GCL","fence count"
1961,"13-Jul",429,"GCL","fence count"
1961,"14-Jul",472,"GCL","fence count"
1961,"15-Jul",378,"GCL","fence count"
1961,"16-Jul",117,"GCL","fence count"
1961,"17-Jul",310,"GCL","fence count"
1961,"18-Jul",68,"GCL","fence count"
1961,"19-Jul",322,"GCL","fence count"
1961,"20-Jul",978,"GCL","fence count"
1961,"21-Jul",650,"GCL","fence count"
1961,"22-Jul",322,"GCL","fence count"
1961,"23-Jul",568,"GCL","fence count"
1961,"24-Jul",181,"GCL","fence count"
1961,"25-Jul",125,"GCL","fence count"
1961,"26-Jul",265,"GCL","fence count"
1961,"27-Jul",455,"GCL","fence count"
1961,"28-Jul",519,"GCL","fence count"
1961,"29-Jul",322,"GCL","fence count"
1961,"30-Jul",124,"GCL","fence count"
1961,"31-Jul",716,"GCL","fence count"
1961,"01-Aug",696,"GCL","fence count"
1961,"02-Aug",402,"GCL","fence count"
1961,"03-Aug",107,"GCL","fence count"
1961,"04-Aug",602,"GCL","fence count"
1961,"05-Aug",463,"GCL","fence count"
1961,"06-Aug",165,"GCL","fence count"
1961,"07-Aug",11,"GCL","fence count"
1961,"08-Aug",40,"GCL","fence count"
1961,"09-Aug",68,"GCL","fence count"
1961,"10-Aug",142,"GCL","fence count"
1961,"11-Aug",79,"GCL","fence count"
1961,"12-Aug",71,"GCL","fence count"
1961,"13-Aug",62,"GCL","fence count"
1961,"14-Aug",153,"GCL","fence count"
1961,"15-Aug",34,"GCL","fence count"
1961,"16-Aug",28,"GCL","fence count"
1961,"17-Aug",14,"GCL","fence count"
1961,"18-Aug",0,"GCL","fence count"
1961,"19-Aug",17,"GCL","fence count"
1961,"20-Aug",74,"GCL","fence count"
1961,"21-Aug",265,"GCL","fence count"
1961,"22-Aug",168,"GCL","fence count"
1961,"23-Aug",72,"GCL","fence count"
1961,"24-Aug",1648,"GCL","fence count"
1961,"25-Aug",271,"GCL","fence count"
1961,"26-Aug",231,"GCL","fence count"
1961,"27-Aug",195,"GCL","fence count"
1961,"28-Aug",378,"GCL","fence count"
1961,"29-Aug",681,"GCL","fence count"
1961,"30-Aug",983,"GCL","fence count"
1961,"31-Aug",1154,"GCL","fence count"
1961,"01-Sep",1087,"GCL","fence count"
1961,"02-Sep",534,"GCL","fence count"
1961,"03-Sep",827,"GCL","fence count"
1961,"04-Sep",1121,"GCL","fence count"
1961,"05-Sep",764,"GCL","fence count"
1961,"06-Sep",408,"GCL","fence count"
1961,"07-Sep",51,"GCL","fence count"
1961,"08-Sep",343,"GCL","fence count"
1961,"09-Sep",19,"GCL","fence count"
1961,"10-Sep",83,"GCL","fence count"
1961,"11-Sep",64,"GCL","fence count"
1961,"12-Sep",66,"GCL","fence count"
1961,"13-Sep",68,"GCL","fence count"
1961,"14-Sep",64,"GCL","fence count"
1961,"15-Sep",34,"GCL","fence count"
1961,"16-Sep",98,"GCL","fence count"
1961,"17-Sep",44,"GCL","fence count"
1961,"18-Sep",10,"GCL","fence count"
1961,"19-Sep",88,"GCL","fence count"
1961,"20-Sep",167,"GCL","fence count"
1961,"21-Sep",259,"GCL","fence count"
1961,"22-Sep",837,"GCL","fence count"
1961,"23-Sep",457,"GCL","fence count"
1961,"24-Sep",352,"GCL","fence count"
1961,"25-Sep",714,"GCL","fence count"
1961,"26-Sep",391,"GCL","fence count"
1961,"27-Sep",553,"GCL","fence count"
1961,"28-Sep",269,"GCL","fence count"
1961,"29-Sep",1543,"GCL","fence count"
1961,"30-Sep",592,"GCL","fence count"
1961,"01-Oct",360,"GCL","fence count"
1961,"02-Oct",127,"GCL","fence count"
1961,"03-Oct",65,"GCL","fence count"
1961,"04-Oct",59,"GCL","fence count"
1961,"05-Oct",58,"GCL","fence count"
1961,"06-Oct",57,"GCL","fence count"
1961,"07-Oct",69,"GCL","fence count"
1961,"08-Oct",108,"GCL","fence count"
1961,"09-Oct",113,"GCL","fence count"
1961,"10-Oct",117,"GCL","fence count"
1961,"11-Oct",122,"GCL","fence count"
1961,"12-Oct",54,"GCL","fence count"
1962,"26-May",59,"GCL","fence count"
1962,"27-May",95,"GCL","fence count"
1962,"28-May",70,"GCL","fence count"
1962,"29-May",51,"GCL","fence count"
1962,"30-May",42,"GCL","fence count"
1962,"31-May",34,"GCL","fence count"
1962,"01-Jun",25,"GCL","fence count"
1962,"02-Jun",17,"GCL","fence count"
1962,"03-Jun",8,"GCL","fence count"
1962,"04-Jun",0,"GCL","fence count"
1962,"05-Jun",0,"GCL","fence count"
1962,"06-Jun",0,"GCL","fence count"
1962,"07-Jun",0,"GCL","fence count"
1962,"08-Jun",0,"GCL","fence count"
1962,"09-Jun",39,"GCL","fence count"
1962,"10-Jun",83,"GCL","fence count"
1962,"11-Jun",17,"GCL","fence count"
1962,"12-Jun",0,"GCL","fence count"
1962,"13-Jun",0,"GCL","fence count"
1962,"14-Jun",0,"GCL","fence count"
1962,"15-Jun",30,"GCL","fence count"
1962,"16-Jun",37,"GCL","fence count"
1962,"17-Jun",0,"GCL","fence count"
1962,"18-Jun",22,"GCL","fence count"
1962,"19-Jun",25,"GCL","fence count"
1962,"20-Jun",56,"GCL","fence count"
1962,"21-Jun",87,"GCL","fence count"
1962,"22-Jun",166,"GCL","fence count"
1962,"23-Jun",40,"GCL","fence count"
1962,"24-Jun",11,"GCL","fence count"
1962,"25-Jun",123,"GCL","fence count"
1962,"26-Jun",147,"GCL","fence count"
1962,"27-Jun",171,"GCL","fence count"
1962,"28-Jun",9,"GCL","fence count"
1962,"29-Jun",25,"GCL","fence count"
1962,"30-Jun",122,"GCL","fence count"
1962,"01-Jul",56,"GCL","fence count"
1962,"02-Jul",77,"GCL","fence count"
1962,"03-Jul",216,"GCL","fence count"
1962,"04-Jul",355,"GCL","fence count"
1962,"05-Jul",494,"GCL","fence count"
1962,"06-Jul",71,"GCL","fence count"
1962,"07-Jul",194,"GCL","fence count"
1962,"08-Jul",194,"GCL","fence count"
1962,"09-Jul",537,"GCL","fence count"
1962,"10-Jul",515,"GCL","fence count"
1962,"11-Jul",494,"GCL","fence count"
1962,"12-Jul",172,"GCL","fence count"
1962,"13-Jul",97,"GCL","fence count"
1962,"14-Jul",158,"GCL","fence count"
1962,"15-Jul",560,"GCL","fence count"
1962,"16-Jul",489,"GCL","fence count"
1962,"17-Jul",105,"GCL","fence count"
1962,"18-Jul",93,"GCL","fence count"
1962,"19-Jul",80,"GCL","fence count"
1962,"20-Jul",68,"GCL","fence count"
1962,"21-Jul",296,"GCL","fence count"
1962,"22-Jul",308,"GCL","fence count"
1962,"23-Jul",275,"GCL","fence count"
1962,"24-Jul",215,"GCL","fence count"
1962,"25-Jul",209,"GCL","fence count"
1962,"26-Jul",204,"GCL","fence count"
1962,"27-Jul",1103,"GCL","fence count"
1962,"28-Jul",3,"GCL","fence count"
1962,"29-Jul",3,"GCL","fence count"
1962,"30-Jul",18,"GCL","fence count"
1962,"31-Jul",6,"GCL","fence count"
1962,"01-Aug",16,"GCL","fence count"
1962,"02-Aug",26,"GCL","fence count"
1962,"03-Aug",44,"GCL","fence count"
1962,"04-Aug",31,"GCL","fence count"
1962,"05-Aug",7,"GCL","fence count"
1962,"06-Aug",31,"GCL","fence count"
1962,"07-Aug",31,"GCL","fence count"
1962,"08-Aug",72,"GCL","fence count"
1962,"09-Aug",113,"GCL","fence count"
1962,"10-Aug",28,"GCL","fence count"
1962,"11-Aug",6,"GCL","fence count"
1962,"12-Aug",177,"GCL","fence count"
1962,"13-Aug",427,"GCL","fence count"
1962,"14-Aug",25,"GCL","fence count"
1962,"15-Aug",29,"GCL","fence count"
1962,"16-Aug",34,"GCL","fence count"
1962,"17-Aug",369,"GCL","fence count"
1962,"18-Aug",212,"GCL","fence count"
1962,"19-Aug",48,"GCL","fence count"
1962,"20-Aug",104,"GCL","fence count"
1962,"21-Aug",83,"GCL","fence count"
1962,"22-Aug",78,"GCL","fence count"
1962,"23-Aug",74,"GCL","fence count"
1962,"24-Aug",50,"GCL","fence count"
1962,"25-Aug",52,"GCL","fence count"
1962,"26-Aug",48,"GCL","fence count"
1962,"27-Aug",68,"GCL","fence count"
1962,"28-Aug",0,"GCL","fence count"
1962,"29-Aug",29,"GCL","fence count"
1962,"30-Aug",58,"GCL","fence count"
1962,"31-Aug",111,"GCL","fence count"
1962,"01-Sep",76,"GCL","fence count"
1962,"02-Sep",150,"GCL","fence count"
1962,"03-Sep",94,"GCL","fence count"
1962,"04-Sep",80,"GCL","fence count"
1962,"05-Sep",65,"GCL","fence count"
1962,"06-Sep",51,"GCL","fence count"
1962,"07-Sep",50,"GCL","fence count"
1962,"08-Sep",10,"GCL","fence count"
1962,"09-Sep",64,"GCL","fence count"
1962,"10-Sep",20,"GCL","fence count"
1962,"11-Sep",172,"GCL","fence count"
1962,"12-Sep",218,"GCL","fence count"
1962,"13-Sep",265,"GCL","fence count"
1962,"14-Sep",239,"GCL","fence count"
1962,"15-Sep",113,"GCL","fence count"
1962,"16-Sep",61,"GCL","fence count"
1962,"17-Sep",17,"GCL","fence count"
1962,"18-Sep",14,"GCL","fence count"
1962,"19-Sep",7,"GCL","fence count"
1962,"20-Sep",0,"GCL","fence count"
1962,"21-Sep",6,"GCL","fence count"
1962,"22-Sep",16,"GCL","fence count"
1962,"23-Sep",18,"GCL","fence count"
1962,"24-Sep",6,"GCL","fence count"
1962,"25-Sep",7,"GCL","fence count"
1962,"26-Sep",3,"GCL","fence count"
1962,"27-Sep",0,"GCL","fence count"
1962,"28-Sep",7,"GCL","fence count"
1962,"29-Sep",0,"GCL","fence count"
1962,"30-Sep",0,"GCL","fence count"
1962,"01-Oct",0,"GCL","fence count"
1962,"02-Oct",4,"GCL","fence count"
1962,"03-Oct",2,"GCL","fence count"
1962,"04-Oct",0,"GCL","fence count"
1962,"05-Oct",0,"GCL","fence count"
1962,"06-Oct",0,"GCL","fence count"
1962,"07-Oct",0,"GCL","fence count"
1962,"08-Oct",0,"GCL","fence count"
1962,"09-Oct",0,"GCL","fence count"
1962,"10-Oct",0,"GCL","fence count"
1962,"11-Oct",0,"GCL","fence count"
1962,"12-Oct",0,"GCL","fence count"
1962,"13-Oct",0,"GCL","fence count"
1962,"14-Oct",0,"GCL","fence count"
1962,"15-Oct",0,"GCL","fence count"
1962,"16-Oct",0,"GCL","fence count"
1962,"17-Oct",0,"GCL","fence count"
1962,"18-Oct",0,"GCL","fence count"
1962,"19-Oct",0,"GCL","fence count"
1962,"20-Oct",0,"GCL","fence count"
1962,"21-Oct",0,"GCL","fence count"
1962,"22-Oct",0,"GCL","fence count"
1962,"23-Oct",0,"GCL","fence count"
1962,"24-Oct",0,"GCL","fence count"
1962,"25-Oct",0,"GCL","fence count"
1962,"26-Oct",0,"GCL","fence count"
1962,"27-Oct",0,"GCL","fence count"
1962,"28-Oct",0,"GCL","fence count"
1962,"29-Oct",0,"GCL","fence count"
1962,"30-Oct",0,"GCL","fence count"
1962,"31-Oct",0,"GCL","fence count"
1962,"01-Nov",0,"GCL","fence count"
1963,"13-May",0,"GCL","fence count"
1963,"14-May",0,"GCL","fence count"
1963,"15-May",0,"GCL","fence count"
1963,"16-May",0,"GCL","fence count"
1963,"17-May",0,"GCL","fence count"
1963,"18-May",0,"GCL","fence count"
1963,"19-May",0,"GCL","fence count"
1963,"20-May",0,"GCL","fence count"
1963,"21-May",0,"GCL","fence count"
1963,"22-May",0,"GCL","fence count"
1963,"23-May",0,"GCL","fence count"
1963,"24-May",0,"GCL","fence count"
1963,"25-May",0,"GCL","fence count"
1963,"26-May",0,"GCL","fence count"
1963,"27-May",0,"GCL","fence count"
1963,"28-May",0,"GCL","fence count"
1963,"29-May",0,"GCL","fence count"
1963,"30-May",0,"GCL","fence count"
1963,"31-May",0,"GCL","fence count"
1963,"01-Jun",36,"GCL","fence count"
1963,"02-Jun",32,"GCL","fence count"
1963,"03-Jun",28,"GCL","fence count"
1963,"04-Jun",0,"GCL","fence count"
1963,"05-Jun",38,"GCL","fence count"
1963,"06-Jun",172,"GCL","fence count"
1963,"07-Jun",0,"GCL","fence count"
1963,"08-Jun",0,"GCL","fence count"
1963,"09-Jun",6,"GCL","fence count"
1963,"10-Jun",12,"GCL","fence count"
1963,"11-Jun",0,"GCL","fence count"
1963,"12-Jun",5,"GCL","fence count"
1963,"13-Jun",11,"GCL","fence count"
1963,"14-Jun",0,"GCL","fence count"
1963,"15-Jun",0,"GCL","fence count"
1963,"16-Jun",0,"GCL","fence count"
1963,"17-Jun",0,"GCL","fence count"
1963,"18-Jun",660,"GCL","fence count"
1963,"19-Jun",98,"GCL","fence count"
1963,"20-Jun",97,"GCL","fence count"
1963,"21-Jun",86,"GCL","fence count"
1963,"22-Jun",128,"GCL","fence count"
1963,"23-Jun",183,"GCL","fence count"
1963,"24-Jun",239,"GCL","fence count"
1963,"25-Jun",174,"GCL","fence count"
1963,"26-Jun",355,"GCL","fence count"
1963,"27-Jun",537,"GCL","fence count"
1963,"28-Jun",888,"GCL","fence count"
1963,"29-Jun",555,"GCL","fence count"
1963,"30-Jun",221,"GCL","fence count"
1963,"01-Jul",239,"GCL","fence count"
1963,"02-Jul",180,"GCL","fence count"
1963,"03-Jul",845,"GCL","fence count"
1963,"04-Jul",415,"GCL","fence count"
1963,"05-Jul",217,"GCL","fence count"
1963,"06-Jul",20,"GCL","fence count"
1963,"07-Jul",0,"GCL","fence count"
1963,"08-Jul",30,"GCL","fence count"
1963,"09-Jul",333,"GCL","fence count"
1963,"10-Jul",636,"GCL","fence count"
1963,"11-Jul",193,"GCL","fence count"
1963,"12-Jul",391,"GCL","fence count"
1963,"13-Jul",399,"GCL","fence count"
1963,"14-Jul",764,"GCL","fence count"
1963,"15-Jul",346,"GCL","fence count"
1963,"16-Jul",193,"GCL","fence count"
1963,"17-Jul",40,"GCL","fence count"
1963,"18-Jul",0,"GCL","fence count"
1963,"19-Jul",279,"GCL","fence count"
1963,"20-Jul",78,"GCL","fence count"
1963,"21-Jul",979,"GCL","fence count"
1963,"22-Jul",295,"GCL","fence count"
1963,"23-Jul",286,"GCL","fence count"
1963,"24-Jul",277,"GCL","fence count"
1963,"25-Jul",329,"GCL","fence count"
1963,"26-Jul",360,"GCL","fence count"
1963,"27-Jul",391,"GCL","fence count"
1963,"28-Jul",422,"GCL","fence count"
1963,"29-Jul",453,"GCL","fence count"
1963,"30-Jul",387,"GCL","fence count"
1963,"31-Jul",320,"GCL","fence count"
1963,"01-Aug",254,"GCL","fence count"
1963,"02-Aug",188,"GCL","fence count"
1963,"03-Aug",122,"GCL","fence count"
1963,"04-Aug",56,"GCL","fence count"
1963,"05-Aug",395,"GCL","fence count"
1963,"06-Aug",276,"GCL","fence count"
1963,"07-Aug",271,"GCL","fence count"
1963,"08-Aug",267,"GCL","fence count"
1963,"09-Aug",262,"GCL","fence count"
1963,"10-Aug",257,"GCL","fence count"
1963,"11-Aug",252,"GCL","fence count"
1963,"12-Aug",247,"GCL","fence count"
1963,"13-Aug",242,"GCL","fence count"
1963,"14-Aug",238,"GCL","fence count"
1963,"15-Aug",233,"GCL","fence count"
1963,"16-Aug",228,"GCL","fence count"
1963,"17-Aug",223,"GCL","fence count"
1963,"18-Aug",218,"GCL","fence count"
1963,"19-Aug",99,"GCL","fence count"
1963,"20-Aug",118,"GCL","fence count"
1963,"21-Aug",137,"GCL","fence count"
1963,"22-Aug",155,"GCL","fence count"
1963,"23-Aug",174,"GCL","fence count"
1963,"24-Aug",193,"GCL","fence count"
1963,"25-Aug",212,"GCL","fence count"
1963,"26-Aug",274,"GCL","fence count"
1963,"27-Aug",237,"GCL","fence count"
1963,"28-Aug",201,"GCL","fence count"
1963,"29-Aug",164,"GCL","fence count"
1963,"30-Aug",128,"GCL","fence count"
1963,"31-Aug",91,"GCL","fence count"
1963,"01-Sep",55,"GCL","fence count"
1963,"02-Sep",12,"GCL","fence count"
1963,"03-Sep",17,"GCL","fence count"
1963,"04-Sep",21,"GCL","fence count"
1963,"05-Sep",11,"GCL","fence count"
1963,"06-Sep",0,"GCL","fence count"
1963,"07-Sep",0,"GCL","fence count"
1963,"08-Sep",0,"GCL","fence count"
1963,"09-Sep",0,"GCL","fence count"
1963,"10-Sep",0,"GCL","fence count"
1963,"11-Sep",0,"GCL","fence count"
1963,"12-Sep",0,"GCL","fence count"
1963,"13-Sep",0,"GCL","fence count"
1963,"14-Sep",0,"GCL","fence count"
1963,"15-Sep",0,"GCL","fence count"
1963,"16-Sep",0,"GCL","fence count"
1963,"17-Sep",0,"GCL","fence count"
1963,"18-Sep",0,"GCL","fence count"
1963,"19-Sep",0,"GCL","fence count"
1963,"20-Sep",0,"GCL","fence count"
1963,"21-Sep",0,"GCL","fence count"
1963,"22-Sep",0,"GCL","fence count"
1963,"23-Sep",0,"GCL","fence count"
1963,"24-Sep",0,"GCL","fence count"
1963,"25-Sep",0,"GCL","fence count"
1963,"26-Sep",0,"GCL","fence count"
1963,"27-Sep",0,"GCL","fence count"
1963,"28-Sep",0,"GCL","fence count"
1963,"29-Sep",0,"GCL","fence count"
1963,"30-Sep",0,"GCL","fence count"
1963,"01-Oct",0,"GCL","fence count"
1963,"02-Oct",0,"GCL","fence count"
1963,"03-Oct",0,"GCL","fence count"
1963,"04-Oct",0,"GCL","fence count"
1963,"05-Oct",0,"GCL","fence count"
1963,"06-Oct",0,"GCL","fence count"
1963,"07-Oct",0,"GCL","fence count"
1963,"08-Oct",0,"GCL","fence count"
1963,"09-Oct",0,"GCL","fence count"
1963,"10-Oct",0,"GCL","fence count"
1963,"11-Oct",0,"GCL","fence count"
1963,"12-Oct",0,"GCL","fence count"
1963,"13-Oct",0,"GCL","fence count"
1964,"11-May",0,"GCL","fence count"
1964,"12-May",0,"GCL","fence count"
1964,"13-May",0,"GCL","fence count"
1964,"14-May",0,"GCL","fence count"
1964,"15-May",0,"GCL","fence count"
1964,"16-May",0,"GCL","fence count"
1964,"17-May",0,"GCL","fence count"
1964,"18-May",0,"GCL","fence count"
1964,"19-May",0,"GCL","fence count"
1964,"20-May",0,"GCL","fence count"
1964,"21-May",0,"GCL","fence count"
1964,"22-May",0,"GCL","fence count"
1964,"23-May",0,"GCL","fence count"
1964,"24-May",0,"GCL","fence count"
1964,"25-May",0,"GCL","fence count"
1964,"26-May",0,"GCL","fence count"
1964,"27-May",0,"GCL","fence count"
1964,"28-May",0,"GCL","fence count"
1964,"29-May",0,"GCL","fence count"
1964,"30-May",0,"GCL","fence count"
1964,"31-May",0,"GCL","fence count"
1964,"01-Jun",0,"GCL","fence count"
1964,"02-Jun",0,"GCL","fence count"
1964,"03-Jun",0,"GCL","fence count"
1964,"04-Jun",0,"GCL","fence count"
1964,"05-Jun",0,"GCL","fence count"
1964,"06-Jun",0,"GCL","fence count"
1964,"07-Jun",0,"GCL","fence count"
1964,"08-Jun",0,"GCL","fence count"
1964,"09-Jun",0,"GCL","fence count"
1964,"10-Jun",0,"GCL","fence count"
1964,"11-Jun",0,"GCL","fence count"
1964,"12-Jun",0,"GCL","fence count"
1964,"13-Jun",0,"GCL","fence count"
1964,"14-Jun",0,"GCL","fence count"
1964,"15-Jun",0,"GCL","fence count"
1964,"16-Jun",0,"GCL","fence count"
1964,"17-Jun",0,"GCL","fence count"
1964,"18-Jun",0,"GCL","fence count"
1964,"19-Jun",0,"GCL","fence count"
1964,"20-Jun",0,"GCL","fence count"
1964,"21-Jun",0,"GCL","fence count"
1964,"22-Jun",0,"GCL","fence count"
1964,"23-Jun",40,"GCL","fence count"
1964,"24-Jun",51,"GCL","fence count"
1964,"25-Jun",48,"GCL","fence count"
1964,"26-Jun",45,"GCL","fence count"
1964,"27-Jun",41,"GCL","fence count"
1964,"28-Jun",76,"GCL","fence count"
1964,"29-Jun",57,"GCL","fence count"
1964,"30-Jun",175,"GCL","fence count"
1964,"01-Jul",142,"GCL","fence count"
1964,"02-Jul",141,"GCL","fence count"
1964,"03-Jul",114,"GCL","fence count"
1964,"04-Jul",86,"GCL","fence count"
1964,"05-Jul",157,"GCL","fence count"
1964,"06-Jul",143,"GCL","fence count"
1964,"07-Jul",75,"GCL","fence count"
1964,"08-Jul",77,"GCL","fence count"
1964,"09-Jul",80,"GCL","fence count"
1964,"10-Jul",132,"GCL","fence count"
1964,"11-Jul",110,"GCL","fence count"
1964,"12-Jul",88,"GCL","fence count"
1964,"13-Jul",115,"GCL","fence count"
1964,"14-Jul",185,"GCL","fence count"
1964,"15-Jul",167,"GCL","fence count"
1964,"16-Jul",61,"GCL","fence count"
1964,"17-Jul",31,"GCL","fence count"
1964,"18-Jul",0,"GCL","fence count"
1964,"19-Jul",0,"GCL","fence count"
1964,"20-Jul",0,"GCL","fence count"
1964,"21-Jul",0,"GCL","fence count"
1964,"22-Jul",0,"GCL","fence count"
1964,"23-Jul",0,"GCL","fence count"
1964,"24-Jul",6,"GCL","fence count"
1964,"25-Jul",90,"GCL","fence count"
1964,"26-Jul",57,"GCL","fence count"
1964,"27-Jul",25,"GCL","fence count"
1964,"28-Jul",9,"GCL","fence count"
1964,"29-Jul",151,"GCL","fence count"
1964,"30-Jul",389,"GCL","fence count"
1964,"31-Jul",74,"GCL","fence count"
1964,"01-Aug",34,"GCL","fence count"
1964,"02-Aug",68,"GCL","fence count"
1964,"03-Aug",102,"GCL","fence count"
1964,"04-Aug",164,"GCL","fence count"
1964,"05-Aug",46,"GCL","fence count"
1964,"06-Aug",20,"GCL","fence count"
1964,"07-Aug",125,"GCL","fence count"
1964,"08-Aug",111,"GCL","fence count"
1964,"09-Aug",97,"GCL","fence count"
1964,"10-Aug",83,"GCL","fence count"
1964,"11-Aug",23,"GCL","fence count"
1964,"12-Aug",14,"GCL","fence count"
1964,"13-Aug",207,"GCL","fence count"
1964,"14-Aug",140,"GCL","fence count"
1964,"15-Aug",72,"GCL","fence count"
1964,"16-Aug",5,"GCL","fence count"
1964,"17-Aug",9,"GCL","fence count"
1964,"18-Aug",63,"GCL","fence count"
1964,"19-Aug",71,"GCL","fence count"
1964,"20-Aug",200,"GCL","fence count"
1964,"21-Aug",68,"GCL","fence count"
1964,"22-Aug",64,"GCL","fence count"
1964,"23-Aug",60,"GCL","fence count"
1964,"24-Aug",40,"GCL","fence count"
1964,"25-Aug",45,"GCL","fence count"
1964,"26-Aug",52,"GCL","fence count"
1964,"27-Aug",48,"GCL","fence count"
1964,"28-Aug",84,"GCL","fence count"
1964,"29-Aug",76,"GCL","fence count"
1964,"30-Aug",68,"GCL","fence count"
1964,"31-Aug",65,"GCL","fence count"
1964,"01-Sep",62,"GCL","fence count"
1964,"02-Sep",6,"GCL","fence count"
1964,"03-Sep",30,"GCL","fence count"
1964,"04-Sep",9,"GCL","fence count"
1964,"05-Sep",21,"GCL","fence count"
1964,"06-Sep",33,"GCL","fence count"
1964,"07-Sep",4,"GCL","fence count"
1964,"08-Sep",2,"GCL","fence count"
1964,"09-Sep",4,"GCL","fence count"
1964,"10-Sep",0,"GCL","fence count"
1964,"11-Sep",0,"GCL","fence count"
1964,"12-Sep",0,"GCL","fence count"
1964,"13-Sep",0,"GCL","fence count"
1964,"14-Sep",0,"GCL","fence count"
1964,"15-Sep",0,"GCL","fence count"
1964,"16-Sep",0,"GCL","fence count"
1964,"17-Sep",0,"GCL","fence count"
1964,"18-Sep",3,"GCL","fence count"
1964,"19-Sep",0,"GCL","fence count"
1964,"20-Sep",0,"GCL","fence count"
1964,"21-Sep",0,"GCL","fence count"
1964,"22-Sep",0,"GCL","fence count"
1964,"23-Sep",0,"GCL","fence count"
1964,"24-Sep",0,"GCL","fence count"
1964,"25-Sep",0,"GCL","fence count"
1964,"26-Sep",0,"GCL","fence count"
1964,"27-Sep",0,"GCL","fence count"
1964,"28-Sep",0,"GCL","fence count"
1964,"29-Sep",0,"GCL","fence count"
1964,"30-Sep",0,"GCL","fence count"
1964,"01-Oct",0,"GCL","fence count"
1964,"02-Oct",0,"GCL","fence count"
1964,"03-Oct",0,"GCL","fence count"
1964,"04-Oct",0,"GCL","fence count"
1964,"05-Oct",0,"GCL","fence count"
1964,"06-Oct",0,"GCL","fence count"
1964,"07-Oct",0,"GCL","fence count"
1964,"08-Oct",0,"GCL","fence count"
1964,"09-Oct",0,"GCL","fence count"
1964,"10-Oct",0,"GCL","fence count"
1964,"11-Oct",0,"GCL","fence count"
1964,"12-Oct",0,"GCL","fence count"
1964,"13-Oct",0,"GCL","fence count"
1964,"14-Oct",0,"GCL","fence count"
1964,"15-Oct",0,"GCL","fence count"
1964,"16-Oct",0,"GCL","fence count"
1964,"17-Oct",0,"GCL","fence count"
1964,"18-Oct",0,"GCL","fence count"
1964,"19-Oct",0,"GCL","fence count"
1964,"20-Oct",0,"GCL","fence count"
1964,"21-Oct",0,"GCL","fence count"
1964,"22-Oct",0,"GCL","fence count"
1964,"23-Oct",0,"GCL","fence count"
1964,"24-Oct",0,"GCL","fence count"
1964,"25-Oct",0,"GCL","fence count"
1964,"26-Oct",0,"GCL","fence count"
1964,"27-Oct",0,"GCL","fence count"
1964,"28-Oct",0,"GCL","fence count"
1964,"29-Oct",0,"GCL","fence count"
1964,"30-Oct",0,"GCL","fence count"
1964,"31-Oct",0,"GCL","fence count"
1964,"01-Nov",0,"GCL","fence count"
1965,"17-Jun",14,"GCL","fence count"
1965,"18-Jun",63,"GCL","fence count"
1965,"19-Jun",0,"GCL","fence count"
1965,"20-Jun",0,"GCL","fence count"
1965,"21-Jun",0,"GCL","fence count"
1965,"22-Jun",0,"GCL","fence count"
1965,"23-Jun",0,"GCL","fence count"
1965,"24-Jun",172,"GCL","fence count"
1965,"25-Jun",0,"GCL","fence count"
1965,"26-Jun",97,"GCL","fence count"
1965,"27-Jun",118,"GCL","fence count"
1965,"28-Jun",97,"GCL","fence count"
1965,"29-Jun",100,"GCL","fence count"
1965,"30-Jun",108,"GCL","fence count"
1965,"01-Jul",183,"GCL","fence count"
1965,"02-Jul",145,"GCL","fence count"
1965,"03-Jul",474,"GCL","fence count"
1965,"04-Jul",170,"GCL","fence count"
1965,"05-Jul",199,"GCL","fence count"
1965,"06-Jul",5,"GCL","fence count"
1965,"07-Jul",6,"GCL","fence count"
1965,"08-Jul",651,"GCL","fence count"
1965,"09-Jul",40,"GCL","fence count"
1965,"10-Jul",51,"GCL","fence count"
1965,"11-Jul",112,"GCL","fence count"
1965,"12-Jul",80,"GCL","fence count"
1965,"13-Jul",325,"GCL","fence count"
1965,"14-Jul",149,"GCL","fence count"
1965,"15-Jul",166,"GCL","fence count"
1965,"16-Jul",192,"GCL","fence count"
1965,"17-Jul",520,"GCL","fence count"
1965,"18-Jul",999,"GCL","fence count"
1965,"19-Jul",98,"GCL","fence count"
1965,"20-Jul",1381,"GCL","fence count"
1965,"21-Jul",1762,"GCL","fence count"
1965,"22-Jul",102,"GCL","fence count"
1965,"23-Jul",541,"GCL","fence count"
1965,"24-Jul",1353,"GCL","fence count"
1965,"25-Jul",1674,"GCL","fence count"
1965,"26-Jul",679,"GCL","fence count"
1965,"27-Jul",979,"GCL","fence count"
1965,"28-Jul",119,"GCL","fence count"
1965,"29-Jul",97,"GCL","fence count"
1965,"30-Jul",138,"GCL","fence count"
1965,"31-Jul",179,"GCL","fence count"
1965,"01-Aug",220,"GCL","fence count"
1965,"02-Aug",84,"GCL","fence count"
1965,"03-Aug",96,"GCL","fence count"
1965,"04-Aug",74,"GCL","fence count"
1965,"05-Aug",102,"GCL","fence count"
1965,"06-Aug",29,"GCL","fence count"
1965,"07-Aug",34,"GCL","fence count"
1965,"08-Aug",251,"GCL","fence count"
1965,"09-Aug",63,"GCL","fence count"
1965,"10-Aug",90,"GCL","fence count"
1965,"11-Aug",109,"GCL","fence count"
1965,"12-Aug",27,"GCL","fence count"
1965,"13-Aug",211,"GCL","fence count"
1965,"14-Aug",0,"GCL","fence count"
1965,"15-Aug",83,"GCL","fence count"
1965,"16-Aug",51,"GCL","fence count"
1965,"17-Aug",420,"GCL","fence count"
1965,"18-Aug",220,"GCL","fence count"
1965,"19-Aug",191,"GCL","fence count"
1965,"20-Aug",61,"GCL","fence count"
1965,"21-Aug",28,"GCL","fence count"
1965,"22-Aug",11,"GCL","fence count"
1965,"23-Aug",28,"GCL","fence count"
1965,"24-Aug",45,"GCL","fence count"
1965,"25-Aug",74,"GCL","fence count"
1965,"26-Aug",21,"GCL","fence count"
1965,"27-Aug",21,"GCL","fence count"
1965,"28-Aug",20,"GCL","fence count"
1965,"29-Aug",20,"GCL","fence count"
1965,"30-Aug",0,"GCL","fence count"
1965,"31-Aug",0,"GCL","fence count"
1965,"01-Sep",35,"GCL","fence count"
1965,"02-Sep",119,"GCL","fence count"
1965,"03-Sep",769,"GCL","fence count"
1965,"04-Sep",108,"GCL","fence count"
1965,"05-Sep",219,"GCL","fence count"
1965,"06-Sep",103,"GCL","fence count"
1965,"07-Sep",176,"GCL","fence count"
1965,"08-Sep",784,"GCL","fence count"
1965,"09-Sep",693,"GCL","fence count"
1965,"10-Sep",229,"GCL","fence count"
1965,"11-Sep",108,"GCL","fence count"
1965,"12-Sep",194,"GCL","fence count"
1965,"13-Sep",269,"GCL","fence count"
1965,"14-Sep",228,"GCL","fence count"
1965,"15-Sep",119,"GCL","fence count"
1965,"16-Sep",543,"GCL","fence count"
1965,"17-Sep",240,"GCL","fence count"
1965,"18-Sep",267,"GCL","fence count"
1965,"19-Sep",930,"GCL","fence count"
1965,"20-Sep",729,"GCL","fence count"
1965,"21-Sep",97,"GCL","fence count"
1965,"22-Sep",39,"GCL","fence count"
1965,"23-Sep",20,"GCL","fence count"
1965,"24-Sep",15,"GCL","fence count"
1965,"25-Sep",59,"GCL","fence count"
1965,"26-Sep",386,"GCL","fence count"
1965,"27-Sep",166,"GCL","fence count"
1965,"28-Sep",129,"GCL","fence count"
1965,"29-Sep",148,"GCL","fence count"
1965,"30-Sep",202,"GCL","fence count"
1965,"01-Oct",256,"GCL","fence count"
1965,"02-Oct",311,"GCL","fence count"
1965,"03-Oct",149,"GCL","fence count"
1965,"04-Oct",160,"GCL","fence count"
1966,"09-Jul",506,"GCL","fence count"
1966,"10-Jul",206,"GCL","fence count"
1966,"11-Jul",767,"GCL","fence count"
1966,"12-Jul",400,"GCL","fence count"
1966,"13-Jul",1614,"GCL","fence count"
1966,"14-Jul",8614,"GCL","fence count"
1966,"15-Jul",3650,"GCL","fence count"
1966,"16-Jul",549,"GCL","fence count"
1966,"17-Jul",501,"GCL","fence count"
1966,"18-Jul",3693,"GCL","fence count"
1966,"19-Jul",2570,"GCL","fence count"
1966,"20-Jul",506,"GCL","fence count"
1966,"21-Jul",589,"GCL","fence count"
1966,"22-Jul",1111,"GCL","fence count"
1966,"23-Jul",285,"GCL","fence count"
1966,"24-Jul",1827,"GCL","fence count"
1966,"25-Jul",750,"GCL","fence count"
1966,"26-Jul",380,"GCL","fence count"
1966,"27-Jul",0,"GCL","fence count"
1966,"28-Jul",659,"GCL","fence count"
1966,"29-Jul",1783,"GCL","fence count"
1966,"30-Jul",1126,"GCL","fence count"
1966,"31-Jul",854,"GCL","fence count"
1966,"01-Aug",582,"GCL","fence count"
1966,"02-Aug",310,"GCL","fence count"
1966,"03-Aug",176,"GCL","fence count"
1966,"04-Aug",534,"GCL","fence count"
1966,"05-Aug",654,"GCL","fence count"
1966,"06-Aug",630,"GCL","fence count"
1966,"07-Aug",206,"GCL","fence count"
1966,"08-Aug",338,"GCL","fence count"
1966,"09-Aug",1976,"GCL","fence count"
1966,"10-Aug",516,"GCL","fence count"
1966,"11-Aug",658,"GCL","fence count"
1966,"12-Aug",252,"GCL","fence count"
1966,"13-Aug",373,"GCL","fence count"
1966,"14-Aug",264,"GCL","fence count"
1966,"15-Aug",307,"GCL","fence count"
1966,"16-Aug",50,"GCL","fence count"
1966,"17-Aug",222,"GCL","fence count"
1966,"18-Aug",680,"GCL","fence count"
1966,"19-Aug",264,"GCL","fence count"
1966,"20-Aug",819,"GCL","fence count"
1966,"21-Aug",193,"GCL","fence count"
1966,"22-Aug",51,"GCL","fence count"
1966,"23-Aug",11,"GCL","fence count"
1966,"24-Aug",23,"GCL","fence count"
1966,"25-Aug",25,"GCL","fence count"
1966,"26-Aug",91,"GCL","fence count"
1966,"27-Aug",132,"GCL","fence count"
1966,"28-Aug",1448,"GCL","fence count"
1966,"29-Aug",231,"GCL","fence count"
1966,"30-Aug",197,"GCL","fence count"
1966,"31-Aug",295,"GCL","fence count"
1966,"01-Sep",394,"GCL","fence count"
1966,"02-Sep",492,"GCL","fence count"
1966,"03-Sep",2018,"GCL","fence count"
1966,"04-Sep",1750,"GCL","fence count"
1966,"05-Sep",126,"GCL","fence count"
1966,"06-Sep",472,"GCL","fence count"
1966,"07-Sep",587,"GCL","fence count"
1966,"08-Sep",100,"GCL","fence count"
1966,"09-Sep",142,"GCL","fence count"
1966,"10-Sep",248,"GCL","fence count"
1966,"11-Sep",1279,"GCL","fence count"
1966,"12-Sep",851,"GCL","fence count"
1966,"13-Sep",348,"GCL","fence count"
1966,"14-Sep",266,"GCL","fence count"
1966,"15-Sep",238,"GCL","fence count"
1966,"16-Sep",1898,"GCL","fence count"
1966,"17-Sep",1193,"GCL","fence count"
1966,"18-Sep",445,"GCL","fence count"
1966,"19-Sep",450,"GCL","fence count"
1966,"20-Sep",455,"GCL","fence count"
1966,"21-Sep",461,"GCL","fence count"
1966,"22-Sep",466,"GCL","fence count"
1966,"23-Sep",1434,"GCL","fence count"
1966,"24-Sep",698,"GCL","fence count"
1966,"25-Sep",360,"GCL","fence count"
1966,"26-Sep",280,"GCL","fence count"
1966,"27-Sep",383,"GCL","fence count"
1966,"28-Sep",260,"GCL","fence count"
1966,"29-Sep",212,"GCL","fence count"
1966,"30-Sep",163,"GCL","fence count"
1966,"01-Oct",115,"GCL","fence count"
1966,"02-Oct",67,"GCL","fence count"
1966,"03-Oct",58,"GCL","fence count"
1966,"04-Oct",55,"GCL","fence count"
1966,"05-Oct",11,"GCL","fence count"
1966,"06-Oct",32,"GCL","fence count"
1966,"07-Oct",38,"GCL","fence count"
1966,"08-Oct",34,"GCL","fence count"
1966,"09-Oct",59,"GCL","fence count"
1966,"10-Oct",14,"GCL","fence count"
1966,"11-Oct",47,"GCL","fence count"
1966,"12-Oct",17,"GCL","fence count"
1966,"13-Oct",10,"GCL","fence count"
1966,"14-Oct",11,"GCL","fence count"
1966,"15-Oct",12,"GCL","fence count"
1966,"16-Oct",13,"GCL","fence count"
1966,"17-Oct",0,"GCL","fence count"
1966,"18-Oct",9,"GCL","fence count"
1966,"19-Oct",7,"GCL","fence count"
1966,"20-Oct",46,"GCL","fence count"
1966,"21-Oct",0,"GCL","fence count"
1966,"22-Oct",0,"GCL","fence count"
1966,"23-Oct",0,"GCL","fence count"
1967,"25-Jun",22,"GCL","fence count"
1967,"26-Jun",28,"GCL","fence count"
1967,"27-Jun",254,"GCL","fence count"
1967,"28-Jun",217,"GCL","fence count"
1967,"29-Jun",181,"GCL","fence count"
1967,"30-Jun",145,"GCL","fence count"
1967,"01-Jul",370,"GCL","fence count"
1967,"02-Jul",130,"GCL","fence count"
1967,"03-Jul",400,"GCL","fence count"
1967,"04-Jul",375,"GCL","fence count"
1967,"05-Jul",403,"GCL","fence count"
1967,"06-Jul",279,"GCL","fence count"
1967,"07-Jul",155,"GCL","fence count"
1967,"08-Jul",107,"GCL","fence count"
1967,"09-Jul",13,"GCL","fence count"
1967,"10-Jul",52,"GCL","fence count"
1967,"11-Jul",83,"GCL","fence count"
1967,"12-Jul",92,"GCL","fence count"
1967,"13-Jul",227,"GCL","fence count"
1967,"14-Jul",267,"GCL","fence count"
1967,"15-Jul",82,"GCL","fence count"
1967,"16-Jul",143,"GCL","fence count"
1967,"17-Jul",273,"GCL","fence count"
1967,"18-Jul",117,"GCL","fence count"
1967,"19-Jul",83,"GCL","fence count"
1967,"20-Jul",84,"GCL","fence count"
1967,"21-Jul",85,"GCL","fence count"
1967,"22-Jul",44,"GCL","fence count"
1967,"23-Jul",108,"GCL","fence count"
1967,"24-Jul",32,"GCL","fence count"
1967,"25-Jul",58,"GCL","fence count"
1967,"26-Jul",124,"GCL","fence count"
1967,"27-Jul",191,"GCL","fence count"
1967,"28-Jul",257,"GCL","fence count"
1967,"29-Jul",131,"GCL","fence count"
1967,"30-Jul",399,"GCL","fence count"
1967,"31-Jul",1485,"GCL","fence count"
1967,"01-Aug",1542,"GCL","fence count"
1967,"02-Aug",714,"GCL","fence count"
1967,"03-Aug",406,"GCL","fence count"
1967,"04-Aug",399,"GCL","fence count"
1967,"05-Aug",323,"GCL","fence count"
1967,"06-Aug",216,"GCL","fence count"
1967,"07-Aug",23,"GCL","fence count"
1967,"08-Aug",171,"GCL","fence count"
1967,"09-Aug",133,"GCL","fence count"
1967,"10-Aug",127,"GCL","fence count"
1967,"11-Aug",913,"GCL","fence count"
1967,"12-Aug",1112,"GCL","fence count"
1967,"13-Aug",524,"GCL","fence count"
1967,"14-Aug",617,"GCL","fence count"
1967,"15-Aug",229,"GCL","fence count"
1967,"16-Aug",188,"GCL","fence count"
1967,"17-Aug",29,"GCL","fence count"
1967,"18-Aug",210,"GCL","fence count"
1967,"19-Aug",30,"GCL","fence count"
1967,"20-Aug",0,"GCL","fence count"
1967,"21-Aug",27,"GCL","fence count"
1967,"22-Aug",23,"GCL","fence count"
1967,"23-Aug",28,"GCL","fence count"
1967,"24-Aug",13,"GCL","fence count"
1967,"25-Aug",17,"GCL","fence count"
1967,"26-Aug",17,"GCL","fence count"
1967,"27-Aug",17,"GCL","fence count"
1967,"28-Aug",17,"GCL","fence count"
1967,"29-Aug",72,"GCL","fence count"
1967,"30-Aug",62,"GCL","fence count"
1967,"31-Aug",52,"GCL","fence count"
1967,"01-Sep",42,"GCL","fence count"
1967,"02-Sep",56,"GCL","fence count"
1967,"03-Sep",52,"GCL","fence count"
1967,"04-Sep",128,"GCL","fence count"
1967,"05-Sep",204,"GCL","fence count"
1967,"06-Sep",159,"GCL","fence count"
1967,"07-Sep",389,"GCL","fence count"
1967,"08-Sep",265,"GCL","fence count"
1967,"09-Sep",1362,"GCL","fence count"
1967,"10-Sep",2518,"GCL","fence count"
1967,"11-Sep",2780,"GCL","fence count"
1967,"12-Sep",1006,"GCL","fence count"
1967,"13-Sep",1928,"GCL","fence count"
1967,"14-Sep",1152,"GCL","fence count"
1967,"15-Sep",122,"GCL","fence count"
1967,"16-Sep",2043,"GCL","fence count"
1967,"17-Sep",147,"GCL","fence count"
1967,"18-Sep",73,"GCL","fence count"
1967,"19-Sep",635,"GCL","fence count"
1967,"20-Sep",1579,"GCL","fence count"
1967,"21-Sep",677,"GCL","fence count"
1967,"22-Sep",335,"GCL","fence count"
1967,"23-Sep",689,"GCL","fence count"
1967,"24-Sep",124,"GCL","fence count"
1967,"25-Sep",511,"GCL","fence count"
1967,"26-Sep",153,"GCL","fence count"
1967,"27-Sep",111,"GCL","fence count"
1967,"28-Sep",109,"GCL","fence count"
1967,"29-Sep",107,"GCL","fence count"
1967,"30-Sep",105,"GCL","fence count"
1967,"01-Oct",392,"GCL","fence count"
1967,"02-Oct",2352,"GCL","fence count"
1967,"03-Oct",678,"GCL","fence count"
1967,"04-Oct",373,"GCL","fence count"
1967,"05-Oct",189,"GCL","fence count"
1968,"09-Jun",185,"GCL","fence count"
1968,"10-Jun",241,"GCL","fence count"
1968,"11-Jun",482,"GCL","fence count"
1968,"12-Jun",253,"GCL","fence count"
1968,"13-Jun",562,"GCL","fence count"
1968,"14-Jun",187,"GCL","fence count"
1968,"15-Jun",93,"GCL","fence count"
1968,"16-Jun",162,"GCL","fence count"
1968,"17-Jun",694,"GCL","fence count"
1968,"18-Jun",653,"GCL","fence count"
1968,"19-Jun",406,"GCL","fence count"
1968,"20-Jun",357,"GCL","fence count"
1968,"21-Jun",1379,"GCL","fence count"
1968,"22-Jun",1746,"GCL","fence count"
1968,"23-Jun",908,"GCL","fence count"
1968,"24-Jun",258,"GCL","fence count"
1968,"25-Jun",2237,"GCL","fence count"
1968,"26-Jun",838,"GCL","fence count"
1968,"27-Jun",981,"GCL","fence count"
1968,"28-Jun",748,"GCL","fence count"
1968,"29-Jun",514,"GCL","fence count"
1968,"30-Jun",281,"GCL","fence count"
1968,"01-Jul",533,"GCL","fence count"
1968,"02-Jul",4742,"GCL","fence count"
1968,"03-Jul",1769,"GCL","fence count"
1968,"04-Jul",1888,"GCL","fence count"
1968,"05-Jul",994,"GCL","fence count"
1968,"06-Jul",140,"GCL","fence count"
1968,"07-Jul",312,"GCL","fence count"
1968,"08-Jul",104,"GCL","fence count"
1968,"09-Jul",180,"GCL","fence count"
1968,"10-Jul",100,"GCL","fence count"
1968,"11-Jul",102,"GCL","fence count"
1968,"12-Jul",105,"GCL","fence count"
1968,"13-Jul",153,"GCL","fence count"
1968,"14-Jul",74,"GCL","fence count"
1968,"15-Jul",192,"GCL","fence count"
1968,"16-Jul",87,"GCL","fence count"
1968,"17-Jul",194,"GCL","fence count"
1968,"18-Jul",128,"GCL","fence count"
1968,"19-Jul",292,"GCL","fence count"
1968,"20-Jul",1875,"GCL","fence count"
1968,"21-Jul",1150,"GCL","fence count"
1968,"22-Jul",1097,"GCL","fence count"
1968,"23-Jul",2099,"GCL","fence count"
1968,"24-Jul",2522,"GCL","fence count"
1968,"25-Jul",1693,"GCL","fence count"
1968,"26-Jul",1473,"GCL","fence count"
1968,"27-Jul",538,"GCL","fence count"
1968,"28-Jul",173,"GCL","fence count"
1968,"29-Jul",237,"GCL","fence count"
1968,"30-Jul",114,"GCL","fence count"
1968,"31-Jul",89,"GCL","fence count"
1968,"01-Aug",64,"GCL","fence count"
1968,"02-Aug",39,"GCL","fence count"
1968,"03-Aug",173,"GCL","fence count"
1968,"04-Aug",37,"GCL","fence count"
1968,"05-Aug",106,"GCL","fence count"
1968,"06-Aug",55,"GCL","fence count"
1968,"07-Aug",75,"GCL","fence count"
1968,"08-Aug",167,"GCL","fence count"
1968,"09-Aug",46,"GCL","fence count"
1968,"10-Aug",192,"GCL","fence count"
1968,"11-Aug",27,"GCL","fence count"
1968,"12-Aug",26,"GCL","fence count"
1968,"13-Aug",47,"GCL","fence count"
1968,"14-Aug",322,"GCL","fence count"
1968,"15-Aug",1315,"GCL","fence count"
1968,"16-Aug",2227,"GCL","fence count"
1968,"17-Aug",719,"GCL","fence count"
1968,"18-Aug",541,"GCL","fence count"
1968,"19-Aug",364,"GCL","fence count"
1968,"20-Aug",789,"GCL","fence count"
1968,"21-Aug",46,"GCL","fence count"
1968,"22-Aug",51,"GCL","fence count"
1968,"23-Aug",385,"GCL","fence count"
1968,"24-Aug",559,"GCL","fence count"
1968,"25-Aug",437,"GCL","fence count"
1968,"26-Aug",353,"GCL","fence count"
1968,"27-Aug",907,"GCL","fence count"
1968,"28-Aug",1371,"GCL","fence count"
1968,"29-Aug",1946,"GCL","fence count"
1968,"30-Aug",2521,"GCL","fence count"
1968,"31-Aug",3095,"GCL","fence count"
1968,"01-Sep",5595,"GCL","fence count"
1968,"02-Sep",3287,"GCL","fence count"
1968,"03-Sep",1843,"GCL","fence count"
1968,"04-Sep",1847,"GCL","fence count"
1968,"05-Sep",2642,"GCL","fence count"
1968,"06-Sep",836,"GCL","fence count"
1968,"07-Sep",896,"GCL","fence count"
1968,"08-Sep",677,"GCL","fence count"
1968,"09-Sep",543,"GCL","fence count"
1968,"10-Sep",384,"GCL","fence count"
1968,"11-Sep",199,"GCL","fence count"
1968,"12-Sep",738,"GCL","fence count"
1968,"13-Sep",228,"GCL","fence count"
1968,"14-Sep",553,"GCL","fence count"
1968,"15-Sep",458,"GCL","fence count"
1968,"16-Sep",301,"GCL","fence count"
1968,"17-Sep",665,"GCL","fence count"
1968,"18-Sep",360,"GCL","fence count"
1968,"19-Sep",419,"GCL","fence count"
1968,"20-Sep",348,"GCL","fence count"
1968,"21-Sep",138,"GCL","fence count"
1968,"22-Sep",133,"GCL","fence count"
1968,"23-Sep",256,"GCL","fence count"
1968,"24-Sep",316,"GCL","fence count"
1968,"25-Sep",222,"GCL","fence count"
1968,"26-Sep",128,"GCL","fence count"
1968,"27-Sep",33,"GCL","fence count"
1968,"28-Sep",74,"GCL","fence count"
1968,"29-Sep",60,"GCL","fence count"
1968,"30-Sep",79,"GCL","fence count"
1968,"01-Oct",42,"GCL","fence count"
1968,"02-Oct",53,"GCL","fence count"
1968,"03-Oct",22,"GCL","fence count"
1968,"04-Oct",26,"GCL","fence count"
1968,"05-Oct",11,"GCL","fence count"
1968,"06-Oct",17,"GCL","fence count"
1968,"07-Oct",0,"GCL","fence count"
1968,"08-Oct",16,"GCL","fence count"
1968,"09-Oct",6,"GCL","fence count"
1968,"10-Oct",0,"GCL","fence count"
1968,"11-Oct",0,"GCL","fence count"
1968,"12-Oct",0,"GCL","fence count"
1968,"13-Oct",0,"GCL","fence count"
1968,"14-Oct",0,"GCL","fence count"
1968,"15-Oct",0,"GCL","fence count"
1968,"16-Oct",0,"GCL","fence count"
1968,"17-Oct",0,"GCL","fence count"
1968,"18-Oct",0,"GCL","fence count"
1968,"19-Oct",0,"GCL","fence count"
1969,"22-Jun",219,"GCL","fence count"
1969,"23-Jun",555,"GCL","fence count"
1969,"24-Jun",375,"GCL","fence count"
1969,"25-Jun",241,"GCL","fence count"
1969,"26-Jun",59,"GCL","fence count"
1969,"27-Jun",1760,"GCL","fence count"
1969,"28-Jun",1229,"GCL","fence count"
1969,"29-Jun",831,"GCL","fence count"
1969,"30-Jun",454,"GCL","fence count"
1969,"01-Jul",813,"GCL","fence count"
1969,"02-Jul",1108,"GCL","fence count"
1969,"03-Jul",4097,"GCL","fence count"
1969,"04-Jul",803,"GCL","fence count"
1969,"05-Jul",903,"GCL","fence count"
1969,"06-Jul",1003,"GCL","fence count"
1969,"07-Jul",2130,"GCL","fence count"
1969,"08-Jul",1246,"GCL","fence count"
1969,"09-Jul",699,"GCL","fence count"
1969,"10-Jul",1607,"GCL","fence count"
1969,"11-Jul",1489,"GCL","fence count"
1969,"12-Jul",275,"GCL","fence count"
1969,"13-Jul",321,"GCL","fence count"
1969,"14-Jul",714,"GCL","fence count"
1969,"15-Jul",537,"GCL","fence count"
1969,"16-Jul",193,"GCL","fence count"
1969,"17-Jul",902,"GCL","fence count"
1969,"18-Jul",320,"GCL","fence count"
1969,"19-Jul",435,"GCL","fence count"
1969,"20-Jul",295,"GCL","fence count"
1969,"21-Jul",1300,"GCL","fence count"
1969,"22-Jul",155,"GCL","fence count"
1969,"23-Jul",165,"GCL","fence count"
1969,"24-Jul",398,"GCL","fence count"
1969,"25-Jul",108,"GCL","fence count"
1969,"26-Jul",65,"GCL","fence count"
1969,"27-Jul",52,"GCL","fence count"
1969,"28-Jul",74,"GCL","fence count"
1969,"29-Jul",319,"GCL","fence count"
1969,"30-Jul",325,"GCL","fence count"
1969,"31-Jul",244,"GCL","fence count"
1969,"01-Aug",162,"GCL","fence count"
1969,"02-Aug",81,"GCL","fence count"
1969,"03-Aug",171,"GCL","fence count"
1969,"04-Aug",1518,"GCL","fence count"
1969,"05-Aug",471,"GCL","fence count"
1969,"06-Aug",2201,"GCL","fence count"
1969,"07-Aug",2535,"GCL","fence count"
1969,"08-Aug",675,"GCL","fence count"
1969,"09-Aug",1997,"GCL","fence count"
1969,"10-Aug",1530,"GCL","fence count"
1969,"11-Aug",3341,"GCL","fence count"
1969,"12-Aug",2190,"GCL","fence count"
1969,"13-Aug",4042,"GCL","fence count"
1969,"14-Aug",4110,"GCL","fence count"
1969,"15-Aug",4792,"GCL","fence count"
1969,"16-Aug",1692,"GCL","fence count"
1969,"17-Aug",1349,"GCL","fence count"
1969,"18-Aug",1980,"GCL","fence count"
1969,"19-Aug",3074,"GCL","fence count"
1969,"20-Aug",1005,"GCL","fence count"
1969,"21-Aug",909,"GCL","fence count"
1969,"22-Aug",332,"GCL","fence count"
1969,"23-Aug",1068,"GCL","fence count"
1969,"24-Aug",564,"GCL","fence count"
1969,"25-Aug",2031,"GCL","fence count"
1969,"26-Aug",433,"GCL","fence count"
1969,"27-Aug",1055,"GCL","fence count"
1969,"28-Aug",851,"GCL","fence count"
1969,"29-Aug",647,"GCL","fence count"
1969,"30-Aug",442,"GCL","fence count"
1969,"31-Aug",372,"GCL","fence count"
1969,"01-Sep",393,"GCL","fence count"
1969,"02-Sep",406,"GCL","fence count"
1969,"03-Sep",2445,"GCL","fence count"
1969,"04-Sep",697,"GCL","fence count"
1969,"05-Sep",1415,"GCL","fence count"
1969,"06-Sep",801,"GCL","fence count"
1969,"07-Sep",745,"GCL","fence count"
1969,"08-Sep",369,"GCL","fence count"
1969,"09-Sep",500,"GCL","fence count"
1969,"10-Sep",137,"GCL","fence count"
1969,"11-Sep",557,"GCL","fence count"
1969,"12-Sep",114,"GCL","fence count"
1969,"13-Sep",139,"GCL","fence count"
1969,"14-Sep",232,"GCL","fence count"
1969,"15-Sep",169,"GCL","fence count"
1969,"16-Sep",156,"GCL","fence count"
1969,"17-Sep",354,"GCL","fence count"
1969,"18-Sep",51,"GCL","fence count"
1969,"19-Sep",147,"GCL","fence count"
1969,"20-Sep",100,"GCL","fence count"
1969,"21-Sep",177,"GCL","fence count"
1969,"22-Sep",113,"GCL","fence count"
1969,"23-Sep",180,"GCL","fence count"
1969,"24-Sep",32,"GCL","fence count"
1969,"25-Sep",66,"GCL","fence count"
1969,"26-Sep",57,"GCL","fence count"
1969,"27-Sep",49,"GCL","fence count"
1969,"28-Sep",40,"GCL","fence count"
1969,"29-Sep",146,"GCL","fence count"
1969,"30-Sep",108,"GCL","fence count"
1969,"01-Oct",100,"GCL","fence count"
1969,"02-Oct",65,"GCL","fence count"
1969,"03-Oct",29,"GCL","fence count"
1969,"04-Oct",46,"GCL","fence count"
1969,"05-Oct",22,"GCL","fence count"
1969,"06-Oct",13,"GCL","fence count"
1969,"07-Oct",36,"GCL","fence count"
1969,"08-Oct",10,"GCL","fence count"
1969,"09-Oct",9,"GCL","fence count"
1969,"10-Oct",13,"GCL","fence count"
1969,"11-Oct",0,"GCL","fence count"
1969,"12-Oct",4,"GCL","fence count"
1969,"13-Oct",7,"GCL","fence count"
1969,"14-Oct",0,"GCL","fence count"
1969,"15-Oct",12,"GCL","fence count"
1969,"16-Oct",0,"GCL","fence count"
1969,"17-Oct",0,"GCL","fence count"
1969,"18-Oct",7,"GCL","fence count"
1969,"19-Oct",0,"GCL","fence count"
1969,"20-Oct",0,"GCL","fence count"
1969,"21-Oct",0,"GCL","fence count"
1969,"22-Oct",0,"GCL","fence count"
1969,"23-Oct",0,"GCL","fence count"
1969,"24-Oct",15,"GCL","fence count"
1969,"25-Oct",0,"GCL","fence count"
1969,"26-Oct",0,"GCL","fence count"
1969,"27-Oct",0,"GCL","fence count"
1969,"28-Oct",0,"GCL","fence count"
1969,"29-Oct",0,"GCL","fence count"
1969,"30-Oct",0,"GCL","fence count"
1969,"31-Oct",0,"GCL","fence count"
1969,"01-Nov",0,"GCL","fence count"
1969,"02-Nov",0,"GCL","fence count"
1969,"03-Nov",0,"GCL","fence count"
1969,"04-Nov",0,"GCL","fence count"
1969,"05-Nov",0,"GCL","fence count"
1969,"06-Nov",0,"GCL","fence count"
1969,"07-Nov",0,"GCL","fence count"
1969,"08-Nov",0,"GCL","fence count"
1969,"09-Nov",0,"GCL","fence count"
1969,"10-Nov",0,"GCL","fence count"
1969,"11-Nov",0,"GCL","fence count"
1969,"12-Nov",0,"GCL","fence count"
1969,"13-Nov",0,"GCL","fence count"
1969,"14-Nov",0,"GCL","fence count"
1969,"15-Nov",0,"GCL","fence count"
1969,"16-Nov",0,"GCL","fence count"
1969,"17-Nov",0,"GCL","fence count"
1969,"18-Nov",0,"GCL","fence count"
1969,"19-Nov",0,"GCL","fence count"
1970,"09-Jun",0,"GCL","fence count"
1970,"10-Jun",0,"GCL","fence count"
1970,"11-Jun",0,"GCL","fence count"
1970,"12-Jun",37,"GCL","fence count"
1970,"13-Jun",18,"GCL","fence count"
1970,"14-Jun",0,"GCL","fence count"
1970,"15-Jun",184,"GCL","fence count"
1970,"16-Jun",368,"GCL","fence count"
1970,"17-Jun",33,"GCL","fence count"
1970,"18-Jun",53,"GCL","fence count"
1970,"19-Jun",72,"GCL","fence count"
1970,"20-Jun",91,"GCL","fence count"
1970,"21-Jun",111,"GCL","fence count"
1970,"22-Jun",173,"GCL","fence count"
1970,"23-Jun",324,"GCL","fence count"
1970,"24-Jun",213,"GCL","fence count"
1970,"25-Jun",149,"GCL","fence count"
1970,"26-Jun",85,"GCL","fence count"
1970,"27-Jun",21,"GCL","fence count"
1970,"28-Jun",20,"GCL","fence count"
1970,"29-Jun",20,"GCL","fence count"
1970,"30-Jun",16,"GCL","fence count"
1970,"01-Jul",0,"GCL","fence count"
1970,"02-Jul",92,"GCL","fence count"
1970,"03-Jul",185,"GCL","fence count"
1970,"04-Jul",162,"GCL","fence count"
1970,"05-Jul",393,"GCL","fence count"
1970,"06-Jul",1223,"GCL","fence count"
1970,"07-Jul",176,"GCL","fence count"
1970,"08-Jul",252,"GCL","fence count"
1970,"09-Jul",262,"GCL","fence count"
1970,"10-Jul",175,"GCL","fence count"
1970,"11-Jul",87,"GCL","fence count"
1970,"12-Jul",74,"GCL","fence count"
1970,"13-Jul",51,"GCL","fence count"
1970,"14-Jul",39,"GCL","fence count"
1970,"15-Jul",53,"GCL","fence count"
1970,"16-Jul",23,"GCL","fence count"
1970,"17-Jul",345,"GCL","fence count"
1970,"18-Jul",204,"GCL","fence count"
1970,"19-Jul",63,"GCL","fence count"
1970,"20-Jul",40,"GCL","fence count"
1970,"21-Jul",63,"GCL","fence count"
1970,"22-Jul",69,"GCL","fence count"
1970,"23-Jul",59,"GCL","fence count"
1970,"24-Jul",51,"GCL","fence count"
1970,"25-Jul",60,"GCL","fence count"
1970,"26-Jul",68,"GCL","fence count"
1970,"27-Jul",28,"GCL","fence count"
1970,"28-Jul",87,"GCL","fence count"
1970,"29-Jul",115,"GCL","fence count"
1970,"30-Jul",442,"GCL","fence count"
1970,"31-Jul",330,"GCL","fence count"
1970,"01-Aug",218,"GCL","fence count"
1970,"02-Aug",137,"GCL","fence count"
1970,"03-Aug",125,"GCL","fence count"
1970,"04-Aug",39,"GCL","fence count"
1970,"05-Aug",52,"GCL","fence count"
1970,"06-Aug",66,"GCL","fence count"
1970,"07-Aug",80,"GCL","fence count"
1970,"08-Aug",480,"GCL","fence count"
1970,"09-Aug",121,"GCL","fence count"
1970,"10-Aug",29,"GCL","fence count"
1970,"11-Aug",308,"GCL","fence count"
1970,"12-Aug",126,"GCL","fence count"
1970,"13-Aug",171,"GCL","fence count"
1970,"14-Aug",74,"GCL","fence count"
1970,"15-Aug",51,"GCL","fence count"
1970,"16-Aug",28,"GCL","fence count"
1970,"17-Aug",56,"GCL","fence count"
1970,"18-Aug",71,"GCL","fence count"
1970,"19-Aug",27,"GCL","fence count"
1970,"20-Aug",75,"GCL","fence count"
1970,"21-Aug",354,"GCL","fence count"
1970,"22-Aug",209,"GCL","fence count"
1970,"23-Aug",63,"GCL","fence count"
1970,"24-Aug",269,"GCL","fence count"
1970,"25-Aug",158,"GCL","fence count"
1970,"26-Aug",170,"GCL","fence count"
1970,"27-Aug",183,"GCL","fence count"
1970,"28-Aug",295,"GCL","fence count"
1970,"29-Aug",216,"GCL","fence count"
1970,"30-Aug",136,"GCL","fence count"
1970,"31-Aug",80,"GCL","fence count"
1970,"01-Sep",150,"GCL","fence count"
1970,"02-Sep",67,"GCL","fence count"
1970,"03-Sep",152,"GCL","fence count"
1970,"04-Sep",238,"GCL","fence count"
1970,"05-Sep",324,"GCL","fence count"
1970,"06-Sep",411,"GCL","fence count"
1970,"07-Sep",503,"GCL","fence count"
1970,"08-Sep",563,"GCL","fence count"
1970,"09-Sep",474,"GCL","fence count"
1970,"10-Sep",511,"GCL","fence count"
1970,"11-Sep",407,"GCL","fence count"
1970,"12-Sep",304,"GCL","fence count"
1970,"13-Sep",200,"GCL","fence count"
1970,"14-Sep",332,"GCL","fence count"
1970,"15-Sep",379,"GCL","fence count"
1970,"16-Sep",292,"GCL","fence count"
1970,"17-Sep",231,"GCL","fence count"
1970,"18-Sep",170,"GCL","fence count"
1970,"19-Sep",159,"GCL","fence count"
1970,"20-Sep",148,"GCL","fence count"
1970,"21-Sep",172,"GCL","fence count"
1970,"22-Sep",226,"GCL","fence count"
1970,"23-Sep",146,"GCL","fence count"
1970,"24-Sep",66,"GCL","fence count"
1970,"25-Sep",37,"GCL","fence count"
1970,"26-Sep",70,"GCL","fence count"
1970,"27-Sep",102,"GCL","fence count"
1970,"28-Sep",21,"GCL","fence count"
1970,"29-Sep",15,"GCL","fence count"
1970,"30-Sep",17,"GCL","fence count"
1970,"01-Oct",18,"GCL","fence count"
1970,"02-Oct",20,"GCL","fence count"
1970,"03-Oct",29,"GCL","fence count"
1970,"04-Oct",28,"GCL","fence count"
1970,"05-Oct",26,"GCL","fence count"
1970,"06-Oct",27,"GCL","fence count"
1970,"07-Oct",24,"GCL","fence count"
1970,"08-Oct",20,"GCL","fence count"
1970,"09-Oct",11,"GCL","fence count"
1970,"10-Oct",9,"GCL","fence count"
1970,"11-Oct",6,"GCL","fence count"
1970,"12-Oct",20,"GCL","fence count"
1970,"13-Oct",5,"GCL","fence count"
1970,"14-Oct",8,"GCL","fence count"
1970,"15-Oct",0,"GCL","fence count"
1970,"16-Oct",0,"GCL","fence count"
1970,"17-Oct",0,"GCL","fence count"
1970,"18-Oct",17,"GCL","fence count"
1970,"19-Oct",33,"GCL","fence count"
1970,"20-Oct",8,"GCL","fence count"
1970,"21-Oct",11,"GCL","fence count"
1970,"22-Oct",6,"GCL","fence count"
1970,"23-Oct",0,"GCL","fence count"
1970,"24-Oct",0,"GCL","fence count"
1970,"25-Oct",0,"GCL","fence count"
1970,"26-Oct",0,"GCL","fence count"
1970,"27-Oct",0,"GCL","fence count"
1970,"28-Oct",0,"GCL","fence count"
1970,"29-Oct",0,"GCL","fence count"
1970,"30-Oct",0,"GCL","fence count"
1970,"31-Oct",0,"GCL","fence count"
1970,"01-Nov",0,"GCL","fence count"
1970,"02-Nov",0,"GCL","fence count"
1970,"03-Nov",0,"GCL","fence count"
1970,"04-Nov",0,"GCL","fence count"
1970,"05-Nov",0,"GCL","fence count"
1970,"06-Nov",0,"GCL","fence count"
1970,"07-Nov",0,"GCL","fence count"
1970,"08-Nov",0,"GCL","fence count"
1971,"30-Jun",34,"GCL","fence count"
1971,"01-Jul",80,"GCL","fence count"
1971,"02-Jul",27,"GCL","fence count"
1971,"03-Jul",39,"GCL","fence count"
1971,"04-Jul",52,"GCL","fence count"
1971,"05-Jul",0,"GCL","fence count"
1971,"06-Jul",1468,"GCL","fence count"
1971,"07-Jul",1069,"GCL","fence count"
1971,"08-Jul",615,"GCL","fence count"
1971,"09-Jul",958,"GCL","fence count"
1971,"10-Jul",768,"GCL","fence count"
1971,"11-Jul",577,"GCL","fence count"
1971,"12-Jul",205,"GCL","fence count"
1971,"13-Jul",533,"GCL","fence count"
1971,"14-Jul",2521,"GCL","fence count"
1971,"15-Jul",2172,"GCL","fence count"
1971,"16-Jul",1836,"GCL","fence count"
1971,"17-Jul",1690,"GCL","fence count"
1971,"18-Jul",1544,"GCL","fence count"
1971,"19-Jul",1796,"GCL","fence count"
1971,"20-Jul",565,"GCL","fence count"
1971,"21-Jul",1540,"GCL","fence count"
1971,"22-Jul",904,"GCL","fence count"
1971,"23-Jul",732,"GCL","fence count"
1971,"24-Jul",510,"GCL","fence count"
1971,"25-Jul",288,"GCL","fence count"
1971,"26-Jul",278,"GCL","fence count"
1971,"27-Jul",268,"GCL","fence count"
1971,"28-Jul",258,"GCL","fence count"
1971,"29-Jul",248,"GCL","fence count"
1971,"30-Jul",238,"GCL","fence count"
1971,"31-Jul",228,"GCL","fence count"
1971,"01-Aug",218,"GCL","fence count"
1971,"02-Aug",208,"GCL","fence count"
1971,"03-Aug",198,"GCL","fence count"
1971,"04-Aug",188,"GCL","fence count"
1971,"05-Aug",178,"GCL","fence count"
1971,"06-Aug",168,"GCL","fence count"
1971,"07-Aug",158,"GCL","fence count"
1971,"08-Aug",148,"GCL","fence count"
1971,"09-Aug",139,"GCL","fence count"
1971,"10-Aug",129,"GCL","fence count"
1971,"11-Aug",119,"GCL","fence count"
1971,"12-Aug",109,"GCL","fence count"
1971,"13-Aug",99,"GCL","fence count"
1971,"14-Aug",89,"GCL","fence count"
1971,"15-Aug",79,"GCL","fence count"
1971,"16-Aug",69,"GCL","fence count"
1971,"17-Aug",487,"GCL","fence count"
1971,"18-Aug",205,"GCL","fence count"
1971,"19-Aug",243,"GCL","fence count"
1971,"20-Aug",93,"GCL","fence count"
1971,"21-Aug",127,"GCL","fence count"
1971,"22-Aug",160,"GCL","fence count"
1971,"23-Aug",199,"GCL","fence count"
1971,"24-Aug",371,"GCL","fence count"
1971,"25-Aug",551,"GCL","fence count"
1971,"26-Aug",929,"GCL","fence count"
1971,"27-Aug",372,"GCL","fence count"
1971,"28-Aug",425,"GCL","fence count"
1971,"29-Aug",479,"GCL","fence count"
1971,"30-Aug",378,"GCL","fence count"
1971,"31-Aug",366,"GCL","fence count"
1971,"01-Sep",116,"GCL","fence count"
1971,"02-Sep",103,"GCL","fence count"
1971,"03-Sep",60,"GCL","fence count"
1971,"04-Sep",56,"GCL","fence count"
1971,"05-Sep",52,"GCL","fence count"
1971,"06-Sep",20,"GCL","fence count"
1971,"07-Sep",74,"GCL","fence count"
1971,"08-Sep",57,"GCL","fence count"
1971,"09-Sep",40,"GCL","fence count"
1971,"10-Sep",66,"GCL","fence count"
1971,"11-Sep",40,"GCL","fence count"
1971,"12-Sep",31,"GCL","fence count"
1971,"13-Sep",27,"GCL","fence count"
1971,"14-Sep",33,"GCL","fence count"
1971,"15-Sep",20,"GCL","fence count"
1971,"16-Sep",15,"GCL","fence count"
1971,"17-Sep",40,"GCL","fence count"
1971,"18-Sep",51,"GCL","fence count"
1971,"19-Sep",62,"GCL","fence count"
1971,"20-Sep",45,"GCL","fence count"
1971,"21-Sep",21,"GCL","fence count"
1971,"22-Sep",27,"GCL","fence count"
1971,"23-Sep",23,"GCL","fence count"
1971,"24-Sep",20,"GCL","fence count"
1971,"25-Sep",16,"GCL","fence count"
1971,"26-Sep",12,"GCL","fence count"
1971,"27-Sep",12,"GCL","fence count"
1971,"28-Sep",12,"GCL","fence count"
1971,"29-Sep",12,"GCL","fence count"
1971,"30-Sep",12,"GCL","fence count"
1971,"01-Oct",12,"GCL","fence count"
1971,"02-Oct",12,"GCL","fence count"
1971,"03-Oct",11,"GCL","fence count"
1971,"04-Oct",11,"GCL","fence count"
1971,"05-Oct",0,"GCL","fence count"
1971,"06-Oct",15,"GCL","fence count"
1971,"07-Oct",0,"GCL","fence count"
1971,"08-Oct",20,"GCL","fence count"
1971,"09-Oct",10,"GCL","fence count"
1971,"10-Oct",0,"GCL","fence count"
1971,"11-Oct",0,"GCL","fence count"
1971,"12-Oct",6,"GCL","fence count"
1971,"13-Oct",0,"GCL","fence count"
1971,"14-Oct",0,"GCL","fence count"
1971,"15-Oct",13,"GCL","fence count"
1971,"16-Oct",7,"GCL","fence count"
1971,"17-Oct",0,"GCL","fence count"
1971,"18-Oct",0,"GCL","fence count"
1971,"19-Oct",0,"GCL","fence count"
1971,"20-Oct",0,"GCL","fence count"
1971,"21-Oct",0,"GCL","fence count"
1971,"22-Oct",0,"GCL","fence count"
1971,"23-Oct",0,"GCL","fence count"
1971,"24-Oct",0,"GCL","fence count"
1972,"23-Jun",47,"GCL","fence count"
1972,"24-Jun",40,"GCL","fence count"
1972,"25-Jun",33,"GCL","fence count"
1972,"26-Jun",425,"GCL","fence count"
1972,"27-Jun",413,"GCL","fence count"
1972,"28-Jun",1000,"GCL","fence count"
1972,"29-Jun",1121,"GCL","fence count"
1972,"30-Jun",1141,"GCL","fence count"
1972,"01-Jul",1709,"GCL","fence count"
1972,"02-Jul",2277,"GCL","fence count"
1972,"03-Jul",2253,"GCL","fence count"
1972,"04-Jul",2592,"GCL","fence count"
1972,"05-Jul",1983,"GCL","fence count"
1972,"06-Jul",2250,"GCL","fence count"
1972,"07-Jul",2013,"GCL","fence count"
1972,"08-Jul",2453,"GCL","fence count"
1972,"09-Jul",2893,"GCL","fence count"
1972,"10-Jul",2287,"GCL","fence count"
1972,"11-Jul",4073,"GCL","fence count"
1972,"12-Jul",3115,"GCL","fence count"
1972,"13-Jul",2860,"GCL","fence count"
1972,"14-Jul",2606,"GCL","fence count"
1972,"15-Jul",2351,"GCL","fence count"
1972,"16-Jul",2097,"GCL","fence count"
1972,"17-Jul",1843,"GCL","fence count"
1972,"18-Jul",1958,"GCL","fence count"
1972,"19-Jul",1925,"GCL","fence count"
1972,"20-Jul",3712,"GCL","fence count"
1972,"21-Jul",5498,"GCL","fence count"
1972,"22-Jul",5043,"GCL","fence count"
1972,"23-Jul",4979,"GCL","fence count"
1972,"24-Jul",2927,"GCL","fence count"
1972,"25-Jul",1886,"GCL","fence count"
1972,"26-Jul",1876,"GCL","fence count"
1972,"27-Jul",1867,"GCL","fence count"
1972,"28-Jul",6371,"GCL","fence count"
1972,"29-Jul",3723,"GCL","fence count"
1972,"30-Jul",2075,"GCL","fence count"
1972,"31-Jul",4545,"GCL","fence count"
1972,"01-Aug",1025,"GCL","fence count"
1972,"02-Aug",1082,"GCL","fence count"
1972,"03-Aug",865,"GCL","fence count"
1972,"04-Aug",555,"GCL","fence count"
1972,"05-Aug",244,"GCL","fence count"
1972,"06-Aug",480,"GCL","fence count"
1972,"07-Aug",332,"GCL","fence count"
1972,"08-Aug",1091,"GCL","fence count"
1972,"09-Aug",320,"GCL","fence count"
1972,"10-Aug",255,"GCL","fence count"
1972,"11-Aug",97,"GCL","fence count"
1972,"12-Aug",108,"GCL","fence count"
1972,"13-Aug",119,"GCL","fence count"
1972,"14-Aug",134,"GCL","fence count"
1972,"15-Aug",120,"GCL","fence count"
1972,"16-Aug",106,"GCL","fence count"
1972,"17-Aug",263,"GCL","fence count"
1972,"18-Aug",271,"GCL","fence count"
1972,"19-Aug",279,"GCL","fence count"
1972,"20-Aug",258,"GCL","fence count"
1972,"21-Aug",246,"GCL","fence count"
1972,"22-Aug",972,"GCL","fence count"
1972,"23-Aug",184,"GCL","fence count"
1972,"24-Aug",80,"GCL","fence count"
1972,"25-Aug",74,"GCL","fence count"
1972,"26-Aug",128,"GCL","fence count"
1972,"27-Aug",182,"GCL","fence count"
1972,"28-Aug",94,"GCL","fence count"
1972,"29-Aug",41,"GCL","fence count"
1972,"30-Aug",36,"GCL","fence count"
1972,"31-Aug",38,"GCL","fence count"
1972,"01-Sep",36,"GCL","fence count"
1972,"02-Sep",35,"GCL","fence count"
1972,"03-Sep",34,"GCL","fence count"
1972,"04-Sep",33,"GCL","fence count"
1972,"05-Sep",32,"GCL","fence count"
1972,"06-Sep",31,"GCL","fence count"
1972,"07-Sep",30,"GCL","fence count"
1972,"08-Sep",28,"GCL","fence count"
1972,"09-Sep",27,"GCL","fence count"
1972,"10-Sep",26,"GCL","fence count"
1972,"11-Sep",25,"GCL","fence count"
1972,"12-Sep",24,"GCL","fence count"
1972,"13-Sep",23,"GCL","fence count"
1972,"14-Sep",22,"GCL","fence count"
1972,"15-Sep",20,"GCL","fence count"
1972,"16-Sep",19,"GCL","fence count"
1972,"17-Sep",18,"GCL","fence count"
1972,"18-Sep",17,"GCL","fence count"
1972,"19-Sep",16,"GCL","fence count"
1972,"20-Sep",15,"GCL","fence count"
1972,"21-Sep",14,"GCL","fence count"
1972,"22-Sep",13,"GCL","fence count"
1972,"23-Sep",11,"GCL","fence count"
1972,"24-Sep",10,"GCL","fence count"
1972,"25-Sep",9,"GCL","fence count"
1972,"26-Sep",8,"GCL","fence count"
1972,"27-Sep",7,"GCL","fence count"
1972,"28-Sep",6,"GCL","fence count"
1972,"29-Sep",5,"GCL","fence count"
1972,"30-Sep",3,"GCL","fence count"
1972,"01-Oct",2,"GCL","fence count"
1972,"02-Oct",1,"GCL","fence count"
1972,"03-Oct",0,"GCL","fence count"
1972,"04-Oct",0,"GCL","fence count"
1972,"05-Oct",65,"GCL","fence count"
1972,"06-Oct",25,"GCL","fence count"
1972,"07-Oct",0,"GCL","fence count"
1972,"08-Oct",0,"GCL","fence count"
1972,"09-Oct",5,"GCL","fence count"
1972,"10-Oct",15,"GCL","fence count"
1972,"11-Oct",19,"GCL","fence count"
1972,"12-Oct",0,"GCL","fence count"
1972,"13-Oct",7,"GCL","fence count"
1972,"14-Oct",10,"GCL","fence count"
1972,"15-Oct",13,"GCL","fence count"
1972,"16-Oct",13,"GCL","fence count"
1972,"17-Oct",0,"GCL","fence count"
1972,"18-Oct",19,"GCL","fence count"
1972,"19-Oct",0,"GCL","fence count"
1972,"20-Oct",86,"GCL","fence count"
1972,"21-Oct",101,"GCL","fence count"
1972,"22-Oct",20,"GCL","fence count"
1972,"23-Oct",91,"GCL","fence count"
1972,"24-Oct",19,"GCL","fence count"
1972,"25-Oct",5,"GCL","fence count"
1972,"26-Oct",21,"GCL","fence count"
1972,"27-Oct",0,"GCL","fence count"
1972,"28-Oct",9,"GCL","fence count"
1972,"29-Oct",6,"GCL","fence count"
1972,"30-Oct",0,"GCL","fence count"
1972,"31-Oct",0,"GCL","fence count"
1972,"01-Nov",3,"GCL","fence count"
1972,"02-Nov",6,"GCL","fence count"
1972,"03-Nov",10,"GCL","fence count"
1972,"04-Nov",31,"GCL","fence count"
1973,"19-Jun",517,"GCL","fence count"
1973,"20-Jun",459,"GCL","fence count"
1973,"21-Jun",931,"GCL","fence count"
1973,"22-Jun",868,"GCL","fence count"
1973,"23-Jun",805,"GCL","fence count"
1973,"24-Jun",4438,"GCL","fence count"
1973,"25-Jun",700,"GCL","fence count"
1973,"26-Jun",1306,"GCL","fence count"
1973,"27-Jun",1664,"GCL","fence count"
1973,"28-Jun",5969,"GCL","fence count"
1973,"29-Jun",5169,"GCL","fence count"
1973,"30-Jun",5138,"GCL","fence count"
1973,"01-Jul",6378,"GCL","fence count"
1973,"02-Jul",7619,"GCL","fence count"
1973,"03-Jul",3441,"GCL","fence count"
1973,"04-Jul",993,"GCL","fence count"
1973,"05-Jul",1305,"GCL","fence count"
1973,"06-Jul",430,"GCL","fence count"
1973,"07-Jul",2204,"GCL","fence count"
1973,"08-Jul",3965,"GCL","fence count"
1973,"09-Jul",5727,"GCL","fence count"
1973,"10-Jul",5706,"GCL","fence count"
1973,"11-Jul",7387,"GCL","fence count"
1973,"12-Jul",1822,"GCL","fence count"
1973,"13-Jul",4444,"GCL","fence count"
1973,"14-Jul",4933,"GCL","fence count"
1973,"15-Jul",5423,"GCL","fence count"
1973,"16-Jul",1697,"GCL","fence count"
1973,"17-Jul",238,"GCL","fence count"
1973,"18-Jul",51,"GCL","fence count"
1973,"19-Jul",79,"GCL","fence count"
1973,"20-Jul",317,"GCL","fence count"
1973,"21-Jul",219,"GCL","fence count"
1973,"22-Jul",419,"GCL","fence count"
1973,"23-Jul",619,"GCL","fence count"
1973,"24-Jul",3709,"GCL","fence count"
1973,"25-Jul",2786,"GCL","fence count"
1973,"26-Jul",7535,"GCL","fence count"
1973,"27-Jul",6611,"GCL","fence count"
1973,"28-Jul",5687,"GCL","fence count"
1973,"29-Jul",3318,"GCL","fence count"
1973,"30-Jul",926,"GCL","fence count"
1973,"31-Jul",392,"GCL","fence count"
1973,"01-Aug",764,"GCL","fence count"
1973,"02-Aug",977,"GCL","fence count"
1973,"03-Aug",651,"GCL","fence count"
1973,"04-Aug",1523,"GCL","fence count"
1973,"05-Aug",2395,"GCL","fence count"
1973,"06-Aug",257,"GCL","fence count"
1973,"07-Aug",141,"GCL","fence count"
1973,"08-Aug",258,"GCL","fence count"
1973,"09-Aug",1791,"GCL","fence count"
1973,"10-Aug",914,"GCL","fence count"
1973,"11-Aug",568,"GCL","fence count"
1973,"12-Aug",672,"GCL","fence count"
1973,"13-Aug",775,"GCL","fence count"
1973,"14-Aug",422,"GCL","fence count"
1973,"15-Aug",832,"GCL","fence count"
1973,"16-Aug",547,"GCL","fence count"
1973,"17-Aug",1287,"GCL","fence count"
1973,"18-Aug",6274,"GCL","fence count"
1973,"19-Aug",11262,"GCL","fence count"
1973,"20-Aug",15991,"GCL","fence count"
1973,"21-Aug",9768,"GCL","fence count"
1973,"22-Aug",12834,"GCL","fence count"
1973,"23-Aug",9604,"GCL","fence count"
1973,"24-Aug",11378,"GCL","fence count"
1973,"25-Aug",8766,"GCL","fence count"
1973,"26-Aug",6154,"GCL","fence count"
1973,"27-Aug",6722,"GCL","fence count"
1973,"28-Aug",2143,"GCL","fence count"
1973,"29-Aug",3466,"GCL","fence count"
1973,"30-Aug",2608,"GCL","fence count"
1973,"31-Aug",1852,"GCL","fence count"
1973,"01-Sep",1321,"GCL","fence count"
1973,"02-Sep",790,"GCL","fence count"
1973,"03-Sep",2111,"GCL","fence count"
1973,"04-Sep",760,"GCL","fence count"
1973,"05-Sep",406,"GCL","fence count"
1973,"06-Sep",395,"GCL","fence count"
1973,"07-Sep",639,"GCL","fence count"
1973,"08-Sep",883,"GCL","fence count"
1973,"09-Sep",528,"GCL","fence count"
1973,"10-Sep",870,"GCL","fence count"
1973,"11-Sep",300,"GCL","fence count"
1973,"12-Sep",318,"GCL","fence count"
1973,"13-Sep",390,"GCL","fence count"
1973,"14-Sep",462,"GCL","fence count"
1973,"15-Sep",246,"GCL","fence count"
1973,"16-Sep",225,"GCL","fence count"
1973,"17-Sep",241,"GCL","fence count"
1973,"18-Sep",352,"GCL","fence count"
1973,"19-Sep",1496,"GCL","fence count"
1973,"20-Sep",348,"GCL","fence count"
1973,"21-Sep",474,"GCL","fence count"
1973,"22-Sep",210,"GCL","fence count"
1973,"23-Sep",156,"GCL","fence count"
1973,"24-Sep",101,"GCL","fence count"
1997,"25-May",NA,"HUC","fence count"
1998,"25-May",NA,"HUC","fence count"
1999,"25-May",NA,"HUC","fence count"
2000,"25-May",NA,"HUC","fence count"
2001,"25-May",NA,"HUC","fence count"
2002,"25-May",NA,"HUC","fence count"
2003,"25-May",NA,"HUC","fence count"
2004,"25-May",NA,"HUC","fence count"
2005,"25-May",NA,"HUC","fence count"
2006,"25-May",NA,"HUC","fence count"
2007,"25-May",NA,"HUC","fence count"
2015,"25-May",NA,"HUC","fence count"
2016,"25-May",NA,"HUC","fence count"
2017,"25-May",NA,"HUC","fence count"
2018,"25-May",0,"HUC","fence count"
2019,"25-May",NA,"HUC","fence count"
2020,"25-May",NA,"HUC","fence count"
2021,"25-May",NA,"HUC","fence count"
2022,"25-May",NA,"HUC","fence count"
2023,"25-May",NA,"HUC","fence count"
2024,"25-May",NA,"HUC","fence count"
1997,"26-May",NA,"HUC","fence count"
1998,"26-May",NA,"HUC","fence count"
1999,"26-May",NA,"HUC","fence count"
2000,"26-May",NA,"HUC","fence count"
2001,"26-May",NA,"HUC","fence count"
2002,"26-May",NA,"HUC","fence count"
2003,"26-May",NA,"HUC","fence count"
2004,"26-May",NA,"HUC","fence count"
2005,"26-May",NA,"HUC","fence count"
2006,"26-May",NA,"HUC","fence count"
2007,"26-May",NA,"HUC","fence count"
2015,"26-May",NA,"HUC","fence count"
2016,"26-May",NA,"HUC","fence count"
2017,"26-May",0,"HUC","fence count"
2018,"26-May",0,"HUC","fence count"
2019,"26-May",NA,"HUC","fence count"
2020,"26-May",NA,"HUC","fence count"
2021,"26-May",NA,"HUC","fence count"
2022,"26-May",NA,"HUC","fence count"
2023,"26-May",NA,"HUC","fence count"
2024,"26-May",NA,"HUC","fence count"
1997,"27-May",NA,"HUC","fence count"
1998,"27-May",NA,"HUC","fence count"
1999,"27-May",NA,"HUC","fence count"
2000,"27-May",NA,"HUC","fence count"
2001,"27-May",NA,"HUC","fence count"
2002,"27-May",NA,"HUC","fence count"
2003,"27-May",NA,"HUC","fence count"
2004,"27-May",NA,"HUC","fence count"
2005,"27-May",NA,"HUC","fence count"
2006,"27-May",NA,"HUC","fence count"
2007,"27-May",NA,"HUC","fence count"
2015,"27-May",NA,"HUC","fence count"
2016,"27-May",NA,"HUC","fence count"
2017,"27-May",810,"HUC","fence count"
2018,"27-May",0,"HUC","fence count"
2019,"27-May",NA,"HUC","fence count"
2020,"27-May",NA,"HUC","fence count"
2021,"27-May",NA,"HUC","fence count"
2022,"27-May",NA,"HUC","fence count"
2023,"27-May",NA,"HUC","fence count"
2024,"27-May",NA,"HUC","fence count"
1997,"28-May",NA,"HUC","fence count"
1998,"28-May",NA,"HUC","fence count"
1999,"28-May",NA,"HUC","fence count"
2000,"28-May",NA,"HUC","fence count"
2001,"28-May",NA,"HUC","fence count"
2002,"28-May",NA,"HUC","fence count"
2003,"28-May",NA,"HUC","fence count"
2004,"28-May",NA,"HUC","fence count"
2005,"28-May",NA,"HUC","fence count"
2006,"28-May",NA,"HUC","fence count"
2007,"28-May",NA,"HUC","fence count"
2015,"28-May",NA,"HUC","fence count"
2016,"28-May",NA,"HUC","fence count"
2017,"28-May",7,"HUC","fence count"
2018,"28-May",0,"HUC","fence count"
2019,"28-May",NA,"HUC","fence count"
2020,"28-May",NA,"HUC","fence count"
2021,"28-May",NA,"HUC","fence count"
2022,"28-May",NA,"HUC","fence count"
2023,"28-May",NA,"HUC","fence count"
2024,"28-May",NA,"HUC","fence count"
1997,"29-May",NA,"HUC","fence count"
1998,"29-May",NA,"HUC","fence count"
1999,"29-May",NA,"HUC","fence count"
2000,"29-May",NA,"HUC","fence count"
2001,"29-May",NA,"HUC","fence count"
2002,"29-May",NA,"HUC","fence count"
2003,"29-May",NA,"HUC","fence count"
2004,"29-May",NA,"HUC","fence count"
2005,"29-May",NA,"HUC","fence count"
2006,"29-May",NA,"HUC","fence count"
2007,"29-May",NA,"HUC","fence count"
2015,"29-May",NA,"HUC","fence count"
2016,"29-May",NA,"HUC","fence count"
2017,"29-May",0,"HUC","fence count"
2018,"29-May",267,"HUC","fence count"
2019,"29-May",NA,"HUC","fence count"
2020,"29-May",NA,"HUC","fence count"
2021,"29-May",NA,"HUC","fence count"
2022,"29-May",NA,"HUC","fence count"
2023,"29-May",NA,"HUC","fence count"
2024,"29-May",NA,"HUC","fence count"
1997,"30-May",NA,"HUC","fence count"
1998,"30-May",NA,"HUC","fence count"
1999,"30-May",NA,"HUC","fence count"
2000,"30-May",NA,"HUC","fence count"
2001,"30-May",NA,"HUC","fence count"
2002,"30-May",NA,"HUC","fence count"
2003,"30-May",NA,"HUC","fence count"
2004,"30-May",NA,"HUC","fence count"
2005,"30-May",NA,"HUC","fence count"
2006,"30-May",NA,"HUC","fence count"
2007,"30-May",NA,"HUC","fence count"
2015,"30-May",NA,"HUC","fence count"
2016,"30-May",NA,"HUC","fence count"
2017,"30-May",52,"HUC","fence count"
2018,"30-May",147,"HUC","fence count"
2019,"30-May",NA,"HUC","fence count"
2020,"30-May",NA,"HUC","fence count"
2021,"30-May",NA,"HUC","fence count"
2022,"30-May",NA,"HUC","fence count"
2023,"30-May",NA,"HUC","fence count"
2024,"30-May",NA,"HUC","fence count"
1997,"31-May",NA,"HUC","fence count"
1998,"31-May",NA,"HUC","fence count"
1999,"31-May",NA,"HUC","fence count"
2000,"31-May",NA,"HUC","fence count"
2001,"31-May",NA,"HUC","fence count"
2002,"31-May",NA,"HUC","fence count"
2003,"31-May",NA,"HUC","fence count"
2004,"31-May",NA,"HUC","fence count"
2005,"31-May",NA,"HUC","fence count"
2006,"31-May",NA,"HUC","fence count"
2007,"31-May",NA,"HUC","fence count"
2015,"31-May",NA,"HUC","fence count"
2016,"31-May",NA,"HUC","fence count"
2017,"31-May",0,"HUC","fence count"
2018,"31-May",0,"HUC","fence count"
2019,"31-May",NA,"HUC","fence count"
2020,"31-May",NA,"HUC","fence count"
2021,"31-May",NA,"HUC","fence count"
2022,"31-May",NA,"HUC","fence count"
2023,"31-May",NA,"HUC","fence count"
2024,"31-May",NA,"HUC","fence count"
1997,"01-Jun",NA,"HUC","fence count"
1998,"01-Jun",NA,"HUC","fence count"
1999,"01-Jun",NA,"HUC","fence count"
2000,"01-Jun",NA,"HUC","fence count"
2001,"01-Jun",NA,"HUC","fence count"
2002,"01-Jun",NA,"HUC","fence count"
2003,"01-Jun",NA,"HUC","fence count"
2004,"01-Jun",NA,"HUC","fence count"
2005,"01-Jun",NA,"HUC","fence count"
2006,"01-Jun",NA,"HUC","fence count"
2007,"01-Jun",NA,"HUC","fence count"
2015,"01-Jun",NA,"HUC","fence count"
2016,"01-Jun",NA,"HUC","fence count"
2017,"01-Jun",1,"HUC","fence count"
2018,"01-Jun",1,"HUC","fence count"
2019,"01-Jun",NA,"HUC","fence count"
2020,"01-Jun",NA,"HUC","fence count"
2021,"01-Jun",NA,"HUC","fence count"
2022,"01-Jun",NA,"HUC","fence count"
2023,"01-Jun",NA,"HUC","fence count"
2024,"01-Jun",NA,"HUC","fence count"
1997,"02-Jun",NA,"HUC","fence count"
1998,"02-Jun",NA,"HUC","fence count"
1999,"02-Jun",NA,"HUC","fence count"
2000,"02-Jun",NA,"HUC","fence count"
2001,"02-Jun",NA,"HUC","fence count"
2002,"02-Jun",NA,"HUC","fence count"
2003,"02-Jun",NA,"HUC","fence count"
2004,"02-Jun",NA,"HUC","fence count"
2005,"02-Jun",NA,"HUC","fence count"
2006,"02-Jun",NA,"HUC","fence count"
2007,"02-Jun",NA,"HUC","fence count"
2015,"02-Jun",NA,"HUC","fence count"
2016,"02-Jun",NA,"HUC","fence count"
2017,"02-Jun",0,"HUC","fence count"
2018,"02-Jun",0,"HUC","fence count"
2019,"02-Jun",NA,"HUC","fence count"
2020,"02-Jun",NA,"HUC","fence count"
2021,"02-Jun",NA,"HUC","fence count"
2022,"02-Jun",NA,"HUC","fence count"
2023,"02-Jun",NA,"HUC","fence count"
2024,"02-Jun",NA,"HUC","fence count"
1997,"03-Jun",NA,"HUC","fence count"
1998,"03-Jun",NA,"HUC","fence count"
1999,"03-Jun",NA,"HUC","fence count"
2000,"03-Jun",NA,"HUC","fence count"
2001,"03-Jun",NA,"HUC","fence count"
2002,"03-Jun",NA,"HUC","fence count"
2003,"03-Jun",NA,"HUC","fence count"
2004,"03-Jun",NA,"HUC","fence count"
2005,"03-Jun",NA,"HUC","fence count"
2006,"03-Jun",NA,"HUC","fence count"
2007,"03-Jun",NA,"HUC","fence count"
2015,"03-Jun",NA,"HUC","fence count"
2016,"03-Jun",NA,"HUC","fence count"
2017,"03-Jun",130,"HUC","fence count"
2018,"03-Jun",0,"HUC","fence count"
2019,"03-Jun",NA,"HUC","fence count"
2020,"03-Jun",0,"HUC","fence count"
2021,"03-Jun",NA,"HUC","fence count"
2022,"03-Jun",NA,"HUC","fence count"
2023,"03-Jun",NA,"HUC","fence count"
2024,"03-Jun",NA,"HUC","fence count"
1997,"04-Jun",NA,"HUC","fence count"
1998,"04-Jun",NA,"HUC","fence count"
1999,"04-Jun",NA,"HUC","fence count"
2000,"04-Jun",NA,"HUC","fence count"
2001,"04-Jun",NA,"HUC","fence count"
2002,"04-Jun",NA,"HUC","fence count"
2003,"04-Jun",NA,"HUC","fence count"
2004,"04-Jun",NA,"HUC","fence count"
2005,"04-Jun",NA,"HUC","fence count"
2006,"04-Jun",NA,"HUC","fence count"
2007,"04-Jun",NA,"HUC","fence count"
2015,"04-Jun",NA,"HUC","fence count"
2016,"04-Jun",NA,"HUC","fence count"
2017,"04-Jun",22,"HUC","fence count"
2018,"04-Jun",0,"HUC","fence count"
2019,"04-Jun",NA,"HUC","fence count"
2020,"04-Jun",0,"HUC","fence count"
2021,"04-Jun",NA,"HUC","fence count"
2022,"04-Jun",NA,"HUC","fence count"
2023,"04-Jun",NA,"HUC","fence count"
2024,"04-Jun",NA,"HUC","fence count"
1997,"05-Jun",NA,"HUC","fence count"
1998,"05-Jun",NA,"HUC","fence count"
1999,"05-Jun",NA,"HUC","fence count"
2000,"05-Jun",NA,"HUC","fence count"
2001,"05-Jun",NA,"HUC","fence count"
2002,"05-Jun",NA,"HUC","fence count"
2003,"05-Jun",NA,"HUC","fence count"
2004,"05-Jun",NA,"HUC","fence count"
2005,"05-Jun",NA,"HUC","fence count"
2006,"05-Jun",NA,"HUC","fence count"
2007,"05-Jun",NA,"HUC","fence count"
2015,"05-Jun",NA,"HUC","fence count"
2016,"05-Jun",NA,"HUC","fence count"
2017,"05-Jun",53,"HUC","fence count"
2018,"05-Jun",0,"HUC","fence count"
2019,"05-Jun",NA,"HUC","fence count"
2020,"05-Jun",NA,"HUC","fence count"
2021,"05-Jun",NA,"HUC","fence count"
2022,"05-Jun",NA,"HUC","fence count"
2023,"05-Jun",NA,"HUC","fence count"
2024,"05-Jun",NA,"HUC","fence count"
1997,"06-Jun",NA,"HUC","fence count"
1998,"06-Jun",NA,"HUC","fence count"
1999,"06-Jun",NA,"HUC","fence count"
2000,"06-Jun",NA,"HUC","fence count"
2001,"06-Jun",NA,"HUC","fence count"
2002,"06-Jun",NA,"HUC","fence count"
2003,"06-Jun",NA,"HUC","fence count"
2004,"06-Jun",NA,"HUC","fence count"
2005,"06-Jun",NA,"HUC","fence count"
2006,"06-Jun",NA,"HUC","fence count"
2007,"06-Jun",NA,"HUC","fence count"
2015,"06-Jun",NA,"HUC","fence count"
2016,"06-Jun",NA,"HUC","fence count"
2017,"06-Jun",0,"HUC","fence count"
2018,"06-Jun",0,"HUC","fence count"
2019,"06-Jun",NA,"HUC","fence count"
2020,"06-Jun",0,"HUC","fence count"
2021,"06-Jun",NA,"HUC","fence count"
2022,"06-Jun",NA,"HUC","fence count"
2023,"06-Jun",NA,"HUC","fence count"
2024,"06-Jun",NA,"HUC","fence count"
1997,"07-Jun",NA,"HUC","fence count"
1998,"07-Jun",NA,"HUC","fence count"
1999,"07-Jun",NA,"HUC","fence count"
2000,"07-Jun",NA,"HUC","fence count"
2001,"07-Jun",NA,"HUC","fence count"
2002,"07-Jun",NA,"HUC","fence count"
2003,"07-Jun",NA,"HUC","fence count"
2004,"07-Jun",NA,"HUC","fence count"
2005,"07-Jun",NA,"HUC","fence count"
2006,"07-Jun",NA,"HUC","fence count"
2007,"07-Jun",NA,"HUC","fence count"
2015,"07-Jun",NA,"HUC","fence count"
2016,"07-Jun",NA,"HUC","fence count"
2017,"07-Jun",0,"HUC","fence count"
2018,"07-Jun",1,"HUC","fence count"
2019,"07-Jun",NA,"HUC","fence count"
2020,"07-Jun",5,"HUC","fence count"
2021,"07-Jun",NA,"HUC","fence count"
2022,"07-Jun",NA,"HUC","fence count"
2023,"07-Jun",3,"HUC","fence count"
2024,"07-Jun",NA,"HUC","fence count"
1997,"08-Jun",NA,"HUC","fence count"
1998,"08-Jun",NA,"HUC","fence count"
1999,"08-Jun",NA,"HUC","fence count"
2000,"08-Jun",NA,"HUC","fence count"
2001,"08-Jun",NA,"HUC","fence count"
2002,"08-Jun",NA,"HUC","fence count"
2003,"08-Jun",NA,"HUC","fence count"
2004,"08-Jun",NA,"HUC","fence count"
2005,"08-Jun",NA,"HUC","fence count"
2006,"08-Jun",NA,"HUC","fence count"
2007,"08-Jun",NA,"HUC","fence count"
2015,"08-Jun",NA,"HUC","fence count"
2016,"08-Jun",NA,"HUC","fence count"
2017,"08-Jun",0,"HUC","fence count"
2018,"08-Jun",0,"HUC","fence count"
2019,"08-Jun",NA,"HUC","fence count"
2020,"08-Jun",4,"HUC","fence count"
2021,"08-Jun",NA,"HUC","fence count"
2022,"08-Jun",NA,"HUC","fence count"
2023,"08-Jun",0,"HUC","fence count"
2024,"08-Jun",NA,"HUC","fence count"
1997,"09-Jun",NA,"HUC","fence count"
1998,"09-Jun",NA,"HUC","fence count"
1999,"09-Jun",NA,"HUC","fence count"
2000,"09-Jun",NA,"HUC","fence count"
2001,"09-Jun",NA,"HUC","fence count"
2002,"09-Jun",NA,"HUC","fence count"
2003,"09-Jun",NA,"HUC","fence count"
2004,"09-Jun",NA,"HUC","fence count"
2005,"09-Jun",NA,"HUC","fence count"
2006,"09-Jun",NA,"HUC","fence count"
2007,"09-Jun",NA,"HUC","fence count"
2015,"09-Jun",NA,"HUC","fence count"
2016,"09-Jun",NA,"HUC","fence count"
2017,"09-Jun",0,"HUC","fence count"
2018,"09-Jun",0,"HUC","fence count"
2019,"09-Jun",NA,"HUC","fence count"
2020,"09-Jun",26,"HUC","fence count"
2021,"09-Jun",NA,"HUC","fence count"
2022,"09-Jun",NA,"HUC","fence count"
2023,"09-Jun",271,"HUC","fence count"
2024,"09-Jun",NA,"HUC","fence count"
1997,"10-Jun",NA,"HUC","fence count"
1998,"10-Jun",NA,"HUC","fence count"
1999,"10-Jun",NA,"HUC","fence count"
2000,"10-Jun",NA,"HUC","fence count"
2001,"10-Jun",NA,"HUC","fence count"
2002,"10-Jun",NA,"HUC","fence count"
2003,"10-Jun",NA,"HUC","fence count"
2004,"10-Jun",NA,"HUC","fence count"
2005,"10-Jun",NA,"HUC","fence count"
2006,"10-Jun",NA,"HUC","fence count"
2007,"10-Jun",NA,"HUC","fence count"
2015,"10-Jun",NA,"HUC","fence count"
2016,"10-Jun",NA,"HUC","fence count"
2017,"10-Jun",91,"HUC","fence count"
2018,"10-Jun",0,"HUC","fence count"
2019,"10-Jun",NA,"HUC","fence count"
2020,"10-Jun",3,"HUC","fence count"
2021,"10-Jun",NA,"HUC","fence count"
2022,"10-Jun",NA,"HUC","fence count"
2023,"10-Jun",0,"HUC","fence count"
2024,"10-Jun",NA,"HUC","fence count"
1997,"11-Jun",NA,"HUC","fence count"
1998,"11-Jun",NA,"HUC","fence count"
1999,"11-Jun",NA,"HUC","fence count"
2000,"11-Jun",NA,"HUC","fence count"
2001,"11-Jun",NA,"HUC","fence count"
2002,"11-Jun",NA,"HUC","fence count"
2003,"11-Jun",NA,"HUC","fence count"
2004,"11-Jun",NA,"HUC","fence count"
2005,"11-Jun",NA,"HUC","fence count"
2006,"11-Jun",NA,"HUC","fence count"
2007,"11-Jun",NA,"HUC","fence count"
2015,"11-Jun",NA,"HUC","fence count"
2016,"11-Jun",NA,"HUC","fence count"
2017,"11-Jun",51,"HUC","fence count"
2018,"11-Jun",0,"HUC","fence count"
2019,"11-Jun",NA,"HUC","fence count"
2020,"11-Jun",0,"HUC","fence count"
2021,"11-Jun",0,"HUC","fence count"
2022,"11-Jun",NA,"HUC","fence count"
2023,"11-Jun",0,"HUC","fence count"
2024,"11-Jun",NA,"HUC","fence count"
1997,"12-Jun",NA,"HUC","fence count"
1998,"12-Jun",NA,"HUC","fence count"
1999,"12-Jun",NA,"HUC","fence count"
2000,"12-Jun",NA,"HUC","fence count"
2001,"12-Jun",NA,"HUC","fence count"
2002,"12-Jun",NA,"HUC","fence count"
2003,"12-Jun",NA,"HUC","fence count"
2004,"12-Jun",NA,"HUC","fence count"
2005,"12-Jun",NA,"HUC","fence count"
2006,"12-Jun",NA,"HUC","fence count"
2007,"12-Jun",NA,"HUC","fence count"
2015,"12-Jun",NA,"HUC","fence count"
2016,"12-Jun",NA,"HUC","fence count"
2017,"12-Jun",0,"HUC","fence count"
2018,"12-Jun",0,"HUC","fence count"
2019,"12-Jun",NA,"HUC","fence count"
2020,"12-Jun",16,"HUC","fence count"
2021,"12-Jun",9,"HUC","fence count"
2022,"12-Jun",NA,"HUC","fence count"
2023,"12-Jun",0,"HUC","fence count"
2024,"12-Jun",NA,"HUC","fence count"
1997,"13-Jun",NA,"HUC","fence count"
1998,"13-Jun",NA,"HUC","fence count"
1999,"13-Jun",NA,"HUC","fence count"
2000,"13-Jun",NA,"HUC","fence count"
2001,"13-Jun",NA,"HUC","fence count"
2002,"13-Jun",NA,"HUC","fence count"
2003,"13-Jun",NA,"HUC","fence count"
2004,"13-Jun",NA,"HUC","fence count"
2005,"13-Jun",NA,"HUC","fence count"
2006,"13-Jun",NA,"HUC","fence count"
2007,"13-Jun",NA,"HUC","fence count"
2015,"13-Jun",NA,"HUC","fence count"
2016,"13-Jun",NA,"HUC","fence count"
2017,"13-Jun",0,"HUC","fence count"
2018,"13-Jun",0,"HUC","fence count"
2019,"13-Jun",NA,"HUC","fence count"
2020,"13-Jun",0,"HUC","fence count"
2021,"13-Jun",3,"HUC","fence count"
2022,"13-Jun",NA,"HUC","fence count"
2023,"13-Jun",0,"HUC","fence count"
2024,"13-Jun",NA,"HUC","fence count"
1997,"14-Jun",NA,"HUC","fence count"
1998,"14-Jun",NA,"HUC","fence count"
1999,"14-Jun",NA,"HUC","fence count"
2000,"14-Jun",NA,"HUC","fence count"
2001,"14-Jun",NA,"HUC","fence count"
2002,"14-Jun",NA,"HUC","fence count"
2003,"14-Jun",NA,"HUC","fence count"
2004,"14-Jun",NA,"HUC","fence count"
2005,"14-Jun",NA,"HUC","fence count"
2006,"14-Jun",NA,"HUC","fence count"
2007,"14-Jun",NA,"HUC","fence count"
2015,"14-Jun",NA,"HUC","fence count"
2016,"14-Jun",NA,"HUC","fence count"
2017,"14-Jun",0,"HUC","fence count"
2018,"14-Jun",0,"HUC","fence count"
2019,"14-Jun",NA,"HUC","fence count"
2020,"14-Jun",124,"HUC","fence count"
2021,"14-Jun",6,"HUC","fence count"
2022,"14-Jun",NA,"HUC","fence count"
2023,"14-Jun",78,"HUC","fence count"
2024,"14-Jun",NA,"HUC","fence count"
1997,"15-Jun",NA,"HUC","fence count"
1998,"15-Jun",NA,"HUC","fence count"
1999,"15-Jun",NA,"HUC","fence count"
2000,"15-Jun",NA,"HUC","fence count"
2001,"15-Jun",NA,"HUC","fence count"
2002,"15-Jun",NA,"HUC","fence count"
2003,"15-Jun",NA,"HUC","fence count"
2004,"15-Jun",NA,"HUC","fence count"
2005,"15-Jun",0,"HUC","fence count"
2006,"15-Jun",NA,"HUC","fence count"
2007,"15-Jun",NA,"HUC","fence count"
2015,"15-Jun",NA,"HUC","fence count"
2016,"15-Jun",NA,"HUC","fence count"
2017,"15-Jun",1,"HUC","fence count"
2018,"15-Jun",2,"HUC","fence count"
2019,"15-Jun",NA,"HUC","fence count"
2020,"15-Jun",34,"HUC","fence count"
2021,"15-Jun",0,"HUC","fence count"
2022,"15-Jun",NA,"HUC","fence count"
2023,"15-Jun",0,"HUC","fence count"
2024,"15-Jun",NA,"HUC","fence count"
1997,"16-Jun",NA,"HUC","fence count"
1998,"16-Jun",NA,"HUC","fence count"
1999,"16-Jun",NA,"HUC","fence count"
2000,"16-Jun",NA,"HUC","fence count"
2001,"16-Jun",43.7376788553259,"HUC","fence count"
2002,"16-Jun",NA,"HUC","fence count"
2003,"16-Jun",NA,"HUC","fence count"
2004,"16-Jun",NA,"HUC","fence count"
2005,"16-Jun",0,"HUC","fence count"
2006,"16-Jun",NA,"HUC","fence count"
2007,"16-Jun",NA,"HUC","fence count"
2015,"16-Jun",NA,"HUC","fence count"
2016,"16-Jun",NA,"HUC","fence count"
2017,"16-Jun",0,"HUC","fence count"
2018,"16-Jun",0,"HUC","fence count"
2019,"16-Jun",614,"HUC","fence count"
2020,"16-Jun",0,"HUC","fence count"
2021,"16-Jun",0,"HUC","fence count"
2022,"16-Jun",NA,"HUC","fence count"
2023,"16-Jun",0,"HUC","fence count"
2024,"16-Jun",NA,"HUC","fence count"
1997,"17-Jun",NA,"HUC","fence count"
1998,"17-Jun",NA,"HUC","fence count"
1999,"17-Jun",NA,"HUC","fence count"
2000,"17-Jun",NA,"HUC","fence count"
2001,"17-Jun",212.426073131955,"HUC","fence count"
2002,"17-Jun",NA,"HUC","fence count"
2003,"17-Jun",NA,"HUC","fence count"
2004,"17-Jun",NA,"HUC","fence count"
2005,"17-Jun",0,"HUC","fence count"
2006,"17-Jun",NA,"HUC","fence count"
2007,"17-Jun",NA,"HUC","fence count"
2015,"17-Jun",NA,"HUC","fence count"
2016,"17-Jun",NA,"HUC","fence count"
2017,"17-Jun",1,"HUC","fence count"
2018,"17-Jun",0,"HUC","fence count"
2019,"17-Jun",142,"HUC","fence count"
2020,"17-Jun",0,"HUC","fence count"
2021,"17-Jun",0,"HUC","fence count"
2022,"17-Jun",NA,"HUC","fence count"
2023,"17-Jun",0,"HUC","fence count"
2024,"17-Jun",NA,"HUC","fence count"
1997,"18-Jun",NA,"HUC","fence count"
1998,"18-Jun",NA,"HUC","fence count"
1999,"18-Jun",NA,"HUC","fence count"
2000,"18-Jun",NA,"HUC","fence count"
2001,"18-Jun",354.012351718234,"HUC","fence count"
2002,"18-Jun",NA,"HUC","fence count"
2003,"18-Jun",NA,"HUC","fence count"
2004,"18-Jun",NA,"HUC","fence count"
2005,"18-Jun",0,"HUC","fence count"
2006,"18-Jun",NA,"HUC","fence count"
2007,"18-Jun",NA,"HUC","fence count"
2015,"18-Jun",NA,"HUC","fence count"
2016,"18-Jun",NA,"HUC","fence count"
2017,"18-Jun",0,"HUC","fence count"
2018,"18-Jun",0,"HUC","fence count"
2019,"18-Jun",54,"HUC","fence count"
2020,"18-Jun",0,"HUC","fence count"
2021,"18-Jun",0,"HUC","fence count"
2022,"18-Jun",NA,"HUC","fence count"
2023,"18-Jun",0,"HUC","fence count"
2024,"18-Jun",NA,"HUC","fence count"
1997,"19-Jun",NA,"HUC","fence count"
1998,"19-Jun",NA,"HUC","fence count"
1999,"19-Jun",NA,"HUC","fence count"
2000,"19-Jun",NA,"HUC","fence count"
2001,"19-Jun",54.5598630304513,"HUC","fence count"
2002,"19-Jun",NA,"HUC","fence count"
2003,"19-Jun",NA,"HUC","fence count"
2004,"19-Jun",NA,"HUC","fence count"
2005,"19-Jun",0,"HUC","fence count"
2006,"19-Jun",NA,"HUC","fence count"
2007,"19-Jun",NA,"HUC","fence count"
2015,"19-Jun",NA,"HUC","fence count"
2016,"19-Jun",NA,"HUC","fence count"
2017,"19-Jun",4,"HUC","fence count"
2018,"19-Jun",16,"HUC","fence count"
2019,"19-Jun",4,"HUC","fence count"
2020,"19-Jun",0,"HUC","fence count"
2021,"19-Jun",1,"HUC","fence count"
2022,"19-Jun",NA,"HUC","fence count"
2023,"19-Jun",1,"HUC","fence count"
2024,"19-Jun",NA,"HUC","fence count"
1997,"20-Jun",NA,"HUC","fence count"
1998,"20-Jun",NA,"HUC","fence count"
1999,"20-Jun",NA,"HUC","fence count"
2000,"20-Jun",NA,"HUC","fence count"
2001,"20-Jun",63.6531735355265,"HUC","fence count"
2002,"20-Jun",NA,"HUC","fence count"
2003,"20-Jun",5,"HUC","fence count"
2004,"20-Jun",0,"HUC","fence count"
2005,"20-Jun",0,"HUC","fence count"
2006,"20-Jun",NA,"HUC","fence count"
2007,"20-Jun",NA,"HUC","fence count"
2015,"20-Jun",NA,"HUC","fence count"
2016,"20-Jun",NA,"HUC","fence count"
2017,"20-Jun",3,"HUC","fence count"
2018,"20-Jun",0,"HUC","fence count"
2019,"20-Jun",0,"HUC","fence count"
2020,"20-Jun",0,"HUC","fence count"
2021,"20-Jun",0,"HUC","fence count"
2022,"20-Jun",NA,"HUC","fence count"
2023,"20-Jun",23,"HUC","fence count"
2024,"20-Jun",3,"HUC","fence count"
1997,"21-Jun",NA,"HUC","fence count"
1998,"21-Jun",NA,"HUC","fence count"
1999,"21-Jun",NA,"HUC","fence count"
2000,"21-Jun",NA,"HUC","fence count"
2001,"21-Jun",343.639109697933,"HUC","fence count"
2002,"21-Jun",NA,"HUC","fence count"
2003,"21-Jun",6,"HUC","fence count"
2004,"21-Jun",0,"HUC","fence count"
2005,"21-Jun",2,"HUC","fence count"
2006,"21-Jun",NA,"HUC","fence count"
2007,"21-Jun",NA,"HUC","fence count"
2015,"21-Jun",NA,"HUC","fence count"
2016,"21-Jun",NA,"HUC","fence count"
2017,"21-Jun",1,"HUC","fence count"
2018,"21-Jun",0,"HUC","fence count"
2019,"21-Jun",0,"HUC","fence count"
2020,"21-Jun",1,"HUC","fence count"
2021,"21-Jun",0,"HUC","fence count"
2022,"21-Jun",NA,"HUC","fence count"
2023,"21-Jun",18,"HUC","fence count"
2024,"21-Jun",1,"HUC","fence count"
1997,"22-Jun",NA,"HUC","fence count"
1998,"22-Jun",NA,"HUC","fence count"
1999,"22-Jun",NA,"HUC","fence count"
2000,"22-Jun",NA,"HUC","fence count"
2001,"22-Jun",438.309893604011,"HUC","fence count"
2002,"22-Jun",NA,"HUC","fence count"
2003,"22-Jun",13,"HUC","fence count"
2004,"22-Jun",0,"HUC","fence count"
2005,"22-Jun",2,"HUC","fence count"
2006,"22-Jun",NA,"HUC","fence count"
2007,"22-Jun",NA,"HUC","fence count"
2015,"22-Jun",NA,"HUC","fence count"
2016,"22-Jun",NA,"HUC","fence count"
2017,"22-Jun",0,"HUC","fence count"
2018,"22-Jun",0,"HUC","fence count"
2019,"22-Jun",0,"HUC","fence count"
2020,"22-Jun",3,"HUC","fence count"
2021,"22-Jun",0,"HUC","fence count"
2022,"22-Jun",NA,"HUC","fence count"
2023,"22-Jun",0,"HUC","fence count"
2024,"22-Jun",2,"HUC","fence count"
1997,"23-Jun",NA,"HUC","fence count"
1998,"23-Jun",NA,"HUC","fence count"
1999,"23-Jun",NA,"HUC","fence count"
2000,"23-Jun",NA,"HUC","fence count"
2001,"23-Jun",572.607435489788,"HUC","fence count"
2002,"23-Jun",NA,"HUC","fence count"
2003,"23-Jun",13,"HUC","fence count"
2004,"23-Jun",0,"HUC","fence count"
2005,"23-Jun",3,"HUC","fence count"
2006,"23-Jun",NA,"HUC","fence count"
2007,"23-Jun",NA,"HUC","fence count"
2015,"23-Jun",NA,"HUC","fence count"
2016,"23-Jun",6,"HUC","fence count"
2017,"23-Jun",24,"HUC","fence count"
2018,"23-Jun",0,"HUC","fence count"
2019,"23-Jun",0,"HUC","fence count"
2020,"23-Jun",0,"HUC","fence count"
2021,"23-Jun",3,"HUC","fence count"
2022,"23-Jun",NA,"HUC","fence count"
2023,"23-Jun",0,"HUC","fence count"
2024,"23-Jun",1,"HUC","fence count"
1997,"24-Jun",NA,"HUC","fence count"
1998,"24-Jun",NA,"HUC","fence count"
1999,"24-Jun",NA,"HUC","fence count"
2000,"24-Jun",NA,"HUC","fence count"
2001,"24-Jun",507.047572459337,"HUC","fence count"
2002,"24-Jun",NA,"HUC","fence count"
2003,"24-Jun",15,"HUC","fence count"
2004,"24-Jun",0,"HUC","fence count"
2005,"24-Jun",2,"HUC","fence count"
2006,"24-Jun",NA,"HUC","fence count"
2007,"24-Jun",NA,"HUC","fence count"
2015,"24-Jun",NA,"HUC","fence count"
2016,"24-Jun",1,"HUC","fence count"
2017,"24-Jun",1067,"HUC","fence count"
2018,"24-Jun",0,"HUC","fence count"
2019,"24-Jun",2,"HUC","fence count"
2020,"24-Jun",3,"HUC","fence count"
2021,"24-Jun",138,"HUC","fence count"
2022,"24-Jun",NA,"HUC","fence count"
2023,"24-Jun",1,"HUC","fence count"
2024,"24-Jun",2,"HUC","fence count"
1997,"25-Jun",NA,"HUC","fence count"
1998,"25-Jun",NA,"HUC","fence count"
1999,"25-Jun",NA,"HUC","fence count"
2000,"25-Jun",NA,"HUC","fence count"
2001,"25-Jun",303.545799192858,"HUC","fence count"
2002,"25-Jun",NA,"HUC","fence count"
2003,"25-Jun",82,"HUC","fence count"
2004,"25-Jun",0,"HUC","fence count"
2005,"25-Jun",1,"HUC","fence count"
2006,"25-Jun",NA,"HUC","fence count"
2007,"25-Jun",NA,"HUC","fence count"
2015,"25-Jun",NA,"HUC","fence count"
2016,"25-Jun",3,"HUC","fence count"
2017,"25-Jun",404,"HUC","fence count"
2018,"25-Jun",0,"HUC","fence count"
2019,"25-Jun",1,"HUC","fence count"
2020,"25-Jun",0,"HUC","fence count"
2021,"25-Jun",0,"HUC","fence count"
2022,"25-Jun",NA,"HUC","fence count"
2023,"25-Jun",2,"HUC","fence count"
2024,"25-Jun",3,"HUC","fence count"
1997,"26-Jun",NA,"HUC","fence count"
1998,"26-Jun",NA,"HUC","fence count"
1999,"26-Jun",NA,"HUC","fence count"
2000,"26-Jun",NA,"HUC","fence count"
2001,"26-Jun",143.128531246178,"HUC","fence count"
2002,"26-Jun",NA,"HUC","fence count"
2003,"26-Jun",12,"HUC","fence count"
2004,"26-Jun",0,"HUC","fence count"
2005,"26-Jun",0,"HUC","fence count"
2006,"26-Jun",NA,"HUC","fence count"
2007,"26-Jun",NA,"HUC","fence count"
2015,"26-Jun",NA,"HUC","fence count"
2016,"26-Jun",8,"HUC","fence count"
2017,"26-Jun",2,"HUC","fence count"
2018,"26-Jun",1,"HUC","fence count"
2019,"26-Jun",6,"HUC","fence count"
2020,"26-Jun",0,"HUC","fence count"
2021,"26-Jun",61,"HUC","fence count"
2022,"26-Jun",NA,"HUC","fence count"
2023,"26-Jun",0,"HUC","fence count"
2024,"26-Jun",11,"HUC","fence count"
1997,"27-Jun",NA,"HUC","fence count"
1998,"27-Jun",NA,"HUC","fence count"
1999,"27-Jun",NA,"HUC","fence count"
2000,"27-Jun",NA,"HUC","fence count"
2001,"27-Jun",104.297541885777,"HUC","fence count"
2002,"27-Jun",NA,"HUC","fence count"
2003,"27-Jun",15,"HUC","fence count"
2004,"27-Jun",0,"HUC","fence count"
2005,"27-Jun",0,"HUC","fence count"
2006,"27-Jun",NA,"HUC","fence count"
2007,"27-Jun",NA,"HUC","fence count"
2015,"27-Jun",NA,"HUC","fence count"
2016,"27-Jun",7,"HUC","fence count"
2017,"27-Jun",9,"HUC","fence count"
2018,"27-Jun",2,"HUC","fence count"
2019,"27-Jun",9,"HUC","fence count"
2020,"27-Jun",4,"HUC","fence count"
2021,"27-Jun",1,"HUC","fence count"
2022,"27-Jun",NA,"HUC","fence count"
2023,"27-Jun",5,"HUC","fence count"
2024,"27-Jun",7,"HUC","fence count"
1997,"28-Jun",NA,"HUC","fence count"
1998,"28-Jun",NA,"HUC","fence count"
1999,"28-Jun",NA,"HUC","fence count"
2000,"28-Jun",NA,"HUC","fence count"
2001,"28-Jun",30.2799315152256,"HUC","fence count"
2002,"28-Jun",NA,"HUC","fence count"
2003,"28-Jun",16,"HUC","fence count"
2004,"28-Jun",0,"HUC","fence count"
2005,"28-Jun",1,"HUC","fence count"
2006,"28-Jun",NA,"HUC","fence count"
2007,"28-Jun",NA,"HUC","fence count"
2015,"28-Jun",NA,"HUC","fence count"
2016,"28-Jun",11,"HUC","fence count"
2017,"28-Jun",2,"HUC","fence count"
2018,"28-Jun",0,"HUC","fence count"
2019,"28-Jun",1,"HUC","fence count"
2020,"28-Jun",0,"HUC","fence count"
2021,"28-Jun",17,"HUC","fence count"
2022,"28-Jun",NA,"HUC","fence count"
2023,"28-Jun",1,"HUC","fence count"
2024,"28-Jun",3,"HUC","fence count"
1997,"29-Jun",NA,"HUC","fence count"
1998,"29-Jun",NA,"HUC","fence count"
1999,"29-Jun",NA,"HUC","fence count"
2000,"29-Jun",NA,"HUC","fence count"
2001,"29-Jun",0,"HUC","fence count"
2002,"29-Jun",NA,"HUC","fence count"
2003,"29-Jun",9,"HUC","fence count"
2004,"29-Jun",0,"HUC","fence count"
2005,"29-Jun",2,"HUC","fence count"
2006,"29-Jun",NA,"HUC","fence count"
2007,"29-Jun",NA,"HUC","fence count"
2015,"29-Jun",0,"HUC","fence count"
2016,"29-Jun",4,"HUC","fence count"
2017,"29-Jun",320,"HUC","fence count"
2018,"29-Jun",3,"HUC","fence count"
2019,"29-Jun",3,"HUC","fence count"
2020,"29-Jun",31,"HUC","fence count"
2021,"29-Jun",13,"HUC","fence count"
2022,"29-Jun",NA,"HUC","fence count"
2023,"29-Jun",5,"HUC","fence count"
2024,"29-Jun",5,"HUC","fence count"
1997,"30-Jun",NA,"HUC","fence count"
1998,"30-Jun",NA,"HUC","fence count"
1999,"30-Jun",NA,"HUC","fence count"
2000,"30-Jun",NA,"HUC","fence count"
2001,"30-Jun",77.3820472055766,"HUC","fence count"
2002,"30-Jun",NA,"HUC","fence count"
2003,"30-Jun",9,"HUC","fence count"
2004,"30-Jun",0,"HUC","fence count"
2005,"30-Jun",1,"HUC","fence count"
2006,"30-Jun",NA,"HUC","fence count"
2007,"30-Jun",NA,"HUC","fence count"
2015,"30-Jun",95,"HUC","fence count"
2016,"30-Jun",43,"HUC","fence count"
2017,"30-Jun",73,"HUC","fence count"
2018,"30-Jun",3,"HUC","fence count"
2019,"30-Jun",16,"HUC","fence count"
2020,"30-Jun",0,"HUC","fence count"
2021,"30-Jun",4,"HUC","fence count"
2022,"30-Jun",NA,"HUC","fence count"
2023,"30-Jun",6,"HUC","fence count"
2024,"30-Jun",9,"HUC","fence count"
1997,"01-Jul",NA,"HUC","fence count"
1998,"01-Jul",NA,"HUC","fence count"
1999,"01-Jul",NA,"HUC","fence count"
2000,"01-Jul",NA,"HUC","fence count"
2001,"01-Jul",0,"HUC","fence count"
2002,"01-Jul",NA,"HUC","fence count"
2003,"01-Jul",4,"HUC","fence count"
2004,"01-Jul",0,"HUC","fence count"
2005,"01-Jul",5,"HUC","fence count"
2006,"01-Jul",NA,"HUC","fence count"
2007,"01-Jul",NA,"HUC","fence count"
2015,"01-Jul",0,"HUC","fence count"
2016,"01-Jul",44,"HUC","fence count"
2017,"01-Jul",15,"HUC","fence count"
2018,"01-Jul",2,"HUC","fence count"
2019,"01-Jul",678,"HUC","fence count"
2020,"01-Jul",33,"HUC","fence count"
2021,"01-Jul",41,"HUC","fence count"
2022,"01-Jul",NA,"HUC","fence count"
2023,"01-Jul",1,"HUC","fence count"
2024,"01-Jul",57,"HUC","fence count"
1997,"02-Jul",NA,"HUC","fence count"
1998,"02-Jul",NA,"HUC","fence count"
1999,"02-Jul",NA,"HUC","fence count"
2000,"02-Jul",NA,"HUC","fence count"
2001,"02-Jul",0,"HUC","fence count"
2002,"02-Jul",NA,"HUC","fence count"
2003,"02-Jul",8,"HUC","fence count"
2004,"02-Jul",0,"HUC","fence count"
2005,"02-Jul",2,"HUC","fence count"
2006,"02-Jul",NA,"HUC","fence count"
2007,"02-Jul",NA,"HUC","fence count"
2015,"02-Jul",92,"HUC","fence count"
2016,"02-Jul",140,"HUC","fence count"
2017,"02-Jul",73,"HUC","fence count"
2018,"02-Jul",2,"HUC","fence count"
2019,"02-Jul",0,"HUC","fence count"
2020,"02-Jul",913,"HUC","fence count"
2021,"02-Jul",12,"HUC","fence count"
2022,"02-Jul",43,"HUC","fence count"
2023,"02-Jul",5,"HUC","fence count"
2024,"02-Jul",42,"HUC","fence count"
1997,"03-Jul",NA,"HUC","fence count"
1998,"03-Jul",NA,"HUC","fence count"
1999,"03-Jul",NA,"HUC","fence count"
2000,"03-Jul",NA,"HUC","fence count"
2001,"03-Jul",50.4665525253761,"HUC","fence count"
2002,"03-Jul",NA,"HUC","fence count"
2003,"03-Jul",18,"HUC","fence count"
2004,"03-Jul",0,"HUC","fence count"
2005,"03-Jul",14,"HUC","fence count"
2006,"03-Jul",NA,"HUC","fence count"
2007,"03-Jul",NA,"HUC","fence count"
2015,"03-Jul",0,"HUC","fence count"
2016,"03-Jul",26,"HUC","fence count"
2017,"03-Jul",33,"HUC","fence count"
2018,"03-Jul",8,"HUC","fence count"
2019,"03-Jul",0,"HUC","fence count"
2020,"03-Jul",5,"HUC","fence count"
2021,"03-Jul",2,"HUC","fence count"
2022,"03-Jul",49,"HUC","fence count"
2023,"03-Jul",101,"HUC","fence count"
2024,"03-Jul",39,"HUC","fence count"
1997,"04-Jul",NA,"HUC","fence count"
1998,"04-Jul",NA,"HUC","fence count"
1999,"04-Jul",NA,"HUC","fence count"
2000,"04-Jul",NA,"HUC","fence count"
2001,"04-Jul",60.5598630304513,"HUC","fence count"
2002,"04-Jul",NA,"HUC","fence count"
2003,"04-Jul",22,"HUC","fence count"
2004,"04-Jul",0,"HUC","fence count"
2005,"04-Jul",2,"HUC","fence count"
2006,"04-Jul",NA,"HUC","fence count"
2007,"04-Jul",NA,"HUC","fence count"
2015,"04-Jul",0,"HUC","fence count"
2016,"04-Jul",74,"HUC","fence count"
2017,"04-Jul",19,"HUC","fence count"
2018,"04-Jul",9,"HUC","fence count"
2019,"04-Jul",0,"HUC","fence count"
2020,"04-Jul",118,"HUC","fence count"
2021,"04-Jul",0,"HUC","fence count"
2022,"04-Jul",63,"HUC","fence count"
2023,"04-Jul",300,"HUC","fence count"
2024,"04-Jul",18,"HUC","fence count"
1997,"05-Jul",NA,"HUC","fence count"
1998,"05-Jul",NA,"HUC","fence count"
1999,"05-Jul",NA,"HUC","fence count"
2000,"05-Jul",NA,"HUC","fence count"
2001,"05-Jul",0,"HUC","fence count"
2002,"05-Jul",NA,"HUC","fence count"
2003,"05-Jul",8,"HUC","fence count"
2004,"05-Jul",0,"HUC","fence count"
2005,"05-Jul",3,"HUC","fence count"
2006,"05-Jul",NA,"HUC","fence count"
2007,"05-Jul",NA,"HUC","fence count"
2015,"05-Jul",0,"HUC","fence count"
2016,"05-Jul",230,"HUC","fence count"
2017,"05-Jul",10,"HUC","fence count"
2018,"05-Jul",2,"HUC","fence count"
2019,"05-Jul",0,"HUC","fence count"
2020,"05-Jul",1,"HUC","fence count"
2021,"05-Jul",17,"HUC","fence count"
2022,"05-Jul",84.5,"HUC","fence count"
2023,"05-Jul",318,"HUC","fence count"
2024,"05-Jul",23,"HUC","fence count"
1997,"06-Jul",NA,"HUC","fence count"
1998,"06-Jul",NA,"HUC","fence count"
1999,"06-Jul",NA,"HUC","fence count"
2000,"06-Jul",910,"HUC","fence count"
2001,"06-Jul",20.1866210101504,"HUC","fence count"
2002,"06-Jul",NA,"HUC","fence count"
2003,"06-Jul",10,"HUC","fence count"
2004,"06-Jul",0,"HUC","fence count"
2005,"06-Jul",0,"HUC","fence count"
2006,"06-Jul",NA,"HUC","fence count"
2007,"06-Jul",NA,"HUC","fence count"
2015,"06-Jul",0,"HUC","fence count"
2016,"06-Jul",0,"HUC","fence count"
2017,"06-Jul",12,"HUC","fence count"
2018,"06-Jul",1,"HUC","fence count"
2019,"06-Jul",288,"HUC","fence count"
2020,"06-Jul",195,"HUC","fence count"
2021,"06-Jul",5,"HUC","fence count"
2022,"06-Jul",113.5,"HUC","fence count"
2023,"06-Jul",294,"HUC","fence count"
2024,"06-Jul",7,"HUC","fence count"
1997,"07-Jul",NA,"HUC","fence count"
1998,"07-Jul",NA,"HUC","fence count"
1999,"07-Jul",NA,"HUC","fence count"
2000,"07-Jul",NA,"HUC","fence count"
2001,"07-Jul",3.36443683502507,"HUC","fence count"
2002,"07-Jul",0,"HUC","fence count"
2003,"07-Jul",22,"HUC","fence count"
2004,"07-Jul",0,"HUC","fence count"
2005,"07-Jul",4,"HUC","fence count"
2006,"07-Jul",NA,"HUC","fence count"
2007,"07-Jul",16,"HUC","fence count"
2015,"07-Jul",0,"HUC","fence count"
2016,"07-Jul",6,"HUC","fence count"
2017,"07-Jul",7,"HUC","fence count"
2018,"07-Jul",97,"HUC","fence count"
2019,"07-Jul",9,"HUC","fence count"
2020,"07-Jul",0,"HUC","fence count"
2021,"07-Jul",0,"HUC","fence count"
2022,"07-Jul",114,"HUC","fence count"
2023,"07-Jul",324,"HUC","fence count"
2024,"07-Jul",1,"HUC","fence count"
1997,"08-Jul",NA,"HUC","fence count"
1998,"08-Jul",NA,"HUC","fence count"
1999,"08-Jul",NA,"HUC","fence count"
2000,"08-Jul",NA,"HUC","fence count"
2001,"08-Jul",0,"HUC","fence count"
2002,"08-Jul",0,"HUC","fence count"
2003,"08-Jul",28,"HUC","fence count"
2004,"08-Jul",0,"HUC","fence count"
2005,"08-Jul",7,"HUC","fence count"
2006,"08-Jul",NA,"HUC","fence count"
2007,"08-Jul",22,"HUC","fence count"
2015,"08-Jul",30,"HUC","fence count"
2016,"08-Jul",1,"HUC","fence count"
2017,"08-Jul",32,"HUC","fence count"
2018,"08-Jul",20,"HUC","fence count"
2019,"08-Jul",12,"HUC","fence count"
2020,"08-Jul",1,"HUC","fence count"
2021,"08-Jul",3,"HUC","fence count"
2022,"08-Jul",54,"HUC","fence count"
2023,"08-Jul",20,"HUC","fence count"
2024,"08-Jul",0,"HUC","fence count"
1997,"09-Jul",NA,"HUC","fence count"
1998,"09-Jul",NA,"HUC","fence count"
1999,"09-Jul",NA,"HUC","fence count"
2000,"09-Jul",511.5,"HUC","fence count"
2001,"09-Jul",63.9242998654763,"HUC","fence count"
2002,"09-Jul",0,"HUC","fence count"
2003,"09-Jul",11,"HUC","fence count"
2004,"09-Jul",0,"HUC","fence count"
2005,"09-Jul",7,"HUC","fence count"
2006,"09-Jul",NA,"HUC","fence count"
2007,"09-Jul",42,"HUC","fence count"
2015,"09-Jul",3,"HUC","fence count"
2016,"09-Jul",3,"HUC","fence count"
2017,"09-Jul",35,"HUC","fence count"
2018,"09-Jul",7,"HUC","fence count"
2019,"09-Jul",28,"HUC","fence count"
2020,"09-Jul",4,"HUC","fence count"
2021,"09-Jul",0,"HUC","fence count"
2022,"09-Jul",232,"HUC","fence count"
2023,"09-Jul",1,"HUC","fence count"
2024,"09-Jul",0,"HUC","fence count"
1997,"10-Jul",NA,"HUC","fence count"
1998,"10-Jul",NA,"HUC","fence count"
1999,"10-Jul",NA,"HUC","fence count"
2000,"10-Jul",157.5,"HUC","fence count"
2001,"10-Jul",16.8221841751254,"HUC","fence count"
2002,"10-Jul",11.8026315789474,"HUC","fence count"
2003,"10-Jul",74,"HUC","fence count"
2004,"10-Jul",0,"HUC","fence count"
2005,"10-Jul",13,"HUC","fence count"
2006,"10-Jul",NA,"HUC","fence count"
2007,"10-Jul",4,"HUC","fence count"
2015,"10-Jul",16,"HUC","fence count"
2016,"10-Jul",26,"HUC","fence count"
2017,"10-Jul",26,"HUC","fence count"
2018,"10-Jul",20,"HUC","fence count"
2019,"10-Jul",57,"HUC","fence count"
2020,"10-Jul",10,"HUC","fence count"
2021,"10-Jul",1,"HUC","fence count"
2022,"10-Jul",5,"HUC","fence count"
2023,"10-Jul",14,"HUC","fence count"
2024,"10-Jul",0,"HUC","fence count"
1997,"11-Jul",NA,"HUC","fence count"
1998,"11-Jul",NA,"HUC","fence count"
1999,"11-Jul",NA,"HUC","fence count"
2000,"11-Jul",111,"HUC","fence count"
2001,"11-Jul",23.5510578451755,"HUC","fence count"
2002,"11-Jul",10.3684210526316,"HUC","fence count"
2003,"11-Jul",10,"HUC","fence count"
2004,"11-Jul",12,"HUC","fence count"
2005,"11-Jul",12,"HUC","fence count"
2006,"11-Jul",NA,"HUC","fence count"
2007,"11-Jul",1,"HUC","fence count"
2015,"11-Jul",1,"HUC","fence count"
2016,"11-Jul",14,"HUC","fence count"
2017,"11-Jul",36,"HUC","fence count"
2018,"11-Jul",7,"HUC","fence count"
2019,"11-Jul",874,"HUC","fence count"
2020,"11-Jul",74,"HUC","fence count"
2021,"11-Jul",72,"HUC","fence count"
2022,"11-Jul",12,"HUC","fence count"
2023,"11-Jul",0,"HUC","fence count"
2024,"11-Jul",0,"HUC","fence count"
1997,"12-Jul",NA,"HUC","fence count"
1998,"12-Jul",5,"HUC","fence count"
1999,"12-Jul",NA,"HUC","fence count"
2000,"12-Jul",109.5,"HUC","fence count"
2001,"12-Jul",0,"HUC","fence count"
2002,"12-Jul",46.3771929824561,"HUC","fence count"
2003,"12-Jul",96,"HUC","fence count"
2004,"12-Jul",17,"HUC","fence count"
2005,"12-Jul",9,"HUC","fence count"
2006,"12-Jul",NA,"HUC","fence count"
2007,"12-Jul",1,"HUC","fence count"
2015,"12-Jul",0,"HUC","fence count"
2016,"12-Jul",6,"HUC","fence count"
2017,"12-Jul",41,"HUC","fence count"
2018,"12-Jul",209,"HUC","fence count"
2019,"12-Jul",26,"HUC","fence count"
2020,"12-Jul",45,"HUC","fence count"
2021,"12-Jul",133,"HUC","fence count"
2022,"12-Jul",974,"HUC","fence count"
2023,"12-Jul",324,"HUC","fence count"
2024,"12-Jul",0,"HUC","fence count"
1997,"13-Jul",NA,"HUC","fence count"
1998,"13-Jul",3,"HUC","fence count"
1999,"13-Jul",NA,"HUC","fence count"
2000,"13-Jul",252,"HUC","fence count"
2001,"13-Jul",454.198972728384,"HUC","fence count"
2002,"13-Jul",83.9364035087719,"HUC","fence count"
2003,"13-Jul",25,"HUC","fence count"
2004,"13-Jul",18,"HUC","fence count"
2005,"13-Jul",14,"HUC","fence count"
2006,"13-Jul",NA,"HUC","fence count"
2007,"13-Jul",0,"HUC","fence count"
2015,"13-Jul",0,"HUC","fence count"
2016,"13-Jul",3,"HUC","fence count"
2017,"13-Jul",17,"HUC","fence count"
2018,"13-Jul",128,"HUC","fence count"
2019,"13-Jul",37,"HUC","fence count"
2020,"13-Jul",27,"HUC","fence count"
2021,"13-Jul",60,"HUC","fence count"
2022,"13-Jul",1474,"HUC","fence count"
2023,"13-Jul",0,"HUC","fence count"
2024,"13-Jul",0,"HUC","fence count"
1997,"14-Jul",NA,"HUC","fence count"
1998,"14-Jul",45,"HUC","fence count"
1999,"14-Jul",NA,"HUC","fence count"
2000,"14-Jul",319.5,"HUC","fence count"
2001,"14-Jul",3.36443683502507,"HUC","fence count"
2002,"14-Jul",73.4188596491228,"HUC","fence count"
2003,"14-Jul",12,"HUC","fence count"
2004,"14-Jul",12,"HUC","fence count"
2005,"14-Jul",23,"HUC","fence count"
2006,"14-Jul",204,"HUC","fence count"
2007,"14-Jul",0,"HUC","fence count"
2015,"14-Jul",0,"HUC","fence count"
2016,"14-Jul",18,"HUC","fence count"
2017,"14-Jul",50,"HUC","fence count"
2018,"14-Jul",136,"HUC","fence count"
2019,"14-Jul",73,"HUC","fence count"
2020,"14-Jul",8,"HUC","fence count"
2021,"14-Jul",31,"HUC","fence count"
2022,"14-Jul",2327,"HUC","fence count"
2023,"14-Jul",0,"HUC","fence count"
2024,"14-Jul",0,"HUC","fence count"
1997,"15-Jul",NA,"HUC","fence count"
1998,"15-Jul",43,"HUC","fence count"
1999,"15-Jul",NA,"HUC","fence count"
2000,"15-Jul",58.5,"HUC","fence count"
2001,"15-Jul",3.36443683502507,"HUC","fence count"
2002,"15-Jul",3.93421052631579,"HUC","fence count"
2003,"15-Jul",9,"HUC","fence count"
2004,"15-Jul",10,"HUC","fence count"
2005,"15-Jul",25,"HUC","fence count"
2006,"15-Jul",116,"HUC","fence count"
2007,"15-Jul",0,"HUC","fence count"
2015,"15-Jul",0,"HUC","fence count"
2016,"15-Jul",11,"HUC","fence count"
2017,"15-Jul",28,"HUC","fence count"
2018,"15-Jul",216,"HUC","fence count"
2019,"15-Jul",71,"HUC","fence count"
2020,"15-Jul",7,"HUC","fence count"
2021,"15-Jul",16,"HUC","fence count"
2022,"15-Jul",1552,"HUC","fence count"
2023,"15-Jul",773,"HUC","fence count"
2024,"15-Jul",3,"HUC","fence count"
1997,"16-Jul",NA,"HUC","fence count"
1998,"16-Jul",30,"HUC","fence count"
1999,"16-Jul",NA,"HUC","fence count"
2000,"16-Jul",49.5,"HUC","fence count"
2001,"16-Jul",16.8221841751254,"HUC","fence count"
2002,"16-Jul",36.0570175438597,"HUC","fence count"
2003,"16-Jul",27,"HUC","fence count"
2004,"16-Jul",18,"HUC","fence count"
2005,"16-Jul",29,"HUC","fence count"
2006,"16-Jul",96,"HUC","fence count"
2007,"16-Jul",0,"HUC","fence count"
2015,"16-Jul",0,"HUC","fence count"
2016,"16-Jul",105,"HUC","fence count"
2017,"16-Jul",4,"HUC","fence count"
2018,"16-Jul",0,"HUC","fence count"
2019,"16-Jul",236,"HUC","fence count"
2020,"16-Jul",26,"HUC","fence count"
2021,"16-Jul",0,"HUC","fence count"
2022,"16-Jul",170,"HUC","fence count"
2023,"16-Jul",0,"HUC","fence count"
2024,"16-Jul",3,"HUC","fence count"
1997,"17-Jul",NA,"HUC","fence count"
1998,"17-Jul",340,"HUC","fence count"
1999,"17-Jul",NA,"HUC","fence count"
2000,"17-Jul",192,"HUC","fence count"
2001,"17-Jul",97.568668215727,"HUC","fence count"
2002,"17-Jul",0,"HUC","fence count"
2003,"17-Jul",12,"HUC","fence count"
2004,"17-Jul",7,"HUC","fence count"
2005,"17-Jul",55,"HUC","fence count"
2006,"17-Jul",115,"HUC","fence count"
2007,"17-Jul",0,"HUC","fence count"
2015,"17-Jul",0,"HUC","fence count"
2016,"17-Jul",130,"HUC","fence count"
2017,"17-Jul",4,"HUC","fence count"
2018,"17-Jul",6,"HUC","fence count"
2019,"17-Jul",190,"HUC","fence count"
2020,"17-Jul",3,"HUC","fence count"
2021,"17-Jul",0,"HUC","fence count"
2022,"17-Jul",525,"HUC","fence count"
2023,"17-Jul",1,"HUC","fence count"
2024,"17-Jul",0,"HUC","fence count"
1997,"18-Jul",NA,"HUC","fence count"
1998,"18-Jul",397,"HUC","fence count"
1999,"18-Jul",NA,"HUC","fence count"
2000,"18-Jul",278.5,"HUC","fence count"
2001,"18-Jul",0,"HUC","fence count"
2002,"18-Jul",117.677631578947,"HUC","fence count"
2003,"18-Jul",25,"HUC","fence count"
2004,"18-Jul",15,"HUC","fence count"
2005,"18-Jul",33,"HUC","fence count"
2006,"18-Jul",32,"HUC","fence count"
2007,"18-Jul",2,"HUC","fence count"
2015,"18-Jul",0,"HUC","fence count"
2016,"18-Jul",25,"HUC","fence count"
2017,"18-Jul",22,"HUC","fence count"
2018,"18-Jul",8,"HUC","fence count"
2019,"18-Jul",146,"HUC","fence count"
2020,"18-Jul",4,"HUC","fence count"
2021,"18-Jul",0,"HUC","fence count"
2022,"18-Jul",1771,"HUC","fence count"
2023,"18-Jul",1,"HUC","fence count"
2024,"18-Jul",0,"HUC","fence count"
1997,"19-Jul",NA,"HUC","fence count"
1998,"19-Jul",266,"HUC","fence count"
1999,"19-Jul",NA,"HUC","fence count"
2000,"19-Jul",91,"HUC","fence count"
2001,"19-Jul",0,"HUC","fence count"
2002,"19-Jul",121.280701754386,"HUC","fence count"
2003,"19-Jul",12,"HUC","fence count"
2004,"19-Jul",54,"HUC","fence count"
2005,"19-Jul",19,"HUC","fence count"
2006,"19-Jul",331,"HUC","fence count"
2007,"19-Jul",2,"HUC","fence count"
2015,"19-Jul",0,"HUC","fence count"
2016,"19-Jul",85,"HUC","fence count"
2017,"19-Jul",341,"HUC","fence count"
2018,"19-Jul",2,"HUC","fence count"
2019,"19-Jul",14,"HUC","fence count"
2020,"19-Jul",3,"HUC","fence count"
2021,"19-Jul",0,"HUC","fence count"
2022,"19-Jul",702,"HUC","fence count"
2023,"19-Jul",4,"HUC","fence count"
2024,"19-Jul",0,"HUC","fence count"
1997,"20-Jul",NA,"HUC","fence count"
1998,"20-Jul",52,"HUC","fence count"
1999,"20-Jul",NA,"HUC","fence count"
2000,"20-Jul",112,"HUC","fence count"
2001,"20-Jul",0,"HUC","fence count"
2002,"20-Jul",592.703947368421,"HUC","fence count"
2003,"20-Jul",0,"HUC","fence count"
2004,"20-Jul",154,"HUC","fence count"
2005,"20-Jul",17,"HUC","fence count"
2006,"20-Jul",102,"HUC","fence count"
2007,"20-Jul",2,"HUC","fence count"
2015,"20-Jul",0,"HUC","fence count"
2016,"20-Jul",16,"HUC","fence count"
2017,"20-Jul",157,"HUC","fence count"
2018,"20-Jul",11,"HUC","fence count"
2019,"20-Jul",14,"HUC","fence count"
2020,"20-Jul",972,"HUC","fence count"
2021,"20-Jul",1,"HUC","fence count"
2022,"20-Jul",209,"HUC","fence count"
2023,"20-Jul",80,"HUC","fence count"
2024,"20-Jul",0,"HUC","fence count"
1997,"21-Jul",NA,"HUC","fence count"
1998,"21-Jul",450,"HUC","fence count"
1999,"21-Jul",NA,"HUC","fence count"
2000,"21-Jul",57,"HUC","fence count"
2001,"21-Jul",0,"HUC","fence count"
2002,"21-Jul",47.4385964912281,"HUC","fence count"
2003,"21-Jul",10,"HUC","fence count"
2004,"21-Jul",0,"HUC","fence count"
2005,"21-Jul",30,"HUC","fence count"
2006,"21-Jul",162,"HUC","fence count"
2007,"21-Jul",7,"HUC","fence count"
2015,"21-Jul",0,"HUC","fence count"
2016,"21-Jul",23,"HUC","fence count"
2017,"21-Jul",186,"HUC","fence count"
2018,"21-Jul",0,"HUC","fence count"
2019,"21-Jul",2285,"HUC","fence count"
2020,"21-Jul",315,"HUC","fence count"
2021,"21-Jul",363,"HUC","fence count"
2022,"21-Jul",78,"HUC","fence count"
2023,"21-Jul",3,"HUC","fence count"
2024,"21-Jul",0,"HUC","fence count"
1997,"22-Jul",NA,"HUC","fence count"
1998,"22-Jul",2677,"HUC","fence count"
1999,"22-Jul",NA,"HUC","fence count"
2000,"22-Jul",19,"HUC","fence count"
2001,"22-Jul",0,"HUC","fence count"
2002,"22-Jul",23.8859649122807,"HUC","fence count"
2003,"22-Jul",5,"HUC","fence count"
2004,"22-Jul",0,"HUC","fence count"
2005,"22-Jul",4,"HUC","fence count"
2006,"22-Jul",49,"HUC","fence count"
2007,"22-Jul",8,"HUC","fence count"
2015,"22-Jul",0,"HUC","fence count"
2016,"22-Jul",111,"HUC","fence count"
2017,"22-Jul",897,"HUC","fence count"
2018,"22-Jul",4,"HUC","fence count"
2019,"22-Jul",911,"HUC","fence count"
2020,"22-Jul",183,"HUC","fence count"
2021,"22-Jul",597,"HUC","fence count"
2022,"22-Jul",137,"HUC","fence count"
2023,"22-Jul",0,"HUC","fence count"
2024,"22-Jul",0,"HUC","fence count"
1997,"23-Jul",0,"HUC","fence count"
1998,"23-Jul",885,"HUC","fence count"
1999,"23-Jul",137,"HUC","fence count"
2000,"23-Jul",40,"HUC","fence count"
2001,"23-Jul",0,"HUC","fence count"
2002,"23-Jul",10.9583333333333,"HUC","fence count"
2003,"23-Jul",15,"HUC","fence count"
2004,"23-Jul",32,"HUC","fence count"
2005,"23-Jul",16,"HUC","fence count"
2006,"23-Jul",27,"HUC","fence count"
2007,"23-Jul",0,"HUC","fence count"
2015,"23-Jul",0,"HUC","fence count"
2016,"23-Jul",6,"HUC","fence count"
2017,"23-Jul",4060,"HUC","fence count"
2018,"23-Jul",7,"HUC","fence count"
2019,"23-Jul",78,"HUC","fence count"
2020,"23-Jul",1,"HUC","fence count"
2021,"23-Jul",571,"HUC","fence count"
2022,"23-Jul",6,"HUC","fence count"
2023,"23-Jul",0,"HUC","fence count"
2024,"23-Jul",70,"HUC","fence count"
1997,"24-Jul",0,"HUC","fence count"
1998,"24-Jul",1212,"HUC","fence count"
1999,"24-Jul",87,"HUC","fence count"
2000,"24-Jul",63,"HUC","fence count"
2001,"24-Jul",0,"HUC","fence count"
2002,"24-Jul",0,"HUC","fence count"
2003,"24-Jul",37,"HUC","fence count"
2004,"24-Jul",4,"HUC","fence count"
2005,"24-Jul",9,"HUC","fence count"
2006,"24-Jul",5,"HUC","fence count"
2007,"24-Jul",1,"HUC","fence count"
2015,"24-Jul",0,"HUC","fence count"
2016,"24-Jul",47,"HUC","fence count"
2017,"24-Jul",679,"HUC","fence count"
2018,"24-Jul",256,"HUC","fence count"
2019,"24-Jul",95,"HUC","fence count"
2020,"24-Jul",18,"HUC","fence count"
2021,"24-Jul",790,"HUC","fence count"
2022,"24-Jul",83,"HUC","fence count"
2023,"24-Jul",13,"HUC","fence count"
2024,"24-Jul",2,"HUC","fence count"
1997,"25-Jul",379,"HUC","fence count"
1998,"25-Jul",279,"HUC","fence count"
1999,"25-Jul",218,"HUC","fence count"
2000,"25-Jul",439,"HUC","fence count"
2001,"25-Jul",356.630304512657,"HUC","fence count"
2002,"25-Jul",6.35087719298246,"HUC","fence count"
2003,"25-Jul",82,"HUC","fence count"
2004,"25-Jul",22,"HUC","fence count"
2005,"25-Jul",15,"HUC","fence count"
2006,"25-Jul",6,"HUC","fence count"
2007,"25-Jul",NA,"HUC","fence count"
2015,"25-Jul",0,"HUC","fence count"
2016,"25-Jul",50,"HUC","fence count"
2017,"25-Jul",635,"HUC","fence count"
2018,"25-Jul",12,"HUC","fence count"
2019,"25-Jul",17,"HUC","fence count"
2020,"25-Jul",14,"HUC","fence count"
2021,"25-Jul",130,"HUC","fence count"
2022,"25-Jul",61,"HUC","fence count"
2023,"25-Jul",7,"HUC","fence count"
2024,"25-Jul",2,"HUC","fence count"
1997,"26-Jul",36,"HUC","fence count"
1998,"26-Jul",624,"HUC","fence count"
1999,"26-Jul",177,"HUC","fence count"
2000,"26-Jul",207,"HUC","fence count"
2001,"26-Jul",30.2799315152256,"HUC","fence count"
2002,"26-Jul",1.95833333333333,"HUC","fence count"
2003,"26-Jul",319,"HUC","fence count"
2004,"26-Jul",34,"HUC","fence count"
2005,"26-Jul",19,"HUC","fence count"
2006,"26-Jul",5,"HUC","fence count"
2007,"26-Jul",80,"HUC","fence count"
2015,"26-Jul",0,"HUC","fence count"
2016,"26-Jul",65,"HUC","fence count"
2017,"26-Jul",3,"HUC","fence count"
2018,"26-Jul",2,"HUC","fence count"
2019,"26-Jul",13,"HUC","fence count"
2020,"26-Jul",6,"HUC","fence count"
2021,"26-Jul",37,"HUC","fence count"
2022,"26-Jul",139,"HUC","fence count"
2023,"26-Jul",43,"HUC","fence count"
2024,"26-Jul",2,"HUC","fence count"
1997,"27-Jul",0,"HUC","fence count"
1998,"27-Jul",156,"HUC","fence count"
1999,"27-Jul",434,"HUC","fence count"
2000,"27-Jul",NA,"HUC","fence count"
2001,"27-Jul",84.4753577106518,"HUC","fence count"
2002,"27-Jul",2.01754385964912,"HUC","fence count"
2003,"27-Jul",536,"HUC","fence count"
2004,"27-Jul",210,"HUC","fence count"
2005,"27-Jul",9,"HUC","fence count"
2006,"27-Jul",62,"HUC","fence count"
2007,"27-Jul",NA,"HUC","fence count"
2015,"27-Jul",0,"HUC","fence count"
2016,"27-Jul",0,"HUC","fence count"
2017,"27-Jul",14,"HUC","fence count"
2018,"27-Jul",5,"HUC","fence count"
2019,"27-Jul",91,"HUC","fence count"
2020,"27-Jul",1,"HUC","fence count"
2021,"27-Jul",6,"HUC","fence count"
2022,"27-Jul",37,"HUC","fence count"
2023,"27-Jul",26,"HUC","fence count"
2024,"27-Jul",0,"HUC","fence count"
1997,"28-Jul",0,"HUC","fence count"
1998,"28-Jul",47,"HUC","fence count"
1999,"28-Jul",125,"HUC","fence count"
2000,"28-Jul",NA,"HUC","fence count"
2001,"28-Jul",178.315152256329,"HUC","fence count"
2002,"28-Jul",56.1776315789474,"HUC","fence count"
2003,"28-Jul",35,"HUC","fence count"
2004,"28-Jul",18,"HUC","fence count"
2005,"28-Jul",24,"HUC","fence count"
2006,"28-Jul",368,"HUC","fence count"
2007,"28-Jul",NA,"HUC","fence count"
2015,"28-Jul",0,"HUC","fence count"
2016,"28-Jul",60,"HUC","fence count"
2017,"28-Jul",4,"HUC","fence count"
2018,"28-Jul",4,"HUC","fence count"
2019,"28-Jul",89,"HUC","fence count"
2020,"28-Jul",0,"HUC","fence count"
2021,"28-Jul",0,"HUC","fence count"
2022,"28-Jul",14,"HUC","fence count"
2023,"28-Jul",0,"HUC","fence count"
2024,"28-Jul",0,"HUC","fence count"
1997,"29-Jul",0,"HUC","fence count"
1998,"29-Jul",16,"HUC","fence count"
1999,"29-Jul",61,"HUC","fence count"
2000,"29-Jul",NA,"HUC","fence count"
2001,"29-Jul",222.052831111655,"HUC","fence count"
2002,"29-Jul",199.55701754386,"HUC","fence count"
2003,"29-Jul",26,"HUC","fence count"
2004,"29-Jul",482,"HUC","fence count"
2005,"29-Jul",13,"HUC","fence count"
2006,"29-Jul",148,"HUC","fence count"
2007,"29-Jul",NA,"HUC","fence count"
2015,"29-Jul",0,"HUC","fence count"
2016,"29-Jul",77.3333333333333,"HUC","fence count"
2017,"29-Jul",1,"HUC","fence count"
2018,"29-Jul",1,"HUC","fence count"
2019,"29-Jul",12,"HUC","fence count"
2020,"29-Jul",1,"HUC","fence count"
2021,"29-Jul",2,"HUC","fence count"
2022,"29-Jul",82,"HUC","fence count"
2023,"29-Jul",0,"HUC","fence count"
2024,"29-Jul",2,"HUC","fence count"
1997,"30-Jul",0,"HUC","fence count"
1998,"30-Jul",6,"HUC","fence count"
1999,"30-Jul",177,"HUC","fence count"
2000,"30-Jul",NA,"HUC","fence count"
2001,"30-Jul",0,"HUC","fence count"
2002,"30-Jul",37.094298245614,"HUC","fence count"
2003,"30-Jul",22,"HUC","fence count"
2004,"30-Jul",254,"HUC","fence count"
2005,"30-Jul",33,"HUC","fence count"
2006,"30-Jul",98,"HUC","fence count"
2007,"30-Jul",NA,"HUC","fence count"
2015,"30-Jul",2136,"HUC","fence count"
2016,"30-Jul",48,"HUC","fence count"
2017,"30-Jul",6,"HUC","fence count"
2018,"30-Jul",0,"HUC","fence count"
2019,"30-Jul",0,"HUC","fence count"
2020,"30-Jul",5,"HUC","fence count"
2021,"30-Jul",1,"HUC","fence count"
2022,"30-Jul",41,"HUC","fence count"
2023,"30-Jul",0,"HUC","fence count"
2024,"30-Jul",5,"HUC","fence count"
1997,"31-Jul",8,"HUC","fence count"
1998,"31-Jul",26,"HUC","fence count"
1999,"31-Jul",198,"HUC","fence count"
2000,"31-Jul",NA,"HUC","fence count"
2001,"31-Jul",23.5510578451755,"HUC","fence count"
2002,"31-Jul",-0.291666666666666,"HUC","fence count"
2003,"31-Jul",9,"HUC","fence count"
2004,"31-Jul",139,"HUC","fence count"
2005,"31-Jul",29,"HUC","fence count"
2006,"31-Jul",910,"HUC","fence count"
2007,"31-Jul",NA,"HUC","fence count"
2015,"31-Jul",0,"HUC","fence count"
2016,"31-Jul",453.333333333333,"HUC","fence count"
2017,"31-Jul",6,"HUC","fence count"
2018,"31-Jul",1,"HUC","fence count"
2019,"31-Jul",722,"HUC","fence count"
2020,"31-Jul",1,"HUC","fence count"
2021,"31-Jul",0,"HUC","fence count"
2022,"31-Jul",294,"HUC","fence count"
2023,"31-Jul",496,"HUC","fence count"
2024,"31-Jul",5,"HUC","fence count"
1997,"01-Aug",0,"HUC","fence count"
1998,"01-Aug",26,"HUC","fence count"
1999,"01-Aug",128,"HUC","fence count"
2000,"01-Aug",NA,"HUC","fence count"
2001,"01-Aug",57.1954261954262,"HUC","fence count"
2002,"01-Aug",18.9517543859649,"HUC","fence count"
2003,"01-Aug",32,"HUC","fence count"
2004,"01-Aug",120,"HUC","fence count"
2005,"01-Aug",42,"HUC","fence count"
2006,"01-Aug",109,"HUC","fence count"
2007,"01-Aug",NA,"HUC","fence count"
2015,"01-Aug",0,"HUC","fence count"
2016,"01-Aug",250.666666666667,"HUC","fence count"
2017,"01-Aug",0,"HUC","fence count"
2018,"01-Aug",2820,"HUC","fence count"
2019,"01-Aug",214,"HUC","fence count"
2020,"01-Aug",2,"HUC","fence count"
2021,"01-Aug",0,"HUC","fence count"
2022,"01-Aug",24,"HUC","fence count"
2023,"01-Aug",300,"HUC","fence count"
2024,"01-Aug",4,"HUC","fence count"
1997,"02-Aug",5,"HUC","fence count"
1998,"02-Aug",101,"HUC","fence count"
1999,"02-Aug",159,"HUC","fence count"
2000,"02-Aug",9,"HUC","fence count"
2001,"02-Aug",37.0088051852758,"HUC","fence count"
2002,"02-Aug",12.1425438596491,"HUC","fence count"
2003,"02-Aug",61,"HUC","fence count"
2004,"02-Aug",86,"HUC","fence count"
2005,"02-Aug",98,"HUC","fence count"
2006,"02-Aug",90,"HUC","fence count"
2007,"02-Aug",NA,"HUC","fence count"
2015,"02-Aug",303,"HUC","fence count"
2016,"02-Aug",198,"HUC","fence count"
2017,"02-Aug",8,"HUC","fence count"
2018,"02-Aug",1962,"HUC","fence count"
2019,"02-Aug",19,"HUC","fence count"
2020,"02-Aug",7,"HUC","fence count"
2021,"02-Aug",2,"HUC","fence count"
2022,"02-Aug",552,"HUC","fence count"
2023,"02-Aug",408,"HUC","fence count"
2024,"02-Aug",14,"HUC","fence count"
1997,"03-Aug",6,"HUC","fence count"
1998,"03-Aug",49,"HUC","fence count"
1999,"03-Aug",77,"HUC","fence count"
2000,"03-Aug",74,"HUC","fence count"
2001,"03-Aug",329.901430842607,"HUC","fence count"
2002,"03-Aug",8.16666666666667,"HUC","fence count"
2003,"03-Aug",162,"HUC","fence count"
2004,"03-Aug",29,"HUC","fence count"
2005,"03-Aug",69,"HUC","fence count"
2006,"03-Aug",50,"HUC","fence count"
2007,"03-Aug",NA,"HUC","fence count"
2015,"03-Aug",0,"HUC","fence count"
2016,"03-Aug",24.75,"HUC","fence count"
2017,"03-Aug",2,"HUC","fence count"
2018,"03-Aug",8,"HUC","fence count"
2019,"03-Aug",171,"HUC","fence count"
2020,"03-Aug",5,"HUC","fence count"
2021,"03-Aug",2,"HUC","fence count"
2022,"03-Aug",728,"HUC","fence count"
2023,"03-Aug",27,"HUC","fence count"
2024,"03-Aug",3,"HUC","fence count"
1997,"04-Aug",0,"HUC","fence count"
1998,"04-Aug",5,"HUC","fence count"
1999,"04-Aug",241,"HUC","fence count"
2000,"04-Aug",212,"HUC","fence count"
2001,"04-Aug",1611.56524397701,"HUC","fence count"
2002,"04-Aug",49.0416666666667,"HUC","fence count"
2003,"04-Aug",45,"HUC","fence count"
2004,"04-Aug",17,"HUC","fence count"
2005,"04-Aug",35,"HUC","fence count"
2006,"04-Aug",16,"HUC","fence count"
2007,"04-Aug",NA,"HUC","fence count"
2015,"04-Aug",0,"HUC","fence count"
2016,"04-Aug",87,"HUC","fence count"
2017,"04-Aug",0,"HUC","fence count"
2018,"04-Aug",1116,"HUC","fence count"
2019,"04-Aug",0,"HUC","fence count"
2020,"04-Aug",0,"HUC","fence count"
2021,"04-Aug",4,"HUC","fence count"
2022,"04-Aug",36,"HUC","fence count"
2023,"04-Aug",0,"HUC","fence count"
2024,"04-Aug",0,"HUC","fence count"
1997,"05-Aug",4,"HUC","fence count"
1998,"05-Aug",48,"HUC","fence count"
1999,"05-Aug",16,"HUC","fence count"
2000,"05-Aug",345,"HUC","fence count"
2001,"05-Aug",716.62504586034,"HUC","fence count"
2002,"05-Aug",46.5526315789474,"HUC","fence count"
2003,"05-Aug",70,"HUC","fence count"
2004,"05-Aug",30,"HUC","fence count"
2005,"05-Aug",17,"HUC","fence count"
2006,"05-Aug",40,"HUC","fence count"
2007,"05-Aug",NA,"HUC","fence count"
2015,"05-Aug",2727,"HUC","fence count"
2016,"05-Aug",17,"HUC","fence count"
2017,"05-Aug",0,"HUC","fence count"
2018,"05-Aug",643,"HUC","fence count"
2019,"05-Aug",0,"HUC","fence count"
2020,"05-Aug",0,"HUC","fence count"
2021,"05-Aug",0,"HUC","fence count"
2022,"05-Aug",956.5,"HUC","fence count"
2023,"05-Aug",3,"HUC","fence count"
2024,"05-Aug",0,"HUC","fence count"
1997,"06-Aug",0,"HUC","fence count"
1998,"06-Aug",6,"HUC","fence count"
1999,"06-Aug",61,"HUC","fence count"
2000,"06-Aug",2062,"HUC","fence count"
2001,"06-Aug",1204.46838693898,"HUC","fence count"
2002,"06-Aug",75.1929824561404,"HUC","fence count"
2003,"06-Aug",343,"HUC","fence count"
2004,"06-Aug",7,"HUC","fence count"
2005,"06-Aug",27,"HUC","fence count"
2006,"06-Aug",57,"HUC","fence count"
2007,"06-Aug",NA,"HUC","fence count"
2015,"06-Aug",626,"HUC","fence count"
2016,"06-Aug",72,"HUC","fence count"
2017,"06-Aug",8,"HUC","fence count"
2018,"06-Aug",869,"HUC","fence count"
2019,"06-Aug",0,"HUC","fence count"
2020,"06-Aug",2,"HUC","fence count"
2021,"06-Aug",3,"HUC","fence count"
2022,"06-Aug",70,"HUC","fence count"
2023,"06-Aug",0,"HUC","fence count"
2024,"06-Aug",3,"HUC","fence count"
1997,"07-Aug",2,"HUC","fence count"
1998,"07-Aug",22,"HUC","fence count"
1999,"07-Aug",149,"HUC","fence count"
2000,"07-Aug",2327,"HUC","fence count"
2001,"07-Aug",468.02115690351,"HUC","fence count"
2002,"07-Aug",64.3618421052632,"HUC","fence count"
2003,"07-Aug",190,"HUC","fence count"
2004,"07-Aug",10,"HUC","fence count"
2005,"07-Aug",50,"HUC","fence count"
2006,"07-Aug",18,"HUC","fence count"
2007,"07-Aug",NA,"HUC","fence count"
2015,"07-Aug",13,"HUC","fence count"
2016,"07-Aug",67,"HUC","fence count"
2017,"07-Aug",354,"HUC","fence count"
2018,"07-Aug",175,"HUC","fence count"
2019,"07-Aug",0,"HUC","fence count"
2020,"07-Aug",47,"HUC","fence count"
2021,"07-Aug",36,"HUC","fence count"
2022,"07-Aug",76,"HUC","fence count"
2023,"07-Aug",1,"HUC","fence count"
2024,"07-Aug",20,"HUC","fence count"
1997,"08-Aug",2,"HUC","fence count"
1998,"08-Aug",5,"HUC","fence count"
1999,"08-Aug",65,"HUC","fence count"
2000,"08-Aug",57,"HUC","fence count"
2001,"08-Aug",0,"HUC","fence count"
2002,"08-Aug",188.993421052632,"HUC","fence count"
2003,"08-Aug",16,"HUC","fence count"
2004,"08-Aug",8,"HUC","fence count"
2005,"08-Aug",15,"HUC","fence count"
2006,"08-Aug",26,"HUC","fence count"
2007,"08-Aug",6,"HUC","fence count"
2015,"08-Aug",12,"HUC","fence count"
2016,"08-Aug",34,"HUC","fence count"
2017,"08-Aug",284,"HUC","fence count"
2018,"08-Aug",60,"HUC","fence count"
2019,"08-Aug",0,"HUC","fence count"
2020,"08-Aug",11,"HUC","fence count"
2021,"08-Aug",64,"HUC","fence count"
2022,"08-Aug",61,"HUC","fence count"
2023,"08-Aug",8,"HUC","fence count"
2024,"08-Aug",27,"HUC","fence count"
1997,"09-Aug",1,"HUC","fence count"
1998,"09-Aug",7,"HUC","fence count"
1999,"09-Aug",40,"HUC","fence count"
2000,"09-Aug",245,"HUC","fence count"
2001,"09-Aug",141.399657576128,"HUC","fence count"
2002,"09-Aug",247.041666666667,"HUC","fence count"
2003,"09-Aug",16,"HUC","fence count"
2004,"09-Aug",1,"HUC","fence count"
2005,"09-Aug",29,"HUC","fence count"
2006,"09-Aug",21,"HUC","fence count"
2007,"09-Aug",13,"HUC","fence count"
2015,"09-Aug",0,"HUC","fence count"
2016,"09-Aug",51,"HUC","fence count"
2017,"09-Aug",228,"HUC","fence count"
2018,"09-Aug",239,"HUC","fence count"
2019,"09-Aug",0,"HUC","fence count"
2020,"09-Aug",9,"HUC","fence count"
2021,"09-Aug",19,"HUC","fence count"
2022,"09-Aug",605,"HUC","fence count"
2023,"09-Aug",0,"HUC","fence count"
2024,"09-Aug",2,"HUC","fence count"
1997,"10-Aug",0,"HUC","fence count"
1998,"10-Aug",2,"HUC","fence count"
1999,"10-Aug",0,"HUC","fence count"
2000,"10-Aug",339,"HUC","fence count"
2001,"10-Aug",121.119726060903,"HUC","fence count"
2002,"10-Aug",165.916666666667,"HUC","fence count"
2003,"10-Aug",26,"HUC","fence count"
2004,"10-Aug",0,"HUC","fence count"
2005,"10-Aug",7,"HUC","fence count"
2006,"10-Aug",36,"HUC","fence count"
2007,"10-Aug",248,"HUC","fence count"
2015,"10-Aug",1,"HUC","fence count"
2016,"10-Aug",25,"HUC","fence count"
2017,"10-Aug",16,"HUC","fence count"
2018,"10-Aug",0,"HUC","fence count"
2019,"10-Aug",0,"HUC","fence count"
2020,"10-Aug",5,"HUC","fence count"
2021,"10-Aug",2,"HUC","fence count"
2022,"10-Aug",1448,"HUC","fence count"
2023,"10-Aug",47,"HUC","fence count"
2024,"10-Aug",1,"HUC","fence count"
1997,"11-Aug",2,"HUC","fence count"
1998,"11-Aug",1,"HUC","fence count"
1999,"11-Aug",622,"HUC","fence count"
2000,"11-Aug",17,"HUC","fence count"
2001,"11-Aug",4952.4510211569,"HUC","fence count"
2002,"11-Aug",130.666666666667,"HUC","fence count"
2003,"11-Aug",0,"HUC","fence count"
2004,"11-Aug",0,"HUC","fence count"
2005,"11-Aug",14,"HUC","fence count"
2006,"11-Aug",33,"HUC","fence count"
2007,"11-Aug",41,"HUC","fence count"
2015,"11-Aug",1,"HUC","fence count"
2016,"11-Aug",62,"HUC","fence count"
2017,"11-Aug",1,"HUC","fence count"
2018,"11-Aug",0,"HUC","fence count"
2019,"11-Aug",0,"HUC","fence count"
2020,"11-Aug",1,"HUC","fence count"
2021,"11-Aug",4,"HUC","fence count"
2022,"11-Aug",592,"HUC","fence count"
2023,"11-Aug",1,"HUC","fence count"
2024,"11-Aug",0,"HUC","fence count"
1997,"12-Aug",0,"HUC","fence count"
1998,"12-Aug",3,"HUC","fence count"
1999,"12-Aug",62,"HUC","fence count"
2000,"12-Aug",7,"HUC","fence count"
2001,"12-Aug",2782.38926256573,"HUC","fence count"
2002,"12-Aug",96.3333333333333,"HUC","fence count"
2003,"12-Aug",7,"HUC","fence count"
2004,"12-Aug",0,"HUC","fence count"
2005,"12-Aug",13,"HUC","fence count"
2006,"12-Aug",53,"HUC","fence count"
2007,"12-Aug",1,"HUC","fence count"
2015,"12-Aug",0,"HUC","fence count"
2016,"12-Aug",66,"HUC","fence count"
2017,"12-Aug",15,"HUC","fence count"
2018,"12-Aug",0,"HUC","fence count"
2019,"12-Aug",0,"HUC","fence count"
2020,"12-Aug",17,"HUC","fence count"
2021,"12-Aug",8,"HUC","fence count"
2022,"12-Aug",352,"HUC","fence count"
2023,"12-Aug",1,"HUC","fence count"
2024,"12-Aug",1,"HUC","fence count"
1997,"13-Aug",3,"HUC","fence count"
1998,"13-Aug",2,"HUC","fence count"
1999,"13-Aug",105,"HUC","fence count"
2000,"13-Aug",38,"HUC","fence count"
2001,"13-Aug",403.732420203008,"HUC","fence count"
2002,"13-Aug",110.875,"HUC","fence count"
2003,"13-Aug",2,"HUC","fence count"
2004,"13-Aug",0,"HUC","fence count"
2005,"13-Aug",5,"HUC","fence count"
2006,"13-Aug",24,"HUC","fence count"
2007,"13-Aug",3,"HUC","fence count"
2015,"13-Aug",0,"HUC","fence count"
2016,"13-Aug",39,"HUC","fence count"
2017,"13-Aug",9,"HUC","fence count"
2018,"13-Aug",0,"HUC","fence count"
2019,"13-Aug",64,"HUC","fence count"
2020,"13-Aug",17,"HUC","fence count"
2021,"13-Aug",1,"HUC","fence count"
2022,"13-Aug",292,"HUC","fence count"
2023,"13-Aug",0,"HUC","fence count"
2024,"13-Aug",0,"HUC","fence count"
1997,"14-Aug",2,"HUC","fence count"
1998,"14-Aug",NA,"HUC","fence count"
1999,"14-Aug",71,"HUC","fence count"
2000,"14-Aug",45,"HUC","fence count"
2001,"14-Aug",24.2799315152256,"HUC","fence count"
2002,"14-Aug",409.410087719298,"HUC","fence count"
2003,"14-Aug",0,"HUC","fence count"
2004,"14-Aug",0,"HUC","fence count"
2005,"14-Aug",7,"HUC","fence count"
2006,"14-Aug",27,"HUC","fence count"
2007,"14-Aug",13,"HUC","fence count"
2015,"14-Aug",0,"HUC","fence count"
2016,"14-Aug",6,"HUC","fence count"
2017,"14-Aug",179,"HUC","fence count"
2018,"14-Aug",79,"HUC","fence count"
2019,"14-Aug",467,"HUC","fence count"
2020,"14-Aug",98,"HUC","fence count"
2021,"14-Aug",4,"HUC","fence count"
2022,"14-Aug",360.5,"HUC","fence count"
2023,"14-Aug",17,"HUC","fence count"
2024,"14-Aug",1,"HUC","fence count"
1997,"15-Aug",1,"HUC","fence count"
1998,"15-Aug",3,"HUC","fence count"
1999,"15-Aug",36,"HUC","fence count"
2000,"15-Aug",0,"HUC","fence count"
2001,"15-Aug",118.484162895928,"HUC","fence count"
2002,"15-Aug",14.6184210526316,"HUC","fence count"
2003,"15-Aug",3,"HUC","fence count"
2004,"15-Aug",0,"HUC","fence count"
2005,"15-Aug",16,"HUC","fence count"
2006,"15-Aug",27,"HUC","fence count"
2007,"15-Aug",6,"HUC","fence count"
2015,"15-Aug",0,"HUC","fence count"
2016,"15-Aug",51,"HUC","fence count"
2017,"15-Aug",45,"HUC","fence count"
2018,"15-Aug",49,"HUC","fence count"
2019,"15-Aug",78,"HUC","fence count"
2020,"15-Aug",74,"HUC","fence count"
2021,"15-Aug",13,"HUC","fence count"
2022,"15-Aug",0,"HUC","fence count"
2023,"15-Aug",4,"HUC","fence count"
2024,"15-Aug",4,"HUC","fence count"
1997,"16-Aug",0,"HUC","fence count"
1998,"16-Aug",8,"HUC","fence count"
1999,"16-Aug",15,"HUC","fence count"
2000,"16-Aug",10,"HUC","fence count"
2001,"16-Aug",140.492968081203,"HUC","fence count"
2002,"16-Aug",0,"HUC","fence count"
2003,"16-Aug",9,"HUC","fence count"
2004,"16-Aug",0,"HUC","fence count"
2005,"16-Aug",11,"HUC","fence count"
2006,"16-Aug",41,"HUC","fence count"
2007,"16-Aug",4,"HUC","fence count"
2015,"16-Aug",0,"HUC","fence count"
2016,"16-Aug",78,"HUC","fence count"
2017,"16-Aug",28,"HUC","fence count"
2018,"16-Aug",0,"HUC","fence count"
2019,"16-Aug",26,"HUC","fence count"
2020,"16-Aug",92,"HUC","fence count"
2021,"16-Aug",38,"HUC","fence count"
2022,"16-Aug",0,"HUC","fence count"
2023,"16-Aug",67,"HUC","fence count"
2024,"16-Aug",2,"HUC","fence count"
1997,"17-Aug",NA,"HUC","fence count"
1998,"17-Aug",7,"HUC","fence count"
1999,"17-Aug",14,"HUC","fence count"
2000,"17-Aug",0,"HUC","fence count"
2001,"17-Aug",0,"HUC","fence count"
2002,"17-Aug",3.375,"HUC","fence count"
2003,"17-Aug",1,"HUC","fence count"
2004,"17-Aug",0,"HUC","fence count"
2005,"17-Aug",14,"HUC","fence count"
2006,"17-Aug",55,"HUC","fence count"
2007,"17-Aug",33,"HUC","fence count"
2015,"17-Aug",0,"HUC","fence count"
2016,"17-Aug",764,"HUC","fence count"
2017,"17-Aug",66,"HUC","fence count"
2018,"17-Aug",0,"HUC","fence count"
2019,"17-Aug",1384,"HUC","fence count"
2020,"17-Aug",166,"HUC","fence count"
2021,"17-Aug",0,"HUC","fence count"
2022,"17-Aug",0,"HUC","fence count"
2023,"17-Aug",1,"HUC","fence count"
2024,"17-Aug",2,"HUC","fence count"
1997,"18-Aug",96,"HUC","fence count"
1998,"18-Aug",2,"HUC","fence count"
1999,"18-Aug",7,"HUC","fence count"
2000,"18-Aug",0,"HUC","fence count"
2001,"18-Aug",0,"HUC","fence count"
2002,"18-Aug",3.375,"HUC","fence count"
2003,"18-Aug",9,"HUC","fence count"
2004,"18-Aug",0,"HUC","fence count"
2005,"18-Aug",77,"HUC","fence count"
2006,"18-Aug",37,"HUC","fence count"
2007,"18-Aug",38,"HUC","fence count"
2015,"18-Aug",0,"HUC","fence count"
2016,"18-Aug",352,"HUC","fence count"
2017,"18-Aug",158,"HUC","fence count"
2018,"18-Aug",0,"HUC","fence count"
2019,"18-Aug",29,"HUC","fence count"
2020,"18-Aug",351,"HUC","fence count"
2021,"18-Aug",6,"HUC","fence count"
2022,"18-Aug",1,"HUC","fence count"
2023,"18-Aug",10,"HUC","fence count"
2024,"18-Aug",850,"HUC","fence count"
1997,"19-Aug",1,"HUC","fence count"
1998,"19-Aug",2,"HUC","fence count"
1999,"19-Aug",14,"HUC","fence count"
2000,"19-Aug",0,"HUC","fence count"
2001,"19-Aug",892.940198116669,"HUC","fence count"
2002,"19-Aug",5.625,"HUC","fence count"
2003,"19-Aug",7,"HUC","fence count"
2004,"19-Aug",0,"HUC","fence count"
2005,"19-Aug",35,"HUC","fence count"
2006,"19-Aug",14,"HUC","fence count"
2007,"19-Aug",25,"HUC","fence count"
2015,"19-Aug",0,"HUC","fence count"
2016,"19-Aug",1251,"HUC","fence count"
2017,"19-Aug",28,"HUC","fence count"
2018,"19-Aug",0,"HUC","fence count"
2019,"19-Aug",22,"HUC","fence count"
2020,"19-Aug",14,"HUC","fence count"
2021,"19-Aug",48,"HUC","fence count"
2022,"19-Aug",1,"HUC","fence count"
2023,"19-Aug",79,"HUC","fence count"
2024,"19-Aug",338,"HUC","fence count"
1997,"20-Aug",26,"HUC","fence count"
1998,"20-Aug",0,"HUC","fence count"
1999,"20-Aug",0,"HUC","fence count"
2000,"20-Aug",0,"HUC","fence count"
2001,"20-Aug",256.06163629693,"HUC","fence count"
2002,"20-Aug",138.81798245614,"HUC","fence count"
2003,"20-Aug",5,"HUC","fence count"
2004,"20-Aug",0,"HUC","fence count"
2005,"20-Aug",14,"HUC","fence count"
2006,"20-Aug",24,"HUC","fence count"
2007,"20-Aug",3,"HUC","fence count"
2015,"20-Aug",0,"HUC","fence count"
2016,"20-Aug",756,"HUC","fence count"
2017,"20-Aug",241,"HUC","fence count"
2018,"20-Aug",21,"HUC","fence count"
2019,"20-Aug",1,"HUC","fence count"
2020,"20-Aug",259,"HUC","fence count"
2021,"20-Aug",4,"HUC","fence count"
2022,"20-Aug",1,"HUC","fence count"
2023,"20-Aug",38,"HUC","fence count"
2024,"20-Aug",324,"HUC","fence count"
1997,"21-Aug",NA,"HUC","fence count"
1998,"21-Aug",13,"HUC","fence count"
1999,"21-Aug",9,"HUC","fence count"
2000,"21-Aug",22,"HUC","fence count"
2001,"21-Aug",0,"HUC","fence count"
2002,"21-Aug",21.6951754385965,"HUC","fence count"
2003,"21-Aug",5,"HUC","fence count"
2004,"21-Aug",0,"HUC","fence count"
2005,"21-Aug",27,"HUC","fence count"
2006,"21-Aug",36,"HUC","fence count"
2007,"21-Aug",9,"HUC","fence count"
2015,"21-Aug",0,"HUC","fence count"
2016,"21-Aug",411,"HUC","fence count"
2017,"21-Aug",390,"HUC","fence count"
2018,"21-Aug",0,"HUC","fence count"
2019,"21-Aug",11,"HUC","fence count"
2020,"21-Aug",0,"HUC","fence count"
2021,"21-Aug",102,"HUC","fence count"
2022,"21-Aug",6,"HUC","fence count"
2023,"21-Aug",175,"HUC","fence count"
2024,"21-Aug",220,"HUC","fence count"
1997,"22-Aug",32,"HUC","fence count"
1998,"22-Aug",0,"HUC","fence count"
1999,"22-Aug",7,"HUC","fence count"
2000,"22-Aug",6,"HUC","fence count"
2001,"22-Aug",592.598630304513,"HUC","fence count"
2002,"22-Aug",470.539473684211,"HUC","fence count"
2003,"22-Aug",9,"HUC","fence count"
2004,"22-Aug",0,"HUC","fence count"
2005,"22-Aug",26,"HUC","fence count"
2006,"22-Aug",13,"HUC","fence count"
2007,"22-Aug",7,"HUC","fence count"
2015,"22-Aug",0,"HUC","fence count"
2016,"22-Aug",516,"HUC","fence count"
2017,"22-Aug",1320,"HUC","fence count"
2018,"22-Aug",0,"HUC","fence count"
2019,"22-Aug",5,"HUC","fence count"
2020,"22-Aug",0,"HUC","fence count"
2021,"22-Aug",0,"HUC","fence count"
2022,"22-Aug",0,"HUC","fence count"
2023,"22-Aug",51,"HUC","fence count"
2024,"22-Aug",212,"HUC","fence count"
1997,"23-Aug",155,"HUC","fence count"
1998,"23-Aug",18,"HUC","fence count"
1999,"23-Aug",11,"HUC","fence count"
2000,"23-Aug",2,"HUC","fence count"
2001,"23-Aug",0,"HUC","fence count"
2002,"23-Aug",254.611842105263,"HUC","fence count"
2003,"23-Aug",NA,"HUC","fence count"
2004,"23-Aug",0,"HUC","fence count"
2005,"23-Aug",13,"HUC","fence count"
2006,"23-Aug",136,"HUC","fence count"
2007,"23-Aug",3,"HUC","fence count"
2015,"23-Aug",0,"HUC","fence count"
2016,"23-Aug",159.036144578313,"HUC","fence count"
2017,"23-Aug",541,"HUC","fence count"
2018,"23-Aug",0,"HUC","fence count"
2019,"23-Aug",5,"HUC","fence count"
2020,"23-Aug",56,"HUC","fence count"
2021,"23-Aug",99,"HUC","fence count"
2022,"23-Aug",4,"HUC","fence count"
2023,"23-Aug",260,"HUC","fence count"
2024,"23-Aug",46,"HUC","fence count"
1997,"24-Aug",0,"HUC","fence count"
1998,"24-Aug",1,"HUC","fence count"
1999,"24-Aug",33,"HUC","fence count"
2000,"24-Aug",4,"HUC","fence count"
2001,"24-Aug",NA,"HUC","fence count"
2002,"24-Aug",24.7302631578947,"HUC","fence count"
2003,"24-Aug",NA,"HUC","fence count"
2004,"24-Aug",0,"HUC","fence count"
2005,"24-Aug",13,"HUC","fence count"
2006,"24-Aug",38,"HUC","fence count"
2007,"24-Aug",14,"HUC","fence count"
2015,"24-Aug",0,"HUC","fence count"
2016,"24-Aug",9.63855421686747,"HUC","fence count"
2017,"24-Aug",564,"HUC","fence count"
2018,"24-Aug",0,"HUC","fence count"
2019,"24-Aug",7,"HUC","fence count"
2020,"24-Aug",0,"HUC","fence count"
2021,"24-Aug",18,"HUC","fence count"
2022,"24-Aug",3,"HUC","fence count"
2023,"24-Aug",150,"HUC","fence count"
2024,"24-Aug",88,"HUC","fence count"
1997,"25-Aug",1,"HUC","fence count"
1998,"25-Aug",3,"HUC","fence count"
1999,"25-Aug",38,"HUC","fence count"
2000,"25-Aug",2,"HUC","fence count"
2001,"25-Aug",NA,"HUC","fence count"
2002,"25-Aug",12.8684210526316,"HUC","fence count"
2003,"25-Aug",NA,"HUC","fence count"
2004,"25-Aug",12,"HUC","fence count"
2005,"25-Aug",0,"HUC","fence count"
2006,"25-Aug",12,"HUC","fence count"
2007,"25-Aug",5,"HUC","fence count"
2015,"25-Aug",0,"HUC","fence count"
2016,"25-Aug",15.421686746988,"HUC","fence count"
2017,"25-Aug",14,"HUC","fence count"
2018,"25-Aug",18,"HUC","fence count"
2019,"25-Aug",5,"HUC","fence count"
2020,"25-Aug",0,"HUC","fence count"
2021,"25-Aug",924,"HUC","fence count"
2022,"25-Aug",1,"HUC","fence count"
2023,"25-Aug",40,"HUC","fence count"
2024,"25-Aug",41,"HUC","fence count"
1997,"26-Aug",0,"HUC","fence count"
1998,"26-Aug",7,"HUC","fence count"
1999,"26-Aug",1,"HUC","fence count"
2000,"26-Aug",0,"HUC","fence count"
2001,"26-Aug",NA,"HUC","fence count"
2002,"26-Aug",354.328947368421,"HUC","fence count"
2003,"26-Aug",NA,"HUC","fence count"
2004,"26-Aug",73,"HUC","fence count"
2005,"26-Aug",0,"HUC","fence count"
2006,"26-Aug",11,"HUC","fence count"
2007,"26-Aug",13,"HUC","fence count"
2015,"26-Aug",2,"HUC","fence count"
2016,"26-Aug",15.421686746988,"HUC","fence count"
2017,"26-Aug",5,"HUC","fence count"
2018,"26-Aug",0,"HUC","fence count"
2019,"26-Aug",9,"HUC","fence count"
2020,"26-Aug",5,"HUC","fence count"
2021,"26-Aug",146,"HUC","fence count"
2022,"26-Aug",10,"HUC","fence count"
2023,"26-Aug",21,"HUC","fence count"
2024,"26-Aug",3,"HUC","fence count"
1997,"27-Aug",NA,"HUC","fence count"
1998,"27-Aug",3,"HUC","fence count"
1999,"27-Aug",NA,"HUC","fence count"
2000,"27-Aug",34,"HUC","fence count"
2001,"27-Aug",NA,"HUC","fence count"
2002,"27-Aug",119.140350877193,"HUC","fence count"
2003,"27-Aug",NA,"HUC","fence count"
2004,"27-Aug",76,"HUC","fence count"
2005,"27-Aug",3,"HUC","fence count"
2006,"27-Aug",9,"HUC","fence count"
2007,"27-Aug",4,"HUC","fence count"
2015,"27-Aug",0,"HUC","fence count"
2016,"27-Aug",36.6265060240964,"HUC","fence count"
2017,"27-Aug",0,"HUC","fence count"
2018,"27-Aug",0,"HUC","fence count"
2019,"27-Aug",8,"HUC","fence count"
2020,"27-Aug",0,"HUC","fence count"
2021,"27-Aug",191,"HUC","fence count"
2022,"27-Aug",8,"HUC","fence count"
2023,"27-Aug",67,"HUC","fence count"
2024,"27-Aug",55,"HUC","fence count"
1997,"28-Aug",NA,"HUC","fence count"
1998,"28-Aug",0,"HUC","fence count"
1999,"28-Aug",NA,"HUC","fence count"
2000,"28-Aug",25,"HUC","fence count"
2001,"28-Aug",NA,"HUC","fence count"
2002,"28-Aug",256.848684210526,"HUC","fence count"
2003,"28-Aug",NA,"HUC","fence count"
2004,"28-Aug",0,"HUC","fence count"
2005,"28-Aug",6,"HUC","fence count"
2006,"28-Aug",10,"HUC","fence count"
2007,"28-Aug",1,"HUC","fence count"
2015,"28-Aug",44.275,"HUC","fence count"
2016,"28-Aug",132.048192771084,"HUC","fence count"
2017,"28-Aug",9,"HUC","fence count"
2018,"28-Aug",0,"HUC","fence count"
2019,"28-Aug",1057,"HUC","fence count"
2020,"28-Aug",28,"HUC","fence count"
2021,"28-Aug",16,"HUC","fence count"
2022,"28-Aug",26,"HUC","fence count"
2023,"28-Aug",16,"HUC","fence count"
2024,"28-Aug",42,"HUC","fence count"
1997,"29-Aug",NA,"HUC","fence count"
1998,"29-Aug",0,"HUC","fence count"
1999,"29-Aug",NA,"HUC","fence count"
2000,"29-Aug",10.45,"HUC","fence count"
2001,"29-Aug",NA,"HUC","fence count"
2002,"29-Aug",37.3421052631579,"HUC","fence count"
2003,"29-Aug",NA,"HUC","fence count"
2004,"29-Aug",0,"HUC","fence count"
2005,"29-Aug",13,"HUC","fence count"
2006,"29-Aug",13,"HUC","fence count"
2007,"29-Aug",3,"HUC","fence count"
2015,"29-Aug",115.5,"HUC","fence count"
2016,"29-Aug",204.33734939759,"HUC","fence count"
2017,"29-Aug",335,"HUC","fence count"
2018,"29-Aug",0,"HUC","fence count"
2019,"29-Aug",1148,"HUC","fence count"
2020,"29-Aug",6,"HUC","fence count"
2021,"29-Aug",5,"HUC","fence count"
2022,"29-Aug",4,"HUC","fence count"
2023,"29-Aug",39,"HUC","fence count"
2024,"29-Aug",61,"HUC","fence count"
1997,"30-Aug",NA,"HUC","fence count"
1998,"30-Aug",0,"HUC","fence count"
1999,"30-Aug",NA,"HUC","fence count"
2000,"30-Aug",14.25,"HUC","fence count"
2001,"30-Aug",NA,"HUC","fence count"
2002,"30-Aug",2.25,"HUC","fence count"
2003,"30-Aug",NA,"HUC","fence count"
2004,"30-Aug",0,"HUC","fence count"
2005,"30-Aug",7,"HUC","fence count"
2006,"30-Aug",15,"HUC","fence count"
2007,"30-Aug",3,"HUC","fence count"
2015,"30-Aug",NA,"HUC","fence count"
2016,"30-Aug",662.168674698795,"HUC","fence count"
2017,"30-Aug",48,"HUC","fence count"
2018,"30-Aug",2,"HUC","fence count"
2019,"30-Aug",454,"HUC","fence count"
2020,"30-Aug",18,"HUC","fence count"
2021,"30-Aug",5,"HUC","fence count"
2022,"30-Aug",115,"HUC","fence count"
2023,"30-Aug",49,"HUC","fence count"
2024,"30-Aug",19,"HUC","fence count"
1997,"31-Aug",NA,"HUC","fence count"
1998,"31-Aug",1,"HUC","fence count"
1999,"31-Aug",NA,"HUC","fence count"
2000,"31-Aug",11.4,"HUC","fence count"
2001,"31-Aug",NA,"HUC","fence count"
2002,"31-Aug",27.5460526315789,"HUC","fence count"
2003,"31-Aug",NA,"HUC","fence count"
2004,"31-Aug",2,"HUC","fence count"
2005,"31-Aug",4,"HUC","fence count"
2006,"31-Aug",17,"HUC","fence count"
2007,"31-Aug",1,"HUC","fence count"
2015,"31-Aug",NA,"HUC","fence count"
2016,"31-Aug",352.916666666667,"HUC","fence count"
2017,"31-Aug",0,"HUC","fence count"
2018,"31-Aug",0,"HUC","fence count"
2019,"31-Aug",186,"HUC","fence count"
2020,"31-Aug",3,"HUC","fence count"
2021,"31-Aug",10,"HUC","fence count"
2022,"31-Aug",14,"HUC","fence count"
2023,"31-Aug",20,"HUC","fence count"
2024,"31-Aug",108,"HUC","fence count"
1997,"01-Sep",NA,"HUC","fence count"
1998,"01-Sep",1,"HUC","fence count"
1999,"01-Sep",NA,"HUC","fence count"
2000,"01-Sep",5.7,"HUC","fence count"
2001,"01-Sep",NA,"HUC","fence count"
2002,"01-Sep",22.7368421052632,"HUC","fence count"
2003,"01-Sep",NA,"HUC","fence count"
2004,"01-Sep",28,"HUC","fence count"
2005,"01-Sep",7,"HUC","fence count"
2006,"01-Sep",19,"HUC","fence count"
2007,"01-Sep",NA,"HUC","fence count"
2015,"01-Sep",NA,"HUC","fence count"
2016,"01-Sep",350,"HUC","fence count"
2017,"01-Sep",5,"HUC","fence count"
2018,"01-Sep",6,"HUC","fence count"
2019,"01-Sep",113,"HUC","fence count"
2020,"01-Sep",42,"HUC","fence count"
2021,"01-Sep",13.6,"HUC","fence count"
2022,"01-Sep",1,"HUC","fence count"
2023,"01-Sep",0,"HUC","fence count"
2024,"01-Sep",61,"HUC","fence count"
1997,"02-Sep",NA,"HUC","fence count"
1998,"02-Sep",6,"HUC","fence count"
1999,"02-Sep",10.4,"HUC","fence count"
2000,"02-Sep",291.65,"HUC","fence count"
2001,"02-Sep",NA,"HUC","fence count"
2002,"02-Sep",36.1710526315789,"HUC","fence count"
2003,"02-Sep",NA,"HUC","fence count"
2004,"02-Sep",20,"HUC","fence count"
2005,"02-Sep",14,"HUC","fence count"
2006,"02-Sep",14,"HUC","fence count"
2007,"02-Sep",NA,"HUC","fence count"
2015,"02-Sep",NA,"HUC","fence count"
2016,"02-Sep",172.083333333333,"HUC","fence count"
2017,"02-Sep",3,"HUC","fence count"
2018,"02-Sep",50,"HUC","fence count"
2019,"02-Sep",3,"HUC","fence count"
2020,"02-Sep",61,"HUC","fence count"
2021,"02-Sep",28,"HUC","fence count"
2022,"02-Sep",22,"HUC","fence count"
2023,"02-Sep",0,"HUC","fence count"
2024,"02-Sep",34,"HUC","fence count"
1997,"03-Sep",NA,"HUC","fence count"
1998,"03-Sep",3,"HUC","fence count"
1999,"03-Sep",9.6,"HUC","fence count"
2000,"03-Sep",214.7,"HUC","fence count"
2001,"03-Sep",NA,"HUC","fence count"
2002,"03-Sep",14.1157894736842,"HUC","fence count"
2003,"03-Sep",NA,"HUC","fence count"
2004,"03-Sep",5,"HUC","fence count"
2005,"03-Sep",13,"HUC","fence count"
2006,"03-Sep",6,"HUC","fence count"
2007,"03-Sep",NA,"HUC","fence count"
2015,"03-Sep",NA,"HUC","fence count"
2016,"03-Sep",70,"HUC","fence count"
2017,"03-Sep",13,"HUC","fence count"
2018,"03-Sep",289,"HUC","fence count"
2019,"03-Sep",36,"HUC","fence count"
2020,"03-Sep",NA,"HUC","fence count"
2021,"03-Sep",5.6,"HUC","fence count"
2022,"03-Sep",NA,"HUC","fence count"
2023,"03-Sep",9,"HUC","fence count"
2024,"03-Sep",16,"HUC","fence count"
1997,"04-Sep",NA,"HUC","fence count"
1998,"04-Sep",13,"HUC","fence count"
1999,"04-Sep",44.8,"HUC","fence count"
2000,"04-Sep",204.25,"HUC","fence count"
2001,"04-Sep",NA,"HUC","fence count"
2002,"04-Sep",171.7875,"HUC","fence count"
2003,"04-Sep",NA,"HUC","fence count"
2004,"04-Sep",0,"HUC","fence count"
2005,"04-Sep",2,"HUC","fence count"
2006,"04-Sep",10,"HUC","fence count"
2007,"04-Sep",40,"HUC","fence count"
2015,"04-Sep",NA,"HUC","fence count"
2016,"04-Sep",37.5,"HUC","fence count"
2017,"04-Sep",0,"HUC","fence count"
2018,"04-Sep",NA,"HUC","fence count"
2019,"04-Sep",87,"HUC","fence count"
2020,"04-Sep",NA,"HUC","fence count"
2021,"04-Sep",4.8,"HUC","fence count"
2022,"04-Sep",NA,"HUC","fence count"
2023,"04-Sep",0,"HUC","fence count"
2024,"04-Sep",44,"HUC","fence count"
1997,"05-Sep",NA,"HUC","fence count"
1998,"05-Sep",1,"HUC","fence count"
1999,"05-Sep",32,"HUC","fence count"
2000,"05-Sep",0,"HUC","fence count"
2001,"05-Sep",NA,"HUC","fence count"
2002,"05-Sep",402.578289473684,"HUC","fence count"
2003,"05-Sep",NA,"HUC","fence count"
2004,"05-Sep",11,"HUC","fence count"
2005,"05-Sep",1,"HUC","fence count"
2006,"05-Sep",21,"HUC","fence count"
2007,"05-Sep",11,"HUC","fence count"
2015,"05-Sep",NA,"HUC","fence count"
2016,"05-Sep",17.5,"HUC","fence count"
2017,"05-Sep",1756,"HUC","fence count"
2018,"05-Sep",NA,"HUC","fence count"
2019,"05-Sep",22,"HUC","fence count"
2020,"05-Sep",NA,"HUC","fence count"
2021,"05-Sep",13.6,"HUC","fence count"
2022,"05-Sep",NA,"HUC","fence count"
2023,"05-Sep",0,"HUC","fence count"
2024,"05-Sep",14,"HUC","fence count"
1997,"06-Sep",NA,"HUC","fence count"
1998,"06-Sep",2,"HUC","fence count"
1999,"06-Sep",6.4,"HUC","fence count"
2000,"06-Sep",0,"HUC","fence count"
2001,"06-Sep",NA,"HUC","fence count"
2002,"06-Sep",992.9625,"HUC","fence count"
2003,"06-Sep",NA,"HUC","fence count"
2004,"06-Sep",17,"HUC","fence count"
2005,"06-Sep",7,"HUC","fence count"
2006,"06-Sep",11,"HUC","fence count"
2007,"06-Sep",21,"HUC","fence count"
2015,"06-Sep",NA,"HUC","fence count"
2016,"06-Sep",60.8333333333333,"HUC","fence count"
2017,"06-Sep",123,"HUC","fence count"
2018,"06-Sep",NA,"HUC","fence count"
2019,"06-Sep",NA,"HUC","fence count"
2020,"06-Sep",NA,"HUC","fence count"
2021,"06-Sep",24.8,"HUC","fence count"
2022,"06-Sep",NA,"HUC","fence count"
2023,"06-Sep",1,"HUC","fence count"
2024,"06-Sep",26,"HUC","fence count"
1997,"07-Sep",NA,"HUC","fence count"
1998,"07-Sep",1,"HUC","fence count"
1999,"07-Sep",25.6,"HUC","fence count"
2000,"07-Sep",0,"HUC","fence count"
2001,"07-Sep",NA,"HUC","fence count"
2002,"07-Sep",444.7875,"HUC","fence count"
2003,"07-Sep",NA,"HUC","fence count"
2004,"07-Sep",0,"HUC","fence count"
2005,"07-Sep",2,"HUC","fence count"
2006,"07-Sep",6,"HUC","fence count"
2007,"07-Sep",12,"HUC","fence count"
2015,"07-Sep",NA,"HUC","fence count"
2016,"07-Sep",1103.33333333333,"HUC","fence count"
2017,"07-Sep",300,"HUC","fence count"
2018,"07-Sep",NA,"HUC","fence count"
2019,"07-Sep",NA,"HUC","fence count"
2020,"07-Sep",NA,"HUC","fence count"
2021,"07-Sep",8.8,"HUC","fence count"
2022,"07-Sep",NA,"HUC","fence count"
2023,"07-Sep",0,"HUC","fence count"
2024,"07-Sep",10,"HUC","fence count"
1997,"08-Sep",NA,"HUC","fence count"
1998,"08-Sep",49,"HUC","fence count"
1999,"08-Sep",9.6,"HUC","fence count"
2000,"08-Sep",1192.5,"HUC","fence count"
2001,"08-Sep",NA,"HUC","fence count"
2002,"08-Sep",406.35,"HUC","fence count"
2003,"08-Sep",NA,"HUC","fence count"
2004,"08-Sep",0,"HUC","fence count"
2005,"08-Sep",11,"HUC","fence count"
2006,"08-Sep",2,"HUC","fence count"
2007,"08-Sep",1,"HUC","fence count"
2015,"08-Sep",NA,"HUC","fence count"
2016,"08-Sep",16.6666666666667,"HUC","fence count"
2017,"08-Sep",44,"HUC","fence count"
2018,"08-Sep",NA,"HUC","fence count"
2019,"08-Sep",NA,"HUC","fence count"
2020,"08-Sep",NA,"HUC","fence count"
2021,"08-Sep",243.2,"HUC","fence count"
2022,"08-Sep",NA,"HUC","fence count"
2023,"08-Sep",11,"HUC","fence count"
2024,"08-Sep",8,"HUC","fence count"
1997,"09-Sep",NA,"HUC","fence count"
1998,"09-Sep",0,"HUC","fence count"
1999,"09-Sep",4,"HUC","fence count"
2000,"09-Sep",0,"HUC","fence count"
2001,"09-Sep",NA,"HUC","fence count"
2002,"09-Sep",1.9125,"HUC","fence count"
2003,"09-Sep",NA,"HUC","fence count"
2004,"09-Sep",0,"HUC","fence count"
2005,"09-Sep",20,"HUC","fence count"
2006,"09-Sep",24,"HUC","fence count"
2007,"09-Sep",3,"HUC","fence count"
2015,"09-Sep",NA,"HUC","fence count"
2016,"09-Sep",5.83333333333333,"HUC","fence count"
2017,"09-Sep",0,"HUC","fence count"
2018,"09-Sep",NA,"HUC","fence count"
2019,"09-Sep",NA,"HUC","fence count"
2020,"09-Sep",NA,"HUC","fence count"
2021,"09-Sep",27.2,"HUC","fence count"
2022,"09-Sep",NA,"HUC","fence count"
2023,"09-Sep",43,"HUC","fence count"
2024,"09-Sep",47,"HUC","fence count"
1997,"10-Sep",NA,"HUC","fence count"
1998,"10-Sep",0,"HUC","fence count"
1999,"10-Sep",8.8,"HUC","fence count"
2000,"10-Sep",0,"HUC","fence count"
2001,"10-Sep",NA,"HUC","fence count"
2002,"10-Sep",17.2125,"HUC","fence count"
2003,"10-Sep",NA,"HUC","fence count"
2004,"10-Sep",0,"HUC","fence count"
2005,"10-Sep",17,"HUC","fence count"
2006,"10-Sep",25,"HUC","fence count"
2007,"10-Sep",1,"HUC","fence count"
2015,"10-Sep",NA,"HUC","fence count"
2016,"10-Sep",14.4130434782609,"HUC","fence count"
2017,"10-Sep",0,"HUC","fence count"
2018,"10-Sep",NA,"HUC","fence count"
2019,"10-Sep",NA,"HUC","fence count"
2020,"10-Sep",NA,"HUC","fence count"
2021,"10-Sep",551.2,"HUC","fence count"
2022,"10-Sep",NA,"HUC","fence count"
2023,"10-Sep",106,"HUC","fence count"
2024,"10-Sep",4,"HUC","fence count"
1997,"11-Sep",NA,"HUC","fence count"
1998,"11-Sep",8,"HUC","fence count"
1999,"11-Sep",7.2,"HUC","fence count"
2000,"11-Sep",72,"HUC","fence count"
2001,"11-Sep",NA,"HUC","fence count"
2002,"11-Sep",1040.31798245614,"HUC","fence count"
2003,"11-Sep",NA,"HUC","fence count"
2004,"11-Sep",0,"HUC","fence count"
2005,"11-Sep",15,"HUC","fence count"
2006,"11-Sep",54,"HUC","fence count"
2007,"11-Sep",11,"HUC","fence count"
2015,"11-Sep",NA,"HUC","fence count"
2016,"11-Sep",9.42391304347826,"HUC","fence count"
2017,"11-Sep",2,"HUC","fence count"
2018,"11-Sep",NA,"HUC","fence count"
2019,"11-Sep",NA,"HUC","fence count"
2020,"11-Sep",NA,"HUC","fence count"
2021,"11-Sep",0,"HUC","fence count"
2022,"11-Sep",NA,"HUC","fence count"
2023,"11-Sep",22,"HUC","fence count"
2024,"11-Sep",2,"HUC","fence count"
1997,"12-Sep",NA,"HUC","fence count"
1998,"12-Sep",95,"HUC","fence count"
1999,"12-Sep",11.2,"HUC","fence count"
2000,"12-Sep",257.4,"HUC","fence count"
2001,"12-Sep",NA,"HUC","fence count"
2002,"12-Sep",3334.40460526316,"HUC","fence count"
2003,"12-Sep",NA,"HUC","fence count"
2004,"12-Sep",0,"HUC","fence count"
2005,"12-Sep",19,"HUC","fence count"
2006,"12-Sep",68,"HUC","fence count"
2007,"12-Sep",5,"HUC","fence count"
2015,"12-Sep",NA,"HUC","fence count"
2016,"12-Sep",3.51086956521739,"HUC","fence count"
2017,"12-Sep",0,"HUC","fence count"
2018,"12-Sep",NA,"HUC","fence count"
2019,"12-Sep",NA,"HUC","fence count"
2020,"12-Sep",NA,"HUC","fence count"
2021,"12-Sep",316.8,"HUC","fence count"
2022,"12-Sep",NA,"HUC","fence count"
2023,"12-Sep",63,"HUC","fence count"
2024,"12-Sep",7,"HUC","fence count"
1997,"13-Sep",NA,"HUC","fence count"
1998,"13-Sep",22,"HUC","fence count"
1999,"13-Sep",17.6,"HUC","fence count"
2000,"13-Sep",748.8,"HUC","fence count"
2001,"13-Sep",NA,"HUC","fence count"
2002,"13-Sep",137.109100877193,"HUC","fence count"
2003,"13-Sep",NA,"HUC","fence count"
2004,"13-Sep",0,"HUC","fence count"
2005,"13-Sep",18,"HUC","fence count"
2006,"13-Sep",52,"HUC","fence count"
2007,"13-Sep",5,"HUC","fence count"
2015,"13-Sep",NA,"HUC","fence count"
2016,"13-Sep",19.4021739130435,"HUC","fence count"
2017,"13-Sep",0,"HUC","fence count"
2018,"13-Sep",NA,"HUC","fence count"
2019,"13-Sep",NA,"HUC","fence count"
2020,"13-Sep",NA,"HUC","fence count"
2021,"13-Sep",5.6,"HUC","fence count"
2022,"13-Sep",NA,"HUC","fence count"
2023,"13-Sep",15,"HUC","fence count"
2024,"13-Sep",NA,"HUC","fence count"
1997,"14-Sep",NA,"HUC","fence count"
1998,"14-Sep",1,"HUC","fence count"
1999,"14-Sep",NA,"HUC","fence count"
2000,"14-Sep",0,"HUC","fence count"
2001,"14-Sep",NA,"HUC","fence count"
2002,"14-Sep",0,"HUC","fence count"
2003,"14-Sep",NA,"HUC","fence count"
2004,"14-Sep",0,"HUC","fence count"
2005,"14-Sep",31,"HUC","fence count"
2006,"14-Sep",13,"HUC","fence count"
2007,"14-Sep",2,"HUC","fence count"
2015,"14-Sep",NA,"HUC","fence count"
2016,"14-Sep",50.2608695652174,"HUC","fence count"
2017,"14-Sep",0,"HUC","fence count"
2018,"14-Sep",NA,"HUC","fence count"
2019,"14-Sep",NA,"HUC","fence count"
2020,"14-Sep",NA,"HUC","fence count"
2021,"14-Sep",0,"HUC","fence count"
2022,"14-Sep",NA,"HUC","fence count"
2023,"14-Sep",250,"HUC","fence count"
2024,"14-Sep",NA,"HUC","fence count"
1997,"15-Sep",NA,"HUC","fence count"
1998,"15-Sep",3,"HUC","fence count"
1999,"15-Sep",NA,"HUC","fence count"
2000,"15-Sep",0,"HUC","fence count"
2001,"15-Sep",NA,"HUC","fence count"
2002,"15-Sep",2248.51842105263,"HUC","fence count"
2003,"15-Sep",NA,"HUC","fence count"
2004,"15-Sep",0,"HUC","fence count"
2005,"15-Sep",38,"HUC","fence count"
2006,"15-Sep",12,"HUC","fence count"
2007,"15-Sep",3,"HUC","fence count"
2015,"15-Sep",NA,"HUC","fence count"
2016,"15-Sep",NA,"HUC","fence count"
2017,"15-Sep",0,"HUC","fence count"
2018,"15-Sep",NA,"HUC","fence count"
2019,"15-Sep",NA,"HUC","fence count"
2020,"15-Sep",NA,"HUC","fence count"
2021,"15-Sep",64,"HUC","fence count"
2022,"15-Sep",NA,"HUC","fence count"
2023,"15-Sep",144,"HUC","fence count"
2024,"15-Sep",NA,"HUC","fence count"
1997,"16-Sep",NA,"HUC","fence count"
1998,"16-Sep",0,"HUC","fence count"
1999,"16-Sep",NA,"HUC","fence count"
2000,"16-Sep",2332.8,"HUC","fence count"
2001,"16-Sep",NA,"HUC","fence count"
2002,"16-Sep",0,"HUC","fence count"
2003,"16-Sep",NA,"HUC","fence count"
2004,"16-Sep",0,"HUC","fence count"
2005,"16-Sep",55,"HUC","fence count"
2006,"16-Sep",2,"HUC","fence count"
2007,"16-Sep",5,"HUC","fence count"
2015,"16-Sep",NA,"HUC","fence count"
2016,"16-Sep",NA,"HUC","fence count"
2017,"16-Sep",0,"HUC","fence count"
2018,"16-Sep",NA,"HUC","fence count"
2019,"16-Sep",NA,"HUC","fence count"
2020,"16-Sep",NA,"HUC","fence count"
2021,"16-Sep",14.4,"HUC","fence count"
2022,"16-Sep",NA,"HUC","fence count"
2023,"16-Sep",74,"HUC","fence count"
2024,"16-Sep",NA,"HUC","fence count"
1997,"17-Sep",NA,"HUC","fence count"
1998,"17-Sep",30,"HUC","fence count"
1999,"17-Sep",NA,"HUC","fence count"
2000,"17-Sep",0,"HUC","fence count"
2001,"17-Sep",NA,"HUC","fence count"
2002,"17-Sep",0,"HUC","fence count"
2003,"17-Sep",NA,"HUC","fence count"
2004,"17-Sep",0,"HUC","fence count"
2005,"17-Sep",36,"HUC","fence count"
2006,"17-Sep",153,"HUC","fence count"
2007,"17-Sep",6,"HUC","fence count"
2015,"17-Sep",NA,"HUC","fence count"
2016,"17-Sep",NA,"HUC","fence count"
2017,"17-Sep",0,"HUC","fence count"
2018,"17-Sep",NA,"HUC","fence count"
2019,"17-Sep",NA,"HUC","fence count"
2020,"17-Sep",NA,"HUC","fence count"
2021,"17-Sep",0,"HUC","fence count"
2022,"17-Sep",NA,"HUC","fence count"
2023,"17-Sep",132,"HUC","fence count"
2024,"17-Sep",NA,"HUC","fence count"
1997,"18-Sep",NA,"HUC","fence count"
1998,"18-Sep",39,"HUC","fence count"
1999,"18-Sep",NA,"HUC","fence count"
2000,"18-Sep",0,"HUC","fence count"
2001,"18-Sep",NA,"HUC","fence count"
2002,"18-Sep",570.217543859649,"HUC","fence count"
2003,"18-Sep",NA,"HUC","fence count"
2004,"18-Sep",NA,"HUC","fence count"
2005,"18-Sep",45,"HUC","fence count"
2006,"18-Sep",489,"HUC","fence count"
2007,"18-Sep",13,"HUC","fence count"
2015,"18-Sep",NA,"HUC","fence count"
2016,"18-Sep",NA,"HUC","fence count"
2017,"18-Sep",1080,"HUC","fence count"
2018,"18-Sep",NA,"HUC","fence count"
2019,"18-Sep",NA,"HUC","fence count"
2020,"18-Sep",NA,"HUC","fence count"
2021,"18-Sep",0,"HUC","fence count"
2022,"18-Sep",NA,"HUC","fence count"
2023,"18-Sep",2,"HUC","fence count"
2024,"18-Sep",NA,"HUC","fence count"
1997,"19-Sep",NA,"HUC","fence count"
1998,"19-Sep",46,"HUC","fence count"
1999,"19-Sep",NA,"HUC","fence count"
2000,"19-Sep",7227.9,"HUC","fence count"
2001,"19-Sep",NA,"HUC","fence count"
2002,"19-Sep",252.9,"HUC","fence count"
2003,"19-Sep",NA,"HUC","fence count"
2004,"19-Sep",NA,"HUC","fence count"
2005,"19-Sep",26,"HUC","fence count"
2006,"19-Sep",NA,"HUC","fence count"
2007,"19-Sep",10,"HUC","fence count"
2015,"19-Sep",NA,"HUC","fence count"
2016,"19-Sep",NA,"HUC","fence count"
2017,"19-Sep",4409,"HUC","fence count"
2018,"19-Sep",NA,"HUC","fence count"
2019,"19-Sep",NA,"HUC","fence count"
2020,"19-Sep",NA,"HUC","fence count"
2021,"19-Sep",0,"HUC","fence count"
2022,"19-Sep",NA,"HUC","fence count"
2023,"19-Sep",3,"HUC","fence count"
2024,"19-Sep",NA,"HUC","fence count"
1997,"20-Sep",NA,"HUC","fence count"
1998,"20-Sep",24,"HUC","fence count"
1999,"20-Sep",NA,"HUC","fence count"
2000,"20-Sep",0,"HUC","fence count"
2001,"20-Sep",NA,"HUC","fence count"
2002,"20-Sep",0,"HUC","fence count"
2003,"20-Sep",NA,"HUC","fence count"
2004,"20-Sep",NA,"HUC","fence count"
2005,"20-Sep",22,"HUC","fence count"
2006,"20-Sep",NA,"HUC","fence count"
2007,"20-Sep",10,"HUC","fence count"
2015,"20-Sep",NA,"HUC","fence count"
2016,"20-Sep",NA,"HUC","fence count"
2017,"20-Sep",3227,"HUC","fence count"
2018,"20-Sep",NA,"HUC","fence count"
2019,"20-Sep",NA,"HUC","fence count"
2020,"20-Sep",NA,"HUC","fence count"
2021,"20-Sep",0,"HUC","fence count"
2022,"20-Sep",NA,"HUC","fence count"
2023,"20-Sep",7,"HUC","fence count"
2024,"20-Sep",NA,"HUC","fence count"
1997,"21-Sep",NA,"HUC","fence count"
1998,"21-Sep",3,"HUC","fence count"
1999,"21-Sep",NA,"HUC","fence count"
2000,"21-Sep",1082.05,"HUC","fence count"
2001,"21-Sep",NA,"HUC","fence count"
2002,"21-Sep",13.3333333333333,"HUC","fence count"
2003,"21-Sep",NA,"HUC","fence count"
2004,"21-Sep",NA,"HUC","fence count"
2005,"21-Sep",24,"HUC","fence count"
2006,"21-Sep",NA,"HUC","fence count"
2007,"21-Sep",10,"HUC","fence count"
2015,"21-Sep",NA,"HUC","fence count"
2016,"21-Sep",NA,"HUC","fence count"
2017,"21-Sep",0,"HUC","fence count"
2018,"21-Sep",NA,"HUC","fence count"
2019,"21-Sep",NA,"HUC","fence count"
2020,"21-Sep",NA,"HUC","fence count"
2021,"21-Sep",0,"HUC","fence count"
2022,"21-Sep",NA,"HUC","fence count"
2023,"21-Sep",31,"HUC","fence count"
2024,"21-Sep",NA,"HUC","fence count"
1997,"22-Sep",NA,"HUC","fence count"
1998,"22-Sep",8,"HUC","fence count"
1999,"22-Sep",NA,"HUC","fence count"
2000,"22-Sep",0,"HUC","fence count"
2001,"22-Sep",NA,"HUC","fence count"
2002,"22-Sep",22.4035087719298,"HUC","fence count"
2003,"22-Sep",NA,"HUC","fence count"
2004,"22-Sep",NA,"HUC","fence count"
2005,"22-Sep",2,"HUC","fence count"
2006,"22-Sep",NA,"HUC","fence count"
2007,"22-Sep",7,"HUC","fence count"
2015,"22-Sep",NA,"HUC","fence count"
2016,"22-Sep",NA,"HUC","fence count"
2017,"22-Sep",0,"HUC","fence count"
2018,"22-Sep",NA,"HUC","fence count"
2019,"22-Sep",NA,"HUC","fence count"
2020,"22-Sep",NA,"HUC","fence count"
2021,"22-Sep",0,"HUC","fence count"
2022,"22-Sep",NA,"HUC","fence count"
2023,"22-Sep",51,"HUC","fence count"
2024,"22-Sep",NA,"HUC","fence count"
1997,"23-Sep",NA,"HUC","fence count"
1998,"23-Sep",4,"HUC","fence count"
1999,"23-Sep",NA,"HUC","fence count"
2000,"23-Sep",0,"HUC","fence count"
2001,"23-Sep",NA,"HUC","fence count"
2002,"23-Sep",31.4736842105263,"HUC","fence count"
2003,"23-Sep",NA,"HUC","fence count"
2004,"23-Sep",NA,"HUC","fence count"
2005,"23-Sep",0,"HUC","fence count"
2006,"23-Sep",NA,"HUC","fence count"
2007,"23-Sep",10,"HUC","fence count"
2015,"23-Sep",NA,"HUC","fence count"
2016,"23-Sep",NA,"HUC","fence count"
2017,"23-Sep",0,"HUC","fence count"
2018,"23-Sep",NA,"HUC","fence count"
2019,"23-Sep",NA,"HUC","fence count"
2020,"23-Sep",NA,"HUC","fence count"
2021,"23-Sep",0,"HUC","fence count"
2022,"23-Sep",NA,"HUC","fence count"
2023,"23-Sep",0,"HUC","fence count"
2024,"23-Sep",NA,"HUC","fence count"
1997,"24-Sep",NA,"HUC","fence count"
1998,"24-Sep",3,"HUC","fence count"
1999,"24-Sep",NA,"HUC","fence count"
2000,"24-Sep",0,"HUC","fence count"
2001,"24-Sep",NA,"HUC","fence count"
2002,"24-Sep",0,"HUC","fence count"
2003,"24-Sep",NA,"HUC","fence count"
2004,"24-Sep",NA,"HUC","fence count"
2005,"24-Sep",5,"HUC","fence count"
2006,"24-Sep",NA,"HUC","fence count"
2007,"24-Sep",11,"HUC","fence count"
2015,"24-Sep",NA,"HUC","fence count"
2016,"24-Sep",NA,"HUC","fence count"
2017,"24-Sep",1,"HUC","fence count"
2018,"24-Sep",NA,"HUC","fence count"
2019,"24-Sep",NA,"HUC","fence count"
2020,"24-Sep",NA,"HUC","fence count"
2021,"24-Sep",0,"HUC","fence count"
2022,"24-Sep",NA,"HUC","fence count"
2023,"24-Sep",10,"HUC","fence count"
2024,"24-Sep",NA,"HUC","fence count"
1997,"25-Sep",NA,"HUC","fence count"
1998,"25-Sep",13,"HUC","fence count"
1999,"25-Sep",NA,"HUC","fence count"
2000,"25-Sep",0,"HUC","fence count"
2001,"25-Sep",NA,"HUC","fence count"
2002,"25-Sep",5.90131578947368,"HUC","fence count"
2003,"25-Sep",NA,"HUC","fence count"
2004,"25-Sep",NA,"HUC","fence count"
2005,"25-Sep",1,"HUC","fence count"
2006,"25-Sep",NA,"HUC","fence count"
2007,"25-Sep",61,"HUC","fence count"
2015,"25-Sep",NA,"HUC","fence count"
2016,"25-Sep",NA,"HUC","fence count"
2017,"25-Sep",21,"HUC","fence count"
2018,"25-Sep",NA,"HUC","fence count"
2019,"25-Sep",NA,"HUC","fence count"
2020,"25-Sep",NA,"HUC","fence count"
2021,"25-Sep",0,"HUC","fence count"
2022,"25-Sep",NA,"HUC","fence count"
2023,"25-Sep",13,"HUC","fence count"
2024,"25-Sep",NA,"HUC","fence count"
1997,"26-Sep",NA,"HUC","fence count"
1998,"26-Sep",23,"HUC","fence count"
1999,"26-Sep",NA,"HUC","fence count"
2000,"26-Sep",0,"HUC","fence count"
2001,"26-Sep",NA,"HUC","fence count"
2002,"26-Sep",29.5065789473684,"HUC","fence count"
2003,"26-Sep",NA,"HUC","fence count"
2004,"26-Sep",NA,"HUC","fence count"
2005,"26-Sep",25,"HUC","fence count"
2006,"26-Sep",NA,"HUC","fence count"
2007,"26-Sep",14,"HUC","fence count"
2015,"26-Sep",NA,"HUC","fence count"
2016,"26-Sep",NA,"HUC","fence count"
2017,"26-Sep",4,"HUC","fence count"
2018,"26-Sep",NA,"HUC","fence count"
2019,"26-Sep",NA,"HUC","fence count"
2020,"26-Sep",NA,"HUC","fence count"
2021,"26-Sep",0,"HUC","fence count"
2022,"26-Sep",NA,"HUC","fence count"
2023,"26-Sep",72,"HUC","fence count"
2024,"26-Sep",NA,"HUC","fence count"
1997,"27-Sep",NA,"HUC","fence count"
1998,"27-Sep",11,"HUC","fence count"
1999,"27-Sep",NA,"HUC","fence count"
2000,"27-Sep",0,"HUC","fence count"
2001,"27-Sep",NA,"HUC","fence count"
2002,"27-Sep",44.2598684210526,"HUC","fence count"
2003,"27-Sep",NA,"HUC","fence count"
2004,"27-Sep",NA,"HUC","fence count"
2005,"27-Sep",9,"HUC","fence count"
2006,"27-Sep",NA,"HUC","fence count"
2007,"27-Sep",1,"HUC","fence count"
2015,"27-Sep",NA,"HUC","fence count"
2016,"27-Sep",NA,"HUC","fence count"
2017,"27-Sep",11,"HUC","fence count"
2018,"27-Sep",NA,"HUC","fence count"
2019,"27-Sep",NA,"HUC","fence count"
2020,"27-Sep",NA,"HUC","fence count"
2021,"27-Sep",0,"HUC","fence count"
2022,"27-Sep",NA,"HUC","fence count"
2023,"27-Sep",NA,"HUC","fence count"
2024,"27-Sep",NA,"HUC","fence count"
1997,"28-Sep",NA,"HUC","fence count"
1998,"28-Sep",141,"HUC","fence count"
1999,"28-Sep",NA,"HUC","fence count"
2000,"28-Sep",640.05,"HUC","fence count"
2001,"28-Sep",NA,"HUC","fence count"
2002,"28-Sep",100.322368421053,"HUC","fence count"
2003,"28-Sep",NA,"HUC","fence count"
2004,"28-Sep",NA,"HUC","fence count"
2005,"28-Sep",11,"HUC","fence count"
2006,"28-Sep",NA,"HUC","fence count"
2007,"28-Sep",0,"HUC","fence count"
2015,"28-Sep",NA,"HUC","fence count"
2016,"28-Sep",NA,"HUC","fence count"
2017,"28-Sep",0,"HUC","fence count"
2018,"28-Sep",NA,"HUC","fence count"
2019,"28-Sep",NA,"HUC","fence count"
2020,"28-Sep",NA,"HUC","fence count"
2021,"28-Sep",0,"HUC","fence count"
2022,"28-Sep",NA,"HUC","fence count"
2023,"28-Sep",NA,"HUC","fence count"
2024,"28-Sep",NA,"HUC","fence count"
1997,"29-Sep",NA,"HUC","fence count"
1998,"29-Sep",35,"HUC","fence count"
1999,"29-Sep",NA,"HUC","fence count"
2000,"29-Sep",NA,"HUC","fence count"
2001,"29-Sep",NA,"HUC","fence count"
2002,"29-Sep",526.904605263158,"HUC","fence count"
2003,"29-Sep",NA,"HUC","fence count"
2004,"29-Sep",NA,"HUC","fence count"
2005,"29-Sep",174,"HUC","fence count"
2006,"29-Sep",NA,"HUC","fence count"
2007,"29-Sep",46,"HUC","fence count"
2015,"29-Sep",NA,"HUC","fence count"
2016,"29-Sep",NA,"HUC","fence count"
2017,"29-Sep",0,"HUC","fence count"
2018,"29-Sep",NA,"HUC","fence count"
2019,"29-Sep",NA,"HUC","fence count"
2020,"29-Sep",NA,"HUC","fence count"
2021,"29-Sep",0,"HUC","fence count"
2022,"29-Sep",NA,"HUC","fence count"
2023,"29-Sep",NA,"HUC","fence count"
2024,"29-Sep",NA,"HUC","fence count"
1997,"30-Sep",NA,"HUC","fence count"
1998,"30-Sep",13,"HUC","fence count"
1999,"30-Sep",NA,"HUC","fence count"
2000,"30-Sep",NA,"HUC","fence count"
2001,"30-Sep",NA,"HUC","fence count"
2002,"30-Sep",295.065789473684,"HUC","fence count"
2003,"30-Sep",NA,"HUC","fence count"
2004,"30-Sep",NA,"HUC","fence count"
2005,"30-Sep",0,"HUC","fence count"
2006,"30-Sep",NA,"HUC","fence count"
2007,"30-Sep",NA,"HUC","fence count"
2015,"30-Sep",NA,"HUC","fence count"
2016,"30-Sep",NA,"HUC","fence count"
2017,"30-Sep",3,"HUC","fence count"
2018,"30-Sep",NA,"HUC","fence count"
2019,"30-Sep",NA,"HUC","fence count"
2020,"30-Sep",NA,"HUC","fence count"
2021,"30-Sep",0,"HUC","fence count"
2022,"30-Sep",NA,"HUC","fence count"
2023,"30-Sep",NA,"HUC","fence count"
2024,"30-Sep",NA,"HUC","fence count"
1997,"01-Oct",NA,"HUC","fence count"
1998,"01-Oct",5,"HUC","fence count"
1999,"01-Oct",NA,"HUC","fence count"
2000,"01-Oct",NA,"HUC","fence count"
2001,"01-Oct",NA,"HUC","fence count"
2002,"01-Oct",333.009868421053,"HUC","fence count"
2003,"01-Oct",NA,"HUC","fence count"
2004,"01-Oct",NA,"HUC","fence count"
2005,"01-Oct",4,"HUC","fence count"
2006,"01-Oct",NA,"HUC","fence count"
2007,"01-Oct",NA,"HUC","fence count"
2015,"01-Oct",NA,"HUC","fence count"
2016,"01-Oct",NA,"HUC","fence count"
2017,"01-Oct",3,"HUC","fence count"
2018,"01-Oct",NA,"HUC","fence count"
2019,"01-Oct",NA,"HUC","fence count"
2020,"01-Oct",NA,"HUC","fence count"
2021,"01-Oct",NA,"HUC","fence count"
2022,"01-Oct",NA,"HUC","fence count"
2023,"01-Oct",NA,"HUC","fence count"
2024,"01-Oct",NA,"HUC","fence count"
1997,"02-Oct",NA,"HUC","fence count"
1998,"02-Oct",5041,"HUC","fence count"
1999,"02-Oct",NA,"HUC","fence count"
2000,"02-Oct",NA,"HUC","fence count"
2001,"02-Oct",NA,"HUC","fence count"
2002,"02-Oct",160.189144736842,"HUC","fence count"
2003,"02-Oct",NA,"HUC","fence count"
2004,"02-Oct",NA,"HUC","fence count"
2005,"02-Oct",2,"HUC","fence count"
2006,"02-Oct",NA,"HUC","fence count"
2007,"02-Oct",NA,"HUC","fence count"
2015,"02-Oct",NA,"HUC","fence count"
2016,"02-Oct",NA,"HUC","fence count"
2017,"02-Oct",NA,"HUC","fence count"
2018,"02-Oct",NA,"HUC","fence count"
2019,"02-Oct",NA,"HUC","fence count"
2020,"02-Oct",NA,"HUC","fence count"
2021,"02-Oct",NA,"HUC","fence count"
2022,"02-Oct",NA,"HUC","fence count"
2023,"02-Oct",NA,"HUC","fence count"
2024,"02-Oct",NA,"HUC","fence count"
1997,"03-Oct",NA,"HUC","fence count"
1998,"03-Oct",811,"HUC","fence count"
1999,"03-Oct",NA,"HUC","fence count"
2000,"03-Oct",NA,"HUC","fence count"
2001,"03-Oct",NA,"HUC","fence count"
2002,"03-Oct",217.105263157895,"HUC","fence count"
2003,"03-Oct",NA,"HUC","fence count"
2004,"03-Oct",NA,"HUC","fence count"
2005,"03-Oct",0,"HUC","fence count"
2006,"03-Oct",NA,"HUC","fence count"
2007,"03-Oct",NA,"HUC","fence count"
2015,"03-Oct",NA,"HUC","fence count"
2016,"03-Oct",NA,"HUC","fence count"
2017,"03-Oct",NA,"HUC","fence count"
2018,"03-Oct",NA,"HUC","fence count"
2019,"03-Oct",NA,"HUC","fence count"
2020,"03-Oct",NA,"HUC","fence count"
2021,"03-Oct",NA,"HUC","fence count"
2022,"03-Oct",NA,"HUC","fence count"
2023,"03-Oct",NA,"HUC","fence count"
2024,"03-Oct",NA,"HUC","fence count"
1997,"04-Oct",NA,"HUC","fence count"
1998,"04-Oct",1001,"HUC","fence count"
1999,"04-Oct",NA,"HUC","fence count"
2000,"04-Oct",NA,"HUC","fence count"
2001,"04-Oct",NA,"HUC","fence count"
2002,"04-Oct",357.873355263158,"HUC","fence count"
2003,"04-Oct",NA,"HUC","fence count"
2004,"04-Oct",NA,"HUC","fence count"
2005,"04-Oct",NA,"HUC","fence count"
2006,"04-Oct",NA,"HUC","fence count"
2007,"04-Oct",NA,"HUC","fence count"
2015,"04-Oct",NA,"HUC","fence count"
2016,"04-Oct",NA,"HUC","fence count"
2017,"04-Oct",NA,"HUC","fence count"
2018,"04-Oct",NA,"HUC","fence count"
2019,"04-Oct",NA,"HUC","fence count"
2020,"04-Oct",NA,"HUC","fence count"
2021,"04-Oct",NA,"HUC","fence count"
2022,"04-Oct",NA,"HUC","fence count"
2023,"04-Oct",NA,"HUC","fence count"
2024,"04-Oct",NA,"HUC","fence count"
1997,"05-Oct",NA,"HUC","fence count"
1998,"05-Oct",1125,"HUC","fence count"
1999,"05-Oct",NA,"HUC","fence count"
2000,"05-Oct",NA,"HUC","fence count"
2001,"05-Oct",NA,"HUC","fence count"
2002,"05-Oct",NA,"HUC","fence count"
2003,"05-Oct",NA,"HUC","fence count"
2004,"05-Oct",NA,"HUC","fence count"
2005,"05-Oct",NA,"HUC","fence count"
2006,"05-Oct",NA,"HUC","fence count"
2007,"05-Oct",NA,"HUC","fence count"
2015,"05-Oct",NA,"HUC","fence count"
2016,"05-Oct",NA,"HUC","fence count"
2017,"05-Oct",NA,"HUC","fence count"
2018,"05-Oct",NA,"HUC","fence count"
2019,"05-Oct",NA,"HUC","fence count"
2020,"05-Oct",NA,"HUC","fence count"
2021,"05-Oct",NA,"HUC","fence count"
2022,"05-Oct",NA,"HUC","fence count"
2023,"05-Oct",NA,"HUC","fence count"
2024,"05-Oct",NA,"HUC","fence count"
1997,"06-Oct",NA,"HUC","fence count"
1998,"06-Oct",937,"HUC","fence count"
1999,"06-Oct",NA,"HUC","fence count"
2000,"06-Oct",NA,"HUC","fence count"
2001,"06-Oct",NA,"HUC","fence count"
2002,"06-Oct",NA,"HUC","fence count"
2003,"06-Oct",NA,"HUC","fence count"
2004,"06-Oct",NA,"HUC","fence count"
2005,"06-Oct",NA,"HUC","fence count"
2006,"06-Oct",NA,"HUC","fence count"
2007,"06-Oct",NA,"HUC","fence count"
2015,"06-Oct",NA,"HUC","fence count"
2016,"06-Oct",NA,"HUC","fence count"
2017,"06-Oct",NA,"HUC","fence count"
2018,"06-Oct",NA,"HUC","fence count"
2019,"06-Oct",NA,"HUC","fence count"
2020,"06-Oct",NA,"HUC","fence count"
2021,"06-Oct",NA,"HUC","fence count"
2022,"06-Oct",NA,"HUC","fence count"
2023,"06-Oct",NA,"HUC","fence count"
2024,"06-Oct",NA,"HUC","fence count"
1997,"07-Oct",NA,"HUC","fence count"
1998,"07-Oct",756,"HUC","fence count"
1999,"07-Oct",NA,"HUC","fence count"
2000,"07-Oct",NA,"HUC","fence count"
2001,"07-Oct",NA,"HUC","fence count"
2002,"07-Oct",NA,"HUC","fence count"
2003,"07-Oct",NA,"HUC","fence count"
2004,"07-Oct",NA,"HUC","fence count"
2005,"07-Oct",NA,"HUC","fence count"
2006,"07-Oct",NA,"HUC","fence count"
2007,"07-Oct",NA,"HUC","fence count"
2015,"07-Oct",NA,"HUC","fence count"
2016,"07-Oct",NA,"HUC","fence count"
2017,"07-Oct",NA,"HUC","fence count"
2018,"07-Oct",NA,"HUC","fence count"
2019,"07-Oct",NA,"HUC","fence count"
2020,"07-Oct",NA,"HUC","fence count"
2021,"07-Oct",NA,"HUC","fence count"
2022,"07-Oct",NA,"HUC","fence count"
2023,"07-Oct",NA,"HUC","fence count"
2024,"07-Oct",NA,"HUC","fence count"
1997,"08-Oct",NA,"HUC","fence count"
1998,"08-Oct",NA,"HUC","fence count"
1999,"08-Oct",NA,"HUC","fence count"
2000,"08-Oct",NA,"HUC","fence count"
2001,"08-Oct",NA,"HUC","fence count"
2002,"08-Oct",NA,"HUC","fence count"
2003,"08-Oct",NA,"HUC","fence count"
2004,"08-Oct",NA,"HUC","fence count"
2005,"08-Oct",NA,"HUC","fence count"
2006,"08-Oct",NA,"HUC","fence count"
2007,"08-Oct",NA,"HUC","fence count"
2015,"08-Oct",NA,"HUC","fence count"
2016,"08-Oct",NA,"HUC","fence count"
2017,"08-Oct",NA,"HUC","fence count"
2018,"08-Oct",NA,"HUC","fence count"
2019,"08-Oct",NA,"HUC","fence count"
2020,"08-Oct",NA,"HUC","fence count"
2021,"08-Oct",NA,"HUC","fence count"
2022,"08-Oct",NA,"HUC","fence count"
2023,"08-Oct",NA,"HUC","fence count"
2024,"08-Oct",NA,"HUC","fence count"
1997,"09-Oct",NA,"HUC","fence count"
1998,"09-Oct",NA,"HUC","fence count"
1999,"09-Oct",NA,"HUC","fence count"
2000,"09-Oct",NA,"HUC","fence count"
2001,"09-Oct",NA,"HUC","fence count"
2002,"09-Oct",NA,"HUC","fence count"
2003,"09-Oct",NA,"HUC","fence count"
2004,"09-Oct",NA,"HUC","fence count"
2005,"09-Oct",NA,"HUC","fence count"
2006,"09-Oct",NA,"HUC","fence count"
2007,"09-Oct",NA,"HUC","fence count"
2015,"09-Oct",NA,"HUC","fence count"
2016,"09-Oct",NA,"HUC","fence count"
2017,"09-Oct",NA,"HUC","fence count"
2018,"09-Oct",NA,"HUC","fence count"
2019,"09-Oct",NA,"HUC","fence count"
2020,"09-Oct",NA,"HUC","fence count"
2021,"09-Oct",NA,"HUC","fence count"
2022,"09-Oct",NA,"HUC","fence count"
2023,"09-Oct",NA,"HUC","fence count"
2024,"09-Oct",NA,"HUC","fence count"
1997,"10-Oct",NA,"HUC","fence count"
1998,"10-Oct",NA,"HUC","fence count"
1999,"10-Oct",NA,"HUC","fence count"
2000,"10-Oct",NA,"HUC","fence count"
2001,"10-Oct",NA,"HUC","fence count"
2002,"10-Oct",NA,"HUC","fence count"
2003,"10-Oct",NA,"HUC","fence count"
2004,"10-Oct",NA,"HUC","fence count"
2005,"10-Oct",NA,"HUC","fence count"
2006,"10-Oct",NA,"HUC","fence count"
2007,"10-Oct",NA,"HUC","fence count"
2015,"10-Oct",NA,"HUC","fence count"
2016,"10-Oct",NA,"HUC","fence count"
2017,"10-Oct",NA,"HUC","fence count"
2018,"10-Oct",NA,"HUC","fence count"
2019,"10-Oct",NA,"HUC","fence count"
2020,"10-Oct",NA,"HUC","fence count"
2021,"10-Oct",NA,"HUC","fence count"
2022,"10-Oct",NA,"HUC","fence count"
2023,"10-Oct",NA,"HUC","fence count"
2024,"10-Oct",NA,"HUC","fence count"
1997,"11-Oct",NA,"HUC","fence count"
1998,"11-Oct",NA,"HUC","fence count"
1999,"11-Oct",NA,"HUC","fence count"
2000,"11-Oct",NA,"HUC","fence count"
2001,"11-Oct",NA,"HUC","fence count"
2002,"11-Oct",NA,"HUC","fence count"
2003,"11-Oct",NA,"HUC","fence count"
2004,"11-Oct",NA,"HUC","fence count"
2005,"11-Oct",NA,"HUC","fence count"
2006,"11-Oct",NA,"HUC","fence count"
2007,"11-Oct",NA,"HUC","fence count"
2015,"11-Oct",NA,"HUC","fence count"
2016,"11-Oct",NA,"HUC","fence count"
2017,"11-Oct",NA,"HUC","fence count"
2018,"11-Oct",NA,"HUC","fence count"
2019,"11-Oct",NA,"HUC","fence count"
2020,"11-Oct",NA,"HUC","fence count"
2021,"11-Oct",NA,"HUC","fence count"
2022,"11-Oct",NA,"HUC","fence count"
2023,"11-Oct",NA,"HUC","fence count"
2024,"11-Oct",NA,"HUC","fence count"
1997,"12-Oct",NA,"HUC","fence count"
1998,"12-Oct",NA,"HUC","fence count"
1999,"12-Oct",NA,"HUC","fence count"
2000,"12-Oct",NA,"HUC","fence count"
2001,"12-Oct",NA,"HUC","fence count"
2002,"12-Oct",NA,"HUC","fence count"
2003,"12-Oct",NA,"HUC","fence count"
2004,"12-Oct",NA,"HUC","fence count"
2005,"12-Oct",NA,"HUC","fence count"
2006,"12-Oct",NA,"HUC","fence count"
2007,"12-Oct",NA,"HUC","fence count"
2015,"12-Oct",NA,"HUC","fence count"
2016,"12-Oct",NA,"HUC","fence count"
2017,"12-Oct",NA,"HUC","fence count"
2018,"12-Oct",NA,"HUC","fence count"
2019,"12-Oct",NA,"HUC","fence count"
2020,"12-Oct",NA,"HUC","fence count"
2021,"12-Oct",NA,"HUC","fence count"
2022,"12-Oct",NA,"HUC","fence count"
2023,"12-Oct",NA,"HUC","fence count"
2024,"12-Oct",NA,"HUC","fence count"
1997,"13-Oct",NA,"HUC","fence count"
1998,"13-Oct",NA,"HUC","fence count"
1999,"13-Oct",NA,"HUC","fence count"
2000,"13-Oct",NA,"HUC","fence count"
2001,"13-Oct",NA,"HUC","fence count"
2002,"13-Oct",NA,"HUC","fence count"
2003,"13-Oct",NA,"HUC","fence count"
2004,"13-Oct",NA,"HUC","fence count"
2005,"13-Oct",NA,"HUC","fence count"
2006,"13-Oct",NA,"HUC","fence count"
2007,"13-Oct",NA,"HUC","fence count"
2015,"13-Oct",NA,"HUC","fence count"
2016,"13-Oct",NA,"HUC","fence count"
2017,"13-Oct",NA,"HUC","fence count"
2018,"13-Oct",NA,"HUC","fence count"
2019,"13-Oct",NA,"HUC","fence count"
2020,"13-Oct",NA,"HUC","fence count"
2021,"13-Oct",NA,"HUC","fence count"
2022,"13-Oct",NA,"HUC","fence count"
2023,"13-Oct",NA,"HUC","fence count"
2024,"13-Oct",NA,"HUC","fence count"
1997,"14-Oct",NA,"HUC","fence count"
1998,"14-Oct",NA,"HUC","fence count"
1999,"14-Oct",NA,"HUC","fence count"
2000,"14-Oct",NA,"HUC","fence count"
2001,"14-Oct",NA,"HUC","fence count"
2002,"14-Oct",NA,"HUC","fence count"
2003,"14-Oct",NA,"HUC","fence count"
2004,"14-Oct",NA,"HUC","fence count"
2005,"14-Oct",NA,"HUC","fence count"
2006,"14-Oct",NA,"HUC","fence count"
2007,"14-Oct",NA,"HUC","fence count"
2015,"14-Oct",NA,"HUC","fence count"
2016,"14-Oct",NA,"HUC","fence count"
2017,"14-Oct",NA,"HUC","fence count"
2018,"14-Oct",NA,"HUC","fence count"
2019,"14-Oct",NA,"HUC","fence count"
2020,"14-Oct",NA,"HUC","fence count"
2021,"14-Oct",NA,"HUC","fence count"
2022,"14-Oct",NA,"HUC","fence count"
2023,"14-Oct",NA,"HUC","fence count"
2024,"14-Oct",NA,"HUC","fence count"
1997,"15-Oct",NA,"HUC","fence count"
1998,"15-Oct",NA,"HUC","fence count"
1999,"15-Oct",NA,"HUC","fence count"
2000,"15-Oct",NA,"HUC","fence count"
2001,"15-Oct",NA,"HUC","fence count"
2002,"15-Oct",NA,"HUC","fence count"
2003,"15-Oct",NA,"HUC","fence count"
2004,"15-Oct",NA,"HUC","fence count"
2005,"15-Oct",NA,"HUC","fence count"
2006,"15-Oct",NA,"HUC","fence count"
2007,"15-Oct",NA,"HUC","fence count"
2015,"15-Oct",NA,"HUC","fence count"
2016,"15-Oct",NA,"HUC","fence count"
2017,"15-Oct",NA,"HUC","fence count"
2018,"15-Oct",NA,"HUC","fence count"
2019,"15-Oct",NA,"HUC","fence count"
2020,"15-Oct",NA,"HUC","fence count"
2021,"15-Oct",NA,"HUC","fence count"
2022,"15-Oct",NA,"HUC","fence count"
2023,"15-Oct",NA,"HUC","fence count"
2024,"15-Oct",NA,"HUC","fence count"
1997,"16-Oct",NA,"HUC","fence count"
1998,"16-Oct",NA,"HUC","fence count"
1999,"16-Oct",NA,"HUC","fence count"
2000,"16-Oct",NA,"HUC","fence count"
2001,"16-Oct",NA,"HUC","fence count"
2002,"16-Oct",NA,"HUC","fence count"
2003,"16-Oct",NA,"HUC","fence count"
2004,"16-Oct",NA,"HUC","fence count"
2005,"16-Oct",NA,"HUC","fence count"
2006,"16-Oct",NA,"HUC","fence count"
2007,"16-Oct",NA,"HUC","fence count"
2015,"16-Oct",NA,"HUC","fence count"
2016,"16-Oct",NA,"HUC","fence count"
2017,"16-Oct",NA,"HUC","fence count"
2018,"16-Oct",NA,"HUC","fence count"
2019,"16-Oct",NA,"HUC","fence count"
2020,"16-Oct",NA,"HUC","fence count"
2021,"16-Oct",NA,"HUC","fence count"
2022,"16-Oct",NA,"HUC","fence count"
2023,"16-Oct",NA,"HUC","fence count"
2024,"16-Oct",NA,"HUC","fence count"
2024,"26-Apr",0,"GCL","video counter"
2024,"27-Apr",0,"GCL","video counter"
2024,"28-Apr",0,"GCL","video counter"
2024,"29-Apr",0,"GCL","video counter"
2024,"30-Apr",0,"GCL","video counter"
2024,"1-May",0,"GCL","video counter"
2024,"2-May",0,"GCL","video counter"
2024,"3-May",0,"GCL","video counter"
2024,"4-May",2,"GCL","video counter"
2024,"5-May",0,"GCL","video counter"
2024,"6-May",0,"GCL","video counter"
2024,"7-May",0,"GCL","video counter"
2024,"8-May",0,"GCL","video counter"
2024,"9-May",0,"GCL","video counter"
2024,"10-May",0,"GCL","video counter"
2024,"11-May",2,"GCL","video counter"
2024,"12-May",0,"GCL","video counter"
2024,"13-May",4,"GCL","video counter"
2024,"14-May",1,"GCL","video counter"
2024,"15-May",1,"GCL","video counter"
2024,"16-May",13,"GCL","video counter"
2024,"17-May",3,"GCL","video counter"
2024,"18-May",8,"GCL","video counter"
2024,"19-May",5,"GCL","video counter"
2024,"20-May",4,"GCL","video counter"
2024,"21-May",7,"GCL","video counter"
2024,"22-May",18,"GCL","video counter"
2024,"23-May",10,"GCL","video counter"
2024,"24-May",42,"GCL","video counter"
2024,"25-May",48,"GCL","video counter"
2024,"26-May",24,"GCL","video counter"
2024,"27-May",77,"GCL","video counter"
2024,"28-May",21,"GCL","video counter"
2024,"29-May",80,"GCL","video counter"
2024,"30-May",32,"GCL","video counter"
2024,"31-May",81,"GCL","video counter"
2024,"1-Jun",131,"GCL","video counter"
2024,"2-Jun",267,"GCL","video counter"
2024,"3-Jun",577,"GCL","video counter"
2024,"4-Jun",145,"GCL","video counter"
2024,"5-Jun",126,"GCL","video counter"
2024,"6-Jun",40,"GCL","video counter"
2024,"7-Jun",87,"GCL","video counter"
2024,"8-Jun",963,"GCL","video counter"
2024,"9-Jun",3376,"GCL","video counter"
2024,"10-Jun",2735,"GCL","video counter"
2024,"11-Jun",2814,"GCL","video counter"
2024,"12-Jun",1176,"GCL","video counter"
2024,"13-Jun",1510,"GCL","video counter"
2024,"14-Jun",1988,"GCL","video counter"
2024,"15-Jun",1697,"GCL","video counter"
2024,"16-Jun",2258,"GCL","video counter"
2024,"17-Jun",1950,"GCL","video counter"
2024,"18-Jun",2167,"GCL","video counter"
2024,"19-Jun",1210,"GCL","video counter"
2024,"20-Jun",5611,"GCL","video counter"
2024,"21-Jun",4929,"GCL","video counter"
2024,"22-Jun",2887,"GCL","video counter"
2024,"23-Jun",1287,"GCL","video counter"
2024,"24-Jun",648,"GCL","video counter"
2024,"25-Jun",13134,"GCL","video counter"
2024,"26-Jun",7128,"GCL","video counter"
2024,"27-Jun",6576,"GCL","video counter"
2024,"28-Jun",8977,"GCL","video counter"
2024,"29-Jun",11413,"GCL","video counter"
2024,"30-Jun",11832,"GCL","video counter"
2024,"1-Jul",7071,"GCL","video counter"
2024,"2-Jul",6588,"GCL","video counter"
2024,"3-Jul",5978,"GCL","video counter"
2024,"4-Jul",4303,"GCL","video counter"
2024,"5-Jul",2648,"GCL","video counter"
2024,"6-Jul",1320,"GCL","video counter"
2024,"7-Jul",379,"GCL","video counter"
2024,"8-Jul",133,"GCL","video counter"
2024,"9-Jul",114,"GCL","video counter"
2024,"10-Jul",54,"GCL","video counter"
2024,"11-Jul",283,"GCL","video counter"
2024,"12-Jul",469,"GCL","video counter"
2024,"13-Jul",319,"GCL","video counter"
2024,"14-Jul",185,"GCL","video counter"
2024,"15-Jul",121,"GCL","video counter"
2024,"16-Jul",552,"GCL","video counter"
2024,"17-Jul",1271,"GCL","video counter"
2024,"18-Jul",833,"GCL","video counter"
2024,"19-Jul",931,"GCL","video counter"
2024,"20-Jul",2531,"GCL","video counter"
2024,"21-Jul",3872,"GCL","video counter"
2024,"22-Jul",1478,"GCL","video counter"
2024,"23-Jul",2157,"GCL","video counter"
2024,"24-Jul",9521,"GCL","video counter"
2024,"25-Jul",16043,"GCL","video counter"
2024,"26-Jul",17685,"GCL","video counter"
2024,"27-Jul",15046,"GCL","video counter"
2024,"28-Jul",17579,"GCL","video counter"
2024,"29-Jul",17812,"GCL","video counter"
2024,"30-Jul",14364,"GCL","video counter"
2024,"31-Jul",8276,"GCL","video counter"
2024,"1-Aug",5201,"GCL","video counter"
2024,"2-Aug",3166,"GCL","video counter"
2024,"3-Aug",1151,"GCL","video counter"
2024,"4-Aug",1331,"GCL","video counter"
2024,"5-Aug",1318,"GCL","video counter"
2024,"6-Aug",2326,"GCL","video counter"
2024,"7-Aug",2223,"GCL","video counter"
2024,"8-Aug",1657,"GCL","video counter"
2024,"9-Aug",1394,"GCL","video counter"
2024,"10-Aug",850,"GCL","video counter"
2024,"11-Aug",730,"GCL","video counter"
2024,"12-Aug",1410,"GCL","video counter"
2024,"13-Aug",982,"GCL","video counter"
2024,"14-Aug",1007,"GCL","video counter"
2024,"15-Aug",1743,"GCL","video counter"
2024,"16-Aug",2520,"GCL","video counter"
2024,"17-Aug",3239,"GCL","video counter"
2024,"18-Aug",5262,"GCL","video counter"
2024,"19-Aug",1596,"GCL","video counter"
2024,"20-Aug",878,"GCL","video counter"
2024,"21-Aug",1140,"GCL","video counter"
2024,"22-Aug",1175,"GCL","video counter"
2024,"23-Aug",1949,"GCL","video counter"
2024,"24-Aug",2724,"GCL","video counter"
2024,"25-Aug",3498,"GCL","video counter"
2024,"26-Aug",5780,"GCL","video counter"
2024,"27-Aug",4564,"GCL","video counter"
2024,"28-Aug",3396,"GCL","video counter"
2024,"29-Aug",4167,"GCL","video counter"
2024,"30-Aug",4005,"GCL","video counter"
2024,"31-Aug",3192,"GCL","video counter"
2024,"1-Sep",2383,"GCL","video counter"
2024,"2-Sep",2117,"GCL","video counter"
2024,"3-Sep",751,"GCL","video counter"
2024,"4-Sep",1166,"GCL","video counter"
2024,"5-Sep",1575,"GCL","video counter"
2024,"6-Sep",2098,"GCL","video counter"
2024,"7-Sep",1361,"GCL","video counter"
2024,"8-Sep",741,"GCL","video counter"
2024,"9-Sep",480,"GCL","video counter"
2024,"10-Sep",830,"GCL","video counter"
2024,"11-Sep",1251,"GCL","video counter"
2024,"12-Sep",1527,"GCL","video counter"
2024,"13-Sep",2373,"GCL","video counter"
2024,"14-Sep",2719,"GCL","video counter"
2024,"15-Sep",1895,"GCL","video counter"
2024,"16-Sep",2414,"GCL","video counter"
2024,"17-Sep",3261,"GCL","video counter"
2024,"18-Sep",2157,"GCL","video counter"
2024,"19-Sep",1097,"GCL","video counter"
2024,"20-Sep",1139,"GCL","video counter"
2024,"21-Sep",874,"GCL","video counter"
2024,"22-Sep",639,"GCL","video counter"
2024,"23-Sep",373,"GCL","video counter"
2024,"24-Sep",373,"GCL","video counter"
2024,"25-Sep",264,"GCL","video counter"
2024,"26-Sep",81,"GCL","video counter"
2024,"27-Sep",53,"GCL","video counter"
2024,"28-Sep",45,"GCL","video counter"
2024,"29-Sep",41,"GCL","video counter"
2024,"30-Sep",32,"GCL","video counter"
2024,"1-Oct",20,"GCL","video counter"
2024,"2-Oct",19,"GCL","video counter"
2024,"3-Oct",15,"GCL","video counter"
2024,"4-Oct",12,"GCL","video counter"
2024,"5-Oct",22,"GCL","video counter"
2024,"6-Oct",44,"GCL","video counter"
2024,"7-Oct",113,"GCL","video counter"
2024,"8-Oct",95,"GCL","video counter"
2024,"9-Oct",52,"GCL","video counter"
2024,"10-Oct",43,"GCL","video counter"
2024,"11-Oct",29,"GCL","video counter"
2024,"12-Oct",33,"GCL","video counter"
2024,"13-Oct",22,"GCL","video counter"
2024,"14-Oct",86,"GCL","video counter"
2024,"15-Oct",112,"GCL","video counter"
2024,"16-Oct",134,"GCL","video counter"
2024,"17-Oct",31,"GCL","video counter"
2024,"18-Oct",48,"GCL","video counter"
2024,"19-Oct",65,"GCL","video counter"
2024,"20-Oct",83,"GCL","video counter"
2024,"21-Oct",100,"GCL","video counter"
2024,"22-Oct",117,"GCL","video counter"
2024,"23-Oct",134,"GCL","video counter"
2024,"24-Oct",193,"GCL","video counter"
2024,"25-Oct",93,"GCL","video counter"
2024,"26-Oct",53,"GCL","video counter"
2024,"27-Oct",24,"GCL","video counter"
2024,"28-Oct",0,"GCL","video counter"
2024,"29-Oct",12,"GCL","video counter"
2024,"30-Oct",0,"GCL","video counter"
2024,"31-Oct",0,"GCL","video counter"
2024,"1-Nov",0,"GCL","video counter"
2024,"2-Nov",0,"GCL","video counter"
2024,"3-Nov",0,"GCL","video counter"
2024,"4-Nov",0,"GCL","video counter"
2024,"5-Nov",0,"GCL","video counter"
2024,"6-Nov",0,"GCL","video counter"
2024,"7-Nov",0,"GCL","video counter"
2024,"8-Nov",0,"GCL","video counter"
2024,"9-Nov",0,"GCL","video counter"
2024,"10-Nov",0,"GCL","video counter"
2024,"11-Nov",0,"GCL","video counter"
2024,"12-Nov",0,"GCL","video counter"
2024,"13-Nov",0,"GCL","video counter"
2024,"14-Nov",0,"GCL","video counter"
2024,"15-Nov",0,"GCL","video counter"
2024,"21-Mar",0,"SPR","video counter"
2024,"22-Mar",0,"SPR","video counter"
2024,"23-Mar",0,"SPR","video counter"
2024,"24-Mar",2,"SPR","video counter"
2024,"25-Mar",0,"SPR","video counter"
2024,"26-Mar",0,"SPR","video counter"
2024,"27-Mar",0,"SPR","video counter"
2024,"28-Mar",0,"SPR","video counter"
2024,"29-Mar",0,"SPR","video counter"
2024,"30-Mar",0,"SPR","video counter"
2024,"31-Mar",0,"SPR","video counter"
2024,"1-Apr",0,"SPR","video counter"
2024,"2-Apr",0,"SPR","video counter"
2024,"3-Apr",0,"SPR","video counter"
2024,"4-Apr",0,"SPR","video counter"
2024,"5-Apr",2,"SPR","video counter"
2024,"6-Apr",0,"SPR","video counter"
2024,"7-Apr",1,"SPR","video counter"
2024,"8-Apr",0,"SPR","video counter"
2024,"9-Apr",0,"SPR","video counter"
2024,"10-Apr",1,"SPR","video counter"
2024,"11-Apr",1,"SPR","video counter"
2024,"12-Apr",0,"SPR","video counter"
2024,"13-Apr",0,"SPR","video counter"
2024,"14-Apr",0,"SPR","video counter"
2024,"15-Apr",0,"SPR","video counter"
2024,"16-Apr",2,"SPR","video counter"
2024,"17-Apr",0,"SPR","video counter"
2024,"18-Apr",1,"SPR","video counter"
2024,"19-Apr",0,"SPR","video counter"
2024,"20-Apr",0,"SPR","video counter"
2024,"21-Apr",0,"SPR","video counter"
2024,"22-Apr",0,"SPR","video counter"
2024,"23-Apr",0,"SPR","video counter"
2024,"24-Apr",2,"SPR","video counter"
2024,"25-Apr",1,"SPR","video counter"
2024,"26-Apr",0,"SPR","video counter"
2024,"27-Apr",4,"SPR","video counter"
2024,"28-Apr",1,"SPR","video counter"
2024,"29-Apr",2,"SPR","video counter"
2024,"30-Apr",2,"SPR","video counter"
2024,"1-May",0,"SPR","video counter"
2024,"2-May",0,"SPR","video counter"
2024,"3-May",0,"SPR","video counter"
2024,"4-May",3,"SPR","video counter"
2024,"5-May",3,"SPR","video counter"
2024,"6-May",5,"SPR","video counter"
2024,"7-May",7,"SPR","video counter"
2024,"8-May",0,"SPR","video counter"
2024,"9-May",6,"SPR","video counter"
2024,"10-May",0,"SPR","video counter"
2024,"11-May",10,"SPR","video counter"
2024,"12-May",13,"SPR","video counter"
2024,"13-May",9,"SPR","video counter"
2024,"14-May",17,"SPR","video counter"
2024,"15-May",18,"SPR","video counter"
2024,"16-May",13,"SPR","video counter"
2024,"17-May",31,"SPR","video counter"
2024,"18-May",16,"SPR","video counter"
2024,"19-May",20,"SPR","video counter"
2024,"20-May",27,"SPR","video counter"
2024,"21-May",26,"SPR","video counter"
2024,"22-May",36,"SPR","video counter"
2024,"23-May",31,"SPR","video counter"
2024,"24-May",73,"SPR","video counter"
2024,"25-May",28,"SPR","video counter"
2024,"26-May",87,"SPR","video counter"
2024,"27-May",119,"SPR","video counter"
2024,"28-May",29,"SPR","video counter"
2024,"29-May",43,"SPR","video counter"
2024,"30-May",20,"SPR","video counter"
2024,"31-May",165,"SPR","video counter"
2024,"1-Jun",171,"SPR","video counter"
2024,"2-Jun",173,"SPR","video counter"
2024,"3-Jun",242,"SPR","video counter"
2024,"4-Jun",86,"SPR","video counter"
2024,"5-Jun",96,"SPR","video counter"
2024,"6-Jun",103,"SPR","video counter"
2024,"7-Jun",217,"SPR","video counter"
2024,"8-Jun",418,"SPR","video counter"
2024,"9-Jun",896,"SPR","video counter"
2024,"10-Jun",1114,"SPR","video counter"
2024,"11-Jun",970,"SPR","video counter"
2024,"12-Jun",781,"SPR","video counter"
2024,"13-Jun",272,"SPR","video counter"
2024,"14-Jun",886,"SPR","video counter"
2024,"15-Jun",636,"SPR","video counter"
2024,"16-Jun",609,"SPR","video counter"
2024,"17-Jun",992,"SPR","video counter"
2024,"18-Jun",1251,"SPR","video counter"
2024,"19-Jun",1169,"SPR","video counter"
2024,"20-Jun",2301,"SPR","video counter"
2024,"21-Jun",2986,"SPR","video counter"
2024,"22-Jun",635,"SPR","video counter"
2024,"23-Jun",415,"SPR","video counter"
2024,"24-Jun",388,"SPR","video counter"
2024,"25-Jun",5106,"SPR","video counter"
2024,"26-Jun",3925,"SPR","video counter"
2024,"27-Jun",2800,"SPR","video counter"
2024,"28-Jun",3342,"SPR","video counter"
2024,"29-Jun",7894,"SPR","video counter"
2024,"30-Jun",4969,"SPR","video counter"
2024,"1-Jul",2349,"SPR","video counter"
2024,"2-Jul",3526,"SPR","video counter"
2024,"3-Jul",3169,"SPR","video counter"
2024,"4-Jul",2007,"SPR","video counter"
2024,"5-Jul",1230,"SPR","video counter"
2024,"6-Jul",276,"SPR","video counter"
2024,"7-Jul",182,"SPR","video counter"
2024,"8-Jul",34,"SPR","video counter"
2024,"9-Jul",18,"SPR","video counter"
2024,"10-Jul",4,"SPR","video counter"
2024,"11-Jul",106,"SPR","video counter"
2024,"12-Jul",169,"SPR","video counter"
2024,"13-Jul",130,"SPR","video counter"
2024,"14-Jul",96,"SPR","video counter"
2024,"15-Jul",94,"SPR","video counter"
2024,"16-Jul",102,"SPR","video counter"
2024,"17-Jul",216,"SPR","video counter"
2024,"18-Jul",370,"SPR","video counter"
2024,"19-Jul",95,"SPR","video counter"
2024,"20-Jul",59,"SPR","video counter"
2024,"21-Jul",158,"SPR","video counter"
2024,"22-Jul",709,"SPR","video counter"
2024,"23-Jul",591,"SPR","video counter"
2024,"24-Jul",604,"SPR","video counter"
2024,"25-Jul",2524,"SPR","video counter"
2024,"26-Jul",5927,"SPR","video counter"
2024,"27-Jul",7756,"SPR","video counter"
2024,"28-Jul",4480,"SPR","video counter"
2024,"29-Jul",4220,"SPR","video counter"
2024,"30-Jul",4759,"SPR","video counter"
2024,"31-Jul",6062,"SPR","video counter"
2024,"1-Aug",2147,"SPR","video counter"
2024,"2-Aug",534,"SPR","video counter"
2024,"3-Aug",457,"SPR","video counter"
2024,"4-Aug",370,"SPR","video counter"
2024,"5-Aug",286,"SPR","video counter"
2024,"6-Aug",289,"SPR","video counter"
2024,"7-Aug",396,"SPR","video counter"
2024,"8-Aug",260,"SPR","video counter"
2024,"9-Aug",176,"SPR","video counter"
2024,"10-Aug",142,"SPR","video counter"
2024,"11-Aug",168,"SPR","video counter"
2024,"12-Aug",70,"SPR","video counter"
2024,"13-Aug",102,"SPR","video counter"
2024,"14-Aug",96,"SPR","video counter"
2024,"15-Aug",85,"SPR","video counter"
2024,"16-Aug",95,"SPR","video counter"
2024,"17-Aug",46,"SPR","video counter"
2024,"18-Aug",80,"SPR","video counter"
2024,"19-Aug",610,"SPR","video counter"
2024,"20-Aug",650,"SPR","video counter"
2024,"21-Aug",340,"SPR","video counter"
2024,"22-Aug",450,"SPR","video counter"
2024,"23-Aug",224,"SPR","video counter"
2024,"24-Aug",272,"SPR","video counter"
2024,"25-Aug",246,"SPR","video counter"
2024,"26-Aug",171,"SPR","video counter"
2024,"27-Aug",126,"SPR","video counter"
2024,"28-Aug",199,"SPR","video counter"
2024,"29-Aug",323,"SPR","video counter"
2024,"30-Aug",584,"SPR","video counter"
2024,"31-Aug",360,"SPR","video counter"
2024,"1-Sep",405,"SPR","video counter"
2024,"2-Sep",379,"SPR","video counter"
2024,"3-Sep",227,"SPR","video counter"
2024,"4-Sep",73,"SPR","video counter"
2024,"5-Sep",50,"SPR","video counter"
2024,"6-Sep",32,"SPR","video counter"
2024,"7-Sep",61,"SPR","video counter"
2024,"8-Sep",52,"SPR","video counter"
2024,"9-Sep",42,"SPR","video counter"
2024,"10-Sep",33,"SPR","video counter"
2024,"11-Sep",23,"SPR","video counter"
2024,"12-Sep",27,"SPR","video counter"
2024,"13-Sep",48,"SPR","video counter"
2024,"14-Sep",61,"SPR","video counter"
2024,"15-Sep",73,"SPR","video counter"
2024,"16-Sep",17,"SPR","video counter"
2024,"17-Sep",29,"SPR","video counter"
2024,"18-Sep",715,"SPR","video counter"
2024,"19-Sep",488,"SPR","video counter"
2024,"20-Sep",256,"SPR","video counter"
2024,"21-Sep",117,"SPR","video counter"
2024,"22-Sep",136,"SPR","video counter"
2024,"23-Sep",73,"SPR","video counter"
2024,"24-Sep",89,"SPR","video counter"
2024,"25-Sep",98,"SPR","video counter"
2024,"26-Sep",102,"SPR","video counter"
2024,"27-Sep",72,"SPR","video counter"
2024,"28-Sep",110,"SPR","video counter"
2024,"29-Sep",62,"SPR","video counter"
2024,"30-Sep",61,"SPR","video counter"
2024,"1-Oct",84,"SPR","video counter"
2024,"2-Oct",89,"SPR","video counter"
2024,"3-Oct",57,"SPR","video counter"
2024,"4-Oct",71,"SPR","video counter"
2024,"5-Oct",115,"SPR","video counter"
2024,"6-Oct",158,"SPR","video counter"
2024,"7-Oct",954,"SPR","video counter"
2024,"8-Oct",915,"SPR","video counter"
2024,"9-Oct",572,"SPR","video counter"
2024,"10-Oct",279,"SPR","video counter"
2024,"11-Oct",195,"SPR","video counter"
2024,"12-Oct",151,"SPR","video counter"
2024,"13-Oct",87,"SPR","video counter"
2024,"14-Oct",186,"SPR","video counter"
2024,"15-Oct",352,"SPR","video counter"
2024,"16-Oct",135,"SPR","video counter"
2024,"17-Oct",121,"SPR","video counter"
2024,"18-Oct",126,"SPR","video counter"
2024,"19-Oct",111,"SPR","video counter"
2024,"20-Oct",97,"SPR","video counter"
2024,"21-Oct",83,"SPR","video counter"
2024,"22-Oct",68,"SPR","video counter"
2024,"23-Oct",54,"SPR","video counter"
2024,"24-Oct",153,"SPR","video counter"
2024,"25-Oct",190,"SPR","video counter"
2024,"26-Oct",191,"SPR","video counter"
2024,"27-Oct",178,"SPR","video counter"
2024,"28-Oct",167,"SPR","video counter"
2024,"29-Oct",155,"SPR","video counter"
2024,"30-Oct",69,"SPR","video counter"
2024,"31-Oct",42,"SPR","video counter"
2024,"1-Nov",26,"SPR","video counter"
2024,"2-Nov",3,"SPR","video counter"
2024,"3-Nov",8,"SPR","video counter"
2024,"4-Nov",13,"SPR","video counter"
2024,"5-Nov",10,"SPR","video counter"
2024,"6-Nov",5,"SPR","video counter"
2024,"7-Nov",8,"SPR","video counter"
2024,"8-Nov",1,"SPR","video counter"
2024,"9-Nov",0,"SPR","video counter"
2024,"10-Nov",0,"SPR","video counter"
2024,"11-Nov",0,"SPR","video counter"
2024,"12-Nov",0,"SPR","video counter"
2024,"13-Nov",0,"SPR","video counter"
2024,"14-Nov",0,"SPR","video counter"
2024,"15-Nov",0,"SPR","video counter"
2023,"5-Apr",0,"GCL","video counter"
2023,"6-Apr",0,"GCL","video counter"
2023,"7-Apr",0,"GCL","video counter"
2023,"8-Apr",0,"GCL","video counter"
2023,"9-Apr",0,"GCL","video counter"
2023,"10-Apr",0,"GCL","video counter"
2023,"11-Apr",0,"GCL","video counter"
2023,"12-Apr",0,"GCL","video counter"
2023,"13-Apr",0,"GCL","video counter"
2023,"14-Apr",0,"GCL","video counter"
2023,"15-Apr",0,"GCL","video counter"
2023,"16-Apr",0,"GCL","video counter"
2023,"17-Apr",0,"GCL","video counter"
2023,"18-Apr",0,"GCL","video counter"
2023,"19-Apr",0,"GCL","video counter"
2023,"20-Apr",0,"GCL","video counter"
2023,"21-Apr",0,"GCL","video counter"
2023,"22-Apr",0,"GCL","video counter"
2023,"23-Apr",0,"GCL","video counter"
2023,"24-Apr",0,"GCL","video counter"
2023,"25-Apr",0,"GCL","video counter"
2023,"26-Apr",0,"GCL","video counter"
2023,"27-Apr",0,"GCL","video counter"
2023,"28-Apr",0,"GCL","video counter"
2023,"29-Apr",0,"GCL","video counter"
2023,"30-Apr",0,"GCL","video counter"
2023,"1-May",0,"GCL","video counter"
2023,"2-May",1,"GCL","video counter"
2023,"3-May",2,"GCL","video counter"
2023,"4-May",1,"GCL","video counter"
2023,"5-May",0,"GCL","video counter"
2023,"6-May",0,"GCL","video counter"
2023,"7-May",0,"GCL","video counter"
2023,"8-May",0,"GCL","video counter"
2023,"9-May",0,"GCL","video counter"
2023,"10-May",0,"GCL","video counter"
2023,"11-May",0,"GCL","video counter"
2023,"12-May",0,"GCL","video counter"
2023,"13-May",0,"GCL","video counter"
2023,"14-May",0,"GCL","video counter"
2023,"15-May",0,"GCL","video counter"
2023,"16-May",0,"GCL","video counter"
2023,"17-May",0,"GCL","video counter"
2023,"18-May",0,"GCL","video counter"
2023,"19-May",0,"GCL","video counter"
2023,"20-May",0,"GCL","video counter"
2023,"21-May",0,"GCL","video counter"
2023,"22-May",0,"GCL","video counter"
2023,"23-May",1,"GCL","video counter"
2023,"24-May",3,"GCL","video counter"
2023,"25-May",13,"GCL","video counter"
2023,"26-May",10,"GCL","video counter"
2023,"27-May",36,"GCL","video counter"
2023,"28-May",26,"GCL","video counter"
2023,"29-May",13,"GCL","video counter"
2023,"30-May",41,"GCL","video counter"
2023,"31-May",87.5,"GCL","video counter"
2023,"1-Jun",71,"GCL","video counter"
2023,"2-Jun",36,"GCL","video counter"
2023,"3-Jun",106,"GCL","video counter"
2023,"4-Jun",63,"GCL","video counter"
2023,"5-Jun",106,"GCL","video counter"
2023,"6-Jun",26,"GCL","video counter"
2023,"7-Jun",66,"GCL","video counter"
2023,"8-Jun",18,"GCL","video counter"
2023,"9-Jun",110,"GCL","video counter"
2023,"10-Jun",306,"GCL","video counter"
2023,"11-Jun",289,"GCL","video counter"
2023,"12-Jun",1332,"GCL","video counter"
2023,"13-Jun",889,"GCL","video counter"
2023,"14-Jun",252,"GCL","video counter"
2023,"15-Jun",1650,"GCL","video counter"
2023,"16-Jun",1611.67,"GCL","video counter"
2023,"17-Jun",2847,"GCL","video counter"
2023,"18-Jun",3070,"GCL","video counter"
2023,"19-Jun",2849,"GCL","video counter"
2023,"20-Jun",1220,"GCL","video counter"
2023,"21-Jun",2074,"GCL","video counter"
2023,"22-Jun",2192,"GCL","video counter"
2023,"23-Jun",3538,"GCL","video counter"
2023,"24-Jun",3774,"GCL","video counter"
2023,"25-Jun",5795,"GCL","video counter"
2023,"26-Jun",5132,"GCL","video counter"
2023,"27-Jun",5582,"GCL","video counter"
2023,"28-Jun",5480,"GCL","video counter"
2023,"29-Jun",4465,"GCL","video counter"
2023,"30-Jun",6093,"GCL","video counter"
2023,"1-Jul",5446,"GCL","video counter"
2023,"2-Jul",3283,"GCL","video counter"
2023,"3-Jul",1951,"GCL","video counter"
2023,"4-Jul",1257,"GCL","video counter"
2023,"5-Jul",1368,"GCL","video counter"
2023,"6-Jul",1627,"GCL","video counter"
2023,"7-Jul",1659,"GCL","video counter"
2023,"8-Jul",3684,"GCL","video counter"
2023,"9-Jul",7801,"GCL","video counter"
2023,"10-Jul",8964,"GCL","video counter"
2023,"11-Jul",10523,"GCL","video counter"
2023,"12-Jul",21148,"GCL","video counter"
2023,"13-Jul",13421,"GCL","video counter"
2023,"14-Jul",12734,"GCL","video counter"
2023,"15-Jul",8036,"GCL","video counter"
2023,"16-Jul",4590,"GCL","video counter"
2023,"17-Jul",3612,"GCL","video counter"
2023,"18-Jul",1453,"GCL","video counter"
2023,"19-Jul",2164,"GCL","video counter"
2023,"20-Jul",1251,"GCL","video counter"
2023,"21-Jul",1120,"GCL","video counter"
2023,"22-Jul",2219,"GCL","video counter"
2023,"23-Jul",1877,"GCL","video counter"
2023,"24-Jul",827,"GCL","video counter"
2023,"25-Jul",1089,"GCL","video counter"
2023,"26-Jul",1269,"GCL","video counter"
2023,"27-Jul",2313,"GCL","video counter"
2023,"28-Jul",2382,"GCL","video counter"
2023,"29-Jul",3028,"GCL","video counter"
2023,"30-Jul",2394,"GCL","video counter"
2023,"31-Jul",1844,"GCL","video counter"
2023,"1-Aug",1955,"GCL","video counter"
2023,"2-Aug",1986,"GCL","video counter"
2023,"3-Aug",919,"GCL","video counter"
2023,"4-Aug",1044,"GCL","video counter"
2023,"5-Aug",923,"GCL","video counter"
2023,"6-Aug",958,"GCL","video counter"
2023,"7-Aug",355,"GCL","video counter"
2023,"8-Aug",449,"GCL","video counter"
2023,"9-Aug",303,"GCL","video counter"
2023,"10-Aug",282,"GCL","video counter"
2023,"11-Aug",232,"GCL","video counter"
2023,"12-Aug",223,"GCL","video counter"
2023,"13-Aug",248,"GCL","video counter"
2023,"14-Aug",252,"GCL","video counter"
2023,"15-Aug",184,"GCL","video counter"
2023,"16-Aug",103,"GCL","video counter"
2023,"17-Aug",54,"GCL","video counter"
2023,"18-Aug",61,"GCL","video counter"
2023,"19-Aug",25,"GCL","video counter"
2023,"20-Aug",52,"GCL","video counter"
2023,"21-Aug",118,"GCL","video counter"
2023,"22-Aug",117,"GCL","video counter"
2023,"23-Aug",94,"GCL","video counter"
2023,"24-Aug",66,"GCL","video counter"
2023,"25-Aug",121,"GCL","video counter"
2023,"26-Aug",87,"GCL","video counter"
2023,"27-Aug",101,"GCL","video counter"
2023,"28-Aug",69,"GCL","video counter"
2023,"29-Aug",48,"GCL","video counter"
2023,"30-Aug",59,"GCL","video counter"
2023,"31-Aug",47,"GCL","video counter"
2023,"1-Sep",25,"GCL","video counter"
2023,"2-Sep",24.65,"GCL","video counter"
2023,"3-Sep",24.35,"GCL","video counter"
2023,"4-Sep",24,"GCL","video counter"
2023,"5-Sep",22,"GCL","video counter"
2023,"6-Sep",22,"GCL","video counter"
2023,"7-Sep",9,"GCL","video counter"
2023,"8-Sep",9,"GCL","video counter"
2023,"9-Sep",14,"GCL","video counter"
2023,"10-Sep",11,"GCL","video counter"
2023,"11-Sep",5,"GCL","video counter"
2023,"12-Sep",12,"GCL","video counter"
2023,"13-Sep",9,"GCL","video counter"
2023,"14-Sep",4,"GCL","video counter"
2023,"15-Sep",16,"GCL","video counter"
2023,"16-Sep",18,"GCL","video counter"
2023,"17-Sep",8,"GCL","video counter"
2023,"18-Sep",8,"GCL","video counter"
2023,"19-Sep",12,"GCL","video counter"
2023,"20-Sep",10,"GCL","video counter"
2023,"21-Sep",6,"GCL","video counter"
2023,"22-Sep",2,"GCL","video counter"
2023,"23-Sep",5,"GCL","video counter"
2023,"24-Sep",6,"GCL","video counter"
2023,"25-Sep",13,"GCL","video counter"
2023,"26-Sep",15,"GCL","video counter"
2023,"27-Sep",15,"GCL","video counter"
2023,"28-Sep",15,"GCL","video counter"
2023,"29-Sep",8,"GCL","video counter"
2023,"30-Sep",7.62,"GCL","video counter"
2023,"1-Oct",6.81,"GCL","video counter"
2023,"2-Oct",6,"GCL","video counter"
2023,"3-Oct",5,"GCL","video counter"
2023,"4-Oct",0,"GCL","video counter"
2023,"5-Oct",3,"GCL","video counter"
2023,"6-Oct",2,"GCL","video counter"
2023,"7-Oct",1,"GCL","video counter"
2023,"8-Oct",3,"GCL","video counter"
2023,"9-Oct",4,"GCL","video counter"
2023,"10-Oct",0,"GCL","video counter"
2023,"11-Oct",3,"GCL","video counter"
2023,"12-Oct",0,"GCL","video counter"
2023,"13-Oct",5,"GCL","video counter"
2023,"14-Oct",4,"GCL","video counter"
2023,"15-Oct",2,"GCL","video counter"
2023,"16-Oct",2,"GCL","video counter"
2023,"17-Oct",1.78,"GCL","video counter"
2023,"18-Oct",1.56,"GCL","video counter"
2023,"19-Oct",1.34,"GCL","video counter"
2023,"20-Oct",1.12,"GCL","video counter"
2023,"21-Oct",0.88,"GCL","video counter"
2023,"22-Oct",0.66,"GCL","video counter"
2023,"23-Oct",0.44,"GCL","video counter"
2023,"24-Oct",0.22,"GCL","video counter"
2023,"25-Oct",0,"GCL","video counter"
2023,"26-Oct",0,"GCL","video counter"
2023,"27-Oct",0,"GCL","video counter"
2023,"28-Oct",0,"GCL","video counter"
2023,"29-Oct",0,"GCL","video counter"
2023,"30-Oct",0,"GCL","video counter"
2023,"31-Oct",1,"GCL","video counter"
2023,"1-Nov",0,"GCL","video counter"
2023,"2-Nov",0,"GCL","video counter"
2023,"3-Nov",2,"GCL","video counter"
2023,"4-Nov",0,"GCL","video counter"
2023,"31-Mar",0,"SPR","video counter"
2023,"1-Apr",1,"SPR","video counter"
2023,"2-Apr",0,"SPR","video counter"
2023,"3-Apr",3,"SPR","video counter"
2023,"4-Apr",2,"SPR","video counter"
2023,"5-Apr",2,"SPR","video counter"
2023,"6-Apr",2,"SPR","video counter"
2023,"7-Apr",1.66,"SPR","video counter"
2023,"8-Apr",1.34,"SPR","video counter"
2023,"9-Apr",1,"SPR","video counter"
2023,"10-Apr",0.66,"SPR","video counter"
2023,"11-Apr",0.34,"SPR","video counter"
2023,"12-Apr",0,"SPR","video counter"
2023,"13-Apr",2,"SPR","video counter"
2023,"14-Apr",0,"SPR","video counter"
2023,"15-Apr",0,"SPR","video counter"
2023,"16-Apr",0,"SPR","video counter"
2023,"17-Apr",1,"SPR","video counter"
2023,"18-Apr",1,"SPR","video counter"
2023,"19-Apr",0,"SPR","video counter"
2023,"20-Apr",1,"SPR","video counter"
2023,"21-Apr",0,"SPR","video counter"
2023,"22-Apr",1,"SPR","video counter"
2023,"23-Apr",1,"SPR","video counter"
2023,"24-Apr",3,"SPR","video counter"
2023,"25-Apr",0,"SPR","video counter"
2023,"26-Apr",3,"SPR","video counter"
2023,"27-Apr",3,"SPR","video counter"
2023,"28-Apr",4,"SPR","video counter"
2023,"29-Apr",0,"SPR","video counter"
2023,"30-Apr",2,"SPR","video counter"
2023,"1-May",2,"SPR","video counter"
2023,"2-May",3,"SPR","video counter"
2023,"3-May",1,"SPR","video counter"
2023,"4-May",6,"SPR","video counter"
2023,"5-May",7,"SPR","video counter"
2023,"6-May",2,"SPR","video counter"
2023,"7-May",3,"SPR","video counter"
2023,"8-May",6,"SPR","video counter"
2023,"9-May",8,"SPR","video counter"
2023,"10-May",7,"SPR","video counter"
2023,"11-May",15,"SPR","video counter"
2023,"12-May",7,"SPR","video counter"
2023,"13-May",12,"SPR","video counter"
2023,"14-May",9,"SPR","video counter"
2023,"15-May",18,"SPR","video counter"
2023,"16-May",43,"SPR","video counter"
2023,"17-May",33,"SPR","video counter"
2023,"18-May",31,"SPR","video counter"
2023,"19-May",32,"SPR","video counter"
2023,"20-May",16,"SPR","video counter"
2023,"21-May",93,"SPR","video counter"
2023,"22-May",123,"SPR","video counter"
2023,"23-May",100,"SPR","video counter"
2023,"24-May",247,"SPR","video counter"
2023,"25-May",290,"SPR","video counter"
2023,"26-May",429,"SPR","video counter"
2023,"27-May",468,"SPR","video counter"
2023,"28-May",243,"SPR","video counter"
2023,"29-May",108,"SPR","video counter"
2023,"30-May",700,"SPR","video counter"
2023,"31-May",605,"SPR","video counter"
2023,"1-Jun",325,"SPR","video counter"
2023,"2-Jun",307,"SPR","video counter"
2023,"3-Jun",509,"SPR","video counter"
2023,"4-Jun",230,"SPR","video counter"
2023,"5-Jun",157,"SPR","video counter"
2023,"6-Jun",198,"SPR","video counter"
2023,"7-Jun",192,"SPR","video counter"
2023,"8-Jun",223,"SPR","video counter"
2023,"9-Jun",1852,"SPR","video counter"
2023,"10-Jun",1438,"SPR","video counter"
2023,"11-Jun",1140,"SPR","video counter"
2023,"12-Jun",2161,"SPR","video counter"
2023,"13-Jun",1224.5,"SPR","video counter"
2023,"14-Jun",313.48,"SPR","video counter"
2023,"15-Jun",5217.16,"SPR","video counter"
2023,"16-Jun",3980.29,"SPR","video counter"
2023,"17-Jun",2562.45,"SPR","video counter"
2023,"18-Jun",3897.92,"SPR","video counter"
2023,"19-Jun",1898.98,"SPR","video counter"
2023,"20-Jun",1535.28,"SPR","video counter"
2023,"21-Jun",2550.78,"SPR","video counter"
2023,"22-Jun",3107.14,"SPR","video counter"
2023,"23-Jun",3861.33,"SPR","video counter"
2023,"24-Jun",2796.42,"SPR","video counter"
2023,"25-Jun",3449.17,"SPR","video counter"
2023,"26-Jun",3643.06,"SPR","video counter"
2023,"27-Jun",3910.8,"SPR","video counter"
2023,"28-Jun",2312.85,"SPR","video counter"
2023,"29-Jun",4304.49,"SPR","video counter"
2023,"30-Jun",7380.88,"SPR","video counter"
2023,"1-Jul",3698.34,"SPR","video counter"
2023,"2-Jul",998.64,"SPR","video counter"
2023,"3-Jul",854.39,"SPR","video counter"
2023,"4-Jul",770.28,"SPR","video counter"
2023,"5-Jul",444.46,"SPR","video counter"
2023,"6-Jul",1448.46,"SPR","video counter"
2023,"7-Jul",1372.79,"SPR","video counter"
2023,"8-Jul",3959.16,"SPR","video counter"
2023,"9-Jul",5628,"SPR","video counter"
2023,"10-Jul",5456.56,"SPR","video counter"
2023,"11-Jul",4229.23,"SPR","video counter"
2023,"12-Jul",10060.75,"SPR","video counter"
2023,"13-Jul",7937.52,"SPR","video counter"
2023,"14-Jul",4165.35,"SPR","video counter"
2023,"15-Jul",3574.36,"SPR","video counter"
2023,"16-Jul",3650.68,"SPR","video counter"
2023,"17-Jul",2030.33,"SPR","video counter"
2023,"18-Jul",971.7,"SPR","video counter"
2023,"19-Jul",1214.71,"SPR","video counter"
2023,"20-Jul",895.11,"SPR","video counter"
2023,"21-Jul",411.58,"SPR","video counter"
2023,"22-Jul",897,"SPR","video counter"
2023,"23-Jul",1756.28,"SPR","video counter"
2023,"24-Jul",449.75,"SPR","video counter"
2023,"25-Jul",1048.1,"SPR","video counter"
2023,"26-Jul",378.01,"SPR","video counter"
2023,"27-Jul",3775.98,"SPR","video counter"
2023,"28-Jul",2169.56,"SPR","video counter"
2023,"29-Jul",1897.98,"SPR","video counter"
2023,"30-Jul",1510.71,"SPR","video counter"
2023,"31-Jul",1781.27,"SPR","video counter"
2023,"1-Aug",1466.91,"SPR","video counter"
2023,"2-Aug",1727.86,"SPR","video counter"
2023,"3-Aug",344.88,"SPR","video counter"
2023,"4-Aug",917.26,"SPR","video counter"
2023,"5-Aug",441.6,"SPR","video counter"
2023,"6-Aug",684.34,"SPR","video counter"
2023,"7-Aug",414.09,"SPR","video counter"
2023,"8-Aug",219,"SPR","video counter"
2023,"9-Aug",121,"SPR","video counter"
2023,"10-Aug",298,"SPR","video counter"
2023,"11-Aug",195,"SPR","video counter"
2023,"12-Aug",225,"SPR","video counter"
2023,"13-Aug",149,"SPR","video counter"
2023,"14-Aug",83,"SPR","video counter"
2023,"15-Aug",61,"SPR","video counter"
2023,"16-Aug",17,"SPR","video counter"
2023,"17-Aug",10,"SPR","video counter"
2023,"18-Aug",18,"SPR","video counter"
2023,"19-Aug",57,"SPR","video counter"
2023,"20-Aug",53,"SPR","video counter"
2023,"21-Aug",82,"SPR","video counter"
2023,"22-Aug",92,"SPR","video counter"
2023,"23-Aug",33,"SPR","video counter"
2023,"24-Aug",85,"SPR","video counter"
2023,"25-Aug",36,"SPR","video counter"
2023,"26-Aug",45,"SPR","video counter"
2023,"27-Aug",30,"SPR","video counter"
2023,"28-Aug",35,"SPR","video counter"
2023,"29-Aug",15,"SPR","video counter"
2023,"30-Aug",15,"SPR","video counter"
2023,"31-Aug",7,"SPR","video counter"
2023,"1-Sep",14,"SPR","video counter"
2023,"2-Sep",14,"SPR","video counter"
2023,"3-Sep",5,"SPR","video counter"
2023,"4-Sep",10,"SPR","video counter"
2023,"5-Sep",0,"SPR","video counter"
2023,"6-Sep",2,"SPR","video counter"
2023,"7-Sep",2,"SPR","video counter"
2023,"8-Sep",3,"SPR","video counter"
2023,"9-Sep",1,"SPR","video counter"
2023,"10-Sep",2,"SPR","video counter"
2023,"11-Sep",3,"SPR","video counter"
2023,"12-Sep",1,"SPR","video counter"
2023,"13-Sep",1,"SPR","video counter"
2023,"14-Sep",1,"SPR","video counter"
2023,"15-Sep",2,"SPR","video counter"
2023,"16-Sep",2,"SPR","video counter"
2023,"17-Sep",2,"SPR","video counter"
2023,"18-Sep",1,"SPR","video counter"
2023,"19-Sep",0,"SPR","video counter"
2023,"20-Sep",3,"SPR","video counter"
2023,"21-Sep",3,"SPR","video counter"
2023,"22-Sep",2,"SPR","video counter"
2023,"23-Sep",0,"SPR","video counter"
2023,"24-Sep",0,"SPR","video counter"
2023,"25-Sep",2,"SPR","video counter"
2023,"26-Sep",12,"SPR","video counter"
2023,"27-Sep",87,"SPR","video counter"
2023,"28-Sep",71,"SPR","video counter"
2023,"29-Sep",42,"SPR","video counter"
2023,"30-Sep",29,"SPR","video counter"
2023,"1-Oct",9,"SPR","video counter"
2023,"2-Oct",9,"SPR","video counter"
2023,"3-Oct",10,"SPR","video counter"
2023,"4-Oct",5,"SPR","video counter"
2023,"5-Oct",4,"SPR","video counter"
2023,"6-Oct",3,"SPR","video counter"
2023,"7-Oct",6,"SPR","video counter"
2023,"8-Oct",4,"SPR","video counter"
2023,"9-Oct",2,"SPR","video counter"
2023,"10-Oct",5,"SPR","video counter"
2023,"11-Oct",2,"SPR","video counter"
2023,"12-Oct",3,"SPR","video counter"
2023,"13-Oct",3,"SPR","video counter"
2023,"14-Oct",2,"SPR","video counter"
2023,"15-Oct",7,"SPR","video counter"
2023,"16-Oct",8,"SPR","video counter"
2023,"17-Oct",13,"SPR","video counter"
2023,"18-Oct",35,"SPR","video counter"
2023,"19-Oct",27.27,"SPR","video counter"
2023,"20-Oct",24.94,"SPR","video counter"
2023,"21-Oct",22.57,"SPR","video counter"
2023,"22-Oct",20.28,"SPR","video counter"
2023,"23-Oct",17.99,"SPR","video counter"
2023,"24-Oct",15.66,"SPR","video counter"
2023,"25-Oct",13.29,"SPR","video counter"
2023,"26-Oct",11,"SPR","video counter"
2023,"27-Oct",9.17,"SPR","video counter"
2023,"28-Oct",7.33,"SPR","video counter"
2023,"29-Oct",5.5,"SPR","video counter"
2023,"30-Oct",6,"SPR","video counter"
2023,"31-Oct",10,"SPR","video counter"
2023,"1-Nov",7,"SPR","video counter"
2023,"2-Nov",7,"SPR","video counter"
2023,"3-Nov",5,"SPR","video counter"
2023,"4-Nov",6,"SPR","video counter"
2021,"28-Apr",0,"GCL","video counter"
2021,"29-Apr",0,"GCL","video counter"
2021,"30-Apr",0,"GCL","video counter"
2021,"1-May",0,"GCL","video counter"
2021,"2-May",0,"GCL","video counter"
2021,"3-May",0,"GCL","video counter"
2021,"4-May",0,"GCL","video counter"
2021,"5-May",0,"GCL","video counter"
2021,"6-May",0,"GCL","video counter"
2021,"7-May",0,"GCL","video counter"
2021,"8-May",0,"GCL","video counter"
2021,"9-May",0,"GCL","video counter"
2021,"10-May",1,"GCL","video counter"
2021,"11-May",1,"GCL","video counter"
2021,"12-May",0,"GCL","video counter"
2021,"13-May",2,"GCL","video counter"
2021,"14-May",0,"GCL","video counter"
2021,"15-May",1,"GCL","video counter"
2021,"16-May",1,"GCL","video counter"
2021,"17-May",1,"GCL","video counter"
2021,"18-May",3,"GCL","video counter"
2021,"19-May",0,"GCL","video counter"
2021,"20-May",1,"GCL","video counter"
2021,"21-May",7,"GCL","video counter"
2021,"22-May",1,"GCL","video counter"
2021,"23-May",7,"GCL","video counter"
2021,"24-May",26,"GCL","video counter"
2021,"25-May",27,"GCL","video counter"
2021,"26-May",15,"GCL","video counter"
2021,"27-May",29,"GCL","video counter"
2021,"28-May",8,"GCL","video counter"
2021,"29-May",34,"GCL","video counter"
2021,"30-May",163,"GCL","video counter"
2021,"31-May",210,"GCL","video counter"
2021,"1-Jun",135,"GCL","video counter"
2021,"2-Jun",122,"GCL","video counter"
2021,"3-Jun",181,"GCL","video counter"
2021,"4-Jun",347,"GCL","video counter"
2021,"5-Jun",283,"GCL","video counter"
2021,"6-Jun",543,"GCL","video counter"
2021,"7-Jun",636,"GCL","video counter"
2021,"8-Jun",399,"GCL","video counter"
2021,"9-Jun",782,"GCL","video counter"
2021,"10-Jun",505,"GCL","video counter"
2021,"11-Jun",504,"GCL","video counter"
2021,"12-Jun",329,"GCL","video counter"
2021,"13-Jun",340,"GCL","video counter"
2021,"14-Jun",533,"GCL","video counter"
2021,"15-Jun",661,"GCL","video counter"
2021,"16-Jun",2693,"GCL","video counter"
2021,"17-Jun",5166,"GCL","video counter"
2021,"18-Jun",8693,"GCL","video counter"
2021,"19-Jun",6240,"GCL","video counter"
2021,"20-Jun",2637,"GCL","video counter"
2021,"21-Jun",3120,"GCL","video counter"
2021,"22-Jun",3826,"GCL","video counter"
2021,"23-Jun",861,"GCL","video counter"
2021,"24-Jun",418,"GCL","video counter"
2021,"25-Jun",1401,"GCL","video counter"
2021,"26-Jun",1229,"GCL","video counter"
2021,"27-Jun",469,"GCL","video counter"
2021,"28-Jun",154,"GCL","video counter"
2021,"29-Jun",31,"GCL","video counter"
2021,"30-Jun",11,"GCL","video counter"
2021,"1-Jul",247,"GCL","video counter"
2021,"2-Jul",501,"GCL","video counter"
2021,"3-Jul",725,"GCL","video counter"
2021,"4-Jul",560,"GCL","video counter"
2021,"5-Jul",195,"GCL","video counter"
2021,"6-Jul",238,"GCL","video counter"
2021,"7-Jul",2169,"GCL","video counter"
2021,"8-Jul",510,"GCL","video counter"
2021,"9-Jul",1317,"GCL","video counter"
2021,"10-Jul",1338,"GCL","video counter"
2021,"11-Jul",1055,"GCL","video counter"
2021,"12-Jul",1557,"GCL","video counter"
2021,"13-Jul",1902,"GCL","video counter"
2021,"14-Jul",2168,"GCL","video counter"
2021,"15-Jul",2435,"GCL","video counter"
2021,"16-Jul",2191,"GCL","video counter"
2021,"17-Jul",3005,"GCL","video counter"
2021,"18-Jul",3461,"GCL","video counter"
2021,"19-Jul",4722,"GCL","video counter"
2021,"20-Jul",7347,"GCL","video counter"
2021,"21-Jul",7523,"GCL","video counter"
2021,"22-Jul",5514,"GCL","video counter"
2021,"23-Jul",5077,"GCL","video counter"
2021,"24-Jul",1450,"GCL","video counter"
2021,"25-Jul",1339,"GCL","video counter"
2021,"26-Jul",1498,"GCL","video counter"
2021,"27-Jul",1374,"GCL","video counter"
2021,"28-Jul",984,"GCL","video counter"
2021,"29-Jul",693,"GCL","video counter"
2021,"30-Jul",529,"GCL","video counter"
2021,"31-Jul",524,"GCL","video counter"
2021,"1-Aug",332,"GCL","video counter"
2021,"2-Aug",138,"GCL","video counter"
2021,"3-Aug",205,"GCL","video counter"
2021,"4-Aug",384,"GCL","video counter"
2021,"5-Aug",120,"GCL","video counter"
2021,"6-Aug",266,"GCL","video counter"
2021,"7-Aug",457,"GCL","video counter"
2021,"8-Aug",721,"GCL","video counter"
2021,"9-Aug",1409,"GCL","video counter"
2021,"10-Aug",1789,"GCL","video counter"
2021,"11-Aug",2404,"GCL","video counter"
2021,"12-Aug",1236,"GCL","video counter"
2021,"13-Aug",428,"GCL","video counter"
2021,"14-Aug",278,"GCL","video counter"
2021,"15-Aug",916,"GCL","video counter"
2021,"16-Aug",4274,"GCL","video counter"
2021,"17-Aug",4330,"GCL","video counter"
2021,"18-Aug",3046,"GCL","video counter"
2021,"19-Aug",2223,"GCL","video counter"
2021,"20-Aug",1440,"GCL","video counter"
2021,"21-Aug",621,"GCL","video counter"
2021,"22-Aug",897,"GCL","video counter"
2021,"23-Aug",1098,"GCL","video counter"
2021,"24-Aug",1091,"GCL","video counter"
2021,"25-Aug",1580,"GCL","video counter"
2021,"26-Aug",1286,"GCL","video counter"
2021,"27-Aug",1170,"GCL","video counter"
2021,"28-Aug",945,"GCL","video counter"
2021,"29-Aug",2664,"GCL","video counter"
2021,"30-Aug",3003,"GCL","video counter"
2021,"31-Aug",1512,"GCL","video counter"
2021,"1-Sep",1578,"GCL","video counter"
2021,"2-Sep",1464,"GCL","video counter"
2021,"3-Sep",1652,"GCL","video counter"
2021,"4-Sep",876,"GCL","video counter"
2021,"5-Sep",880,"GCL","video counter"
2021,"6-Sep",648,"GCL","video counter"
2021,"7-Sep",960,"GCL","video counter"
2021,"8-Sep",1960,"GCL","video counter"
2021,"9-Sep",2700,"GCL","video counter"
2021,"10-Sep",3868,"GCL","video counter"
2021,"11-Sep",4122,"GCL","video counter"
2021,"12-Sep",4626,"GCL","video counter"
2021,"13-Sep",5305,"GCL","video counter"
2021,"14-Sep",4902,"GCL","video counter"
2021,"15-Sep",3762,"GCL","video counter"
2021,"16-Sep",2820,"GCL","video counter"
2021,"17-Sep",2506,"GCL","video counter"
2021,"18-Sep",1632,"GCL","video counter"
2021,"19-Sep",1428,"GCL","video counter"
2021,"20-Sep",3078,"GCL","video counter"
2021,"21-Sep",3876,"GCL","video counter"
2021,"22-Sep",3738,"GCL","video counter"
2021,"23-Sep",3732,"GCL","video counter"
2021,"24-Sep",4224,"GCL","video counter"
2021,"25-Sep",3156,"GCL","video counter"
2021,"26-Sep",2322,"GCL","video counter"
2021,"27-Sep",1220,"GCL","video counter"
2021,"28-Sep",1494,"GCL","video counter"
2021,"29-Sep",897,"GCL","video counter"
2021,"30-Sep",156,"GCL","video counter"
2021,"1-Oct",330,"GCL","video counter"
2021,"2-Oct",156,"GCL","video counter"
2021,"3-Oct",162,"GCL","video counter"
2021,"4-Oct",108,"GCL","video counter"
2021,"5-Oct",24,"GCL","video counter"
2021,"6-Oct",18,"GCL","video counter"
2021,"7-Oct",31,"GCL","video counter"
2021,"8-Oct",39,"GCL","video counter"
2021,"9-Oct",20,"GCL","video counter"
2021,"10-Oct",15,"GCL","video counter"
2021,"11-Oct",14,"GCL","video counter"
2021,"12-Oct",9,"GCL","video counter"
2021,"13-Oct",12,"GCL","video counter"
2021,"14-Oct",13,"GCL","video counter"
2021,"15-Oct",37,"GCL","video counter"
2021,"16-Oct",11,"GCL","video counter"
2021,"17-Oct",0,"GCL","video counter"
2021,"18-Oct",6,"GCL","video counter"
2021,"19-Oct",25,"GCL","video counter"
2021,"20-Oct",23,"GCL","video counter"
2021,"21-Oct",9,"GCL","video counter"
2021,"22-Oct",0,"GCL","video counter"
2021,"23-Oct",0,"GCL","video counter"
2021,"24-Oct",0,"GCL","video counter"
2021,"25-Oct",0,"GCL","video counter"
2021,"26-Oct",0,"GCL","video counter"
2021,"27-Oct",0,"GCL","video counter"
2021,"28-Oct",0,"GCL","video counter"
2021,"29-Oct",0,"GCL","video counter"
2021,"30-Oct",0,"GCL","video counter"
2021,"31-Oct",0,"GCL","video counter"
2021,"1-Nov",0,"GCL","video counter"
2021,"2-Nov",0,"GCL","video counter"
2021,"3-Nov",0,"GCL","video counter"
2021,"4-Nov",0,"GCL","video counter"
2021,"5-Nov",0,"GCL","video counter"
2021,"6-Nov",0,"GCL","video counter"
2021,"7-Nov",0,"GCL","video counter"
2021,"8-Nov",0,"GCL","video counter"
2021,"9-Nov",0,"GCL","video counter"
2021,"10-Nov",0,"GCL","video counter"
2021,"11-Nov",0,"GCL","video counter"
2021,"12-Nov",0,"GCL","video counter"
2021,"13-Nov",0,"GCL","video counter"
2021,"14-Nov",0,"GCL","video counter"
2021,"15-Nov",0,"GCL","video counter"
2021,"10-Apr",0,"SPR","video counter"
2021,"11-Apr",0,"SPR","video counter"
2021,"12-Apr",0,"SPR","video counter"
2021,"13-Apr",0,"SPR","video counter"
2021,"14-Apr",0,"SPR","video counter"
2021,"15-Apr",0,"SPR","video counter"
2021,"16-Apr",0,"SPR","video counter"
2021,"17-Apr",0,"SPR","video counter"
2021,"18-Apr",0,"SPR","video counter"
2021,"19-Apr",0,"SPR","video counter"
2021,"20-Apr",2,"SPR","video counter"
2021,"21-Apr",3,"SPR","video counter"
2021,"22-Apr",1,"SPR","video counter"
2021,"23-Apr",1,"SPR","video counter"
2021,"24-Apr",0,"SPR","video counter"
2021,"25-Apr",1,"SPR","video counter"
2021,"26-Apr",0,"SPR","video counter"
2021,"27-Apr",3,"SPR","video counter"
2021,"28-Apr",1,"SPR","video counter"
2021,"29-Apr",0,"SPR","video counter"
2021,"30-Apr",2,"SPR","video counter"
2021,"1-May",0,"SPR","video counter"
2021,"2-May",3,"SPR","video counter"
2021,"3-May",2,"SPR","video counter"
2021,"4-May",0,"SPR","video counter"
2021,"5-May",1,"SPR","video counter"
2021,"6-May",0,"SPR","video counter"
2021,"7-May",4,"SPR","video counter"
2021,"8-May",1,"SPR","video counter"
2021,"9-May",5,"SPR","video counter"
2021,"10-May",6,"SPR","video counter"
2021,"11-May",5,"SPR","video counter"
2021,"12-May",17,"SPR","video counter"
2021,"13-May",4,"SPR","video counter"
2021,"14-May",7,"SPR","video counter"
2021,"15-May",22,"SPR","video counter"
2021,"16-May",19,"SPR","video counter"
2021,"17-May",15,"SPR","video counter"
2021,"18-May",20,"SPR","video counter"
2021,"19-May",38,"SPR","video counter"
2021,"20-May",26,"SPR","video counter"
2021,"21-May",36,"SPR","video counter"
2021,"22-May",57,"SPR","video counter"
2021,"23-May",38,"SPR","video counter"
2021,"24-May",102,"SPR","video counter"
2021,"25-May",59,"SPR","video counter"
2021,"26-May",73,"SPR","video counter"
2021,"27-May",165,"SPR","video counter"
2021,"28-May",205,"SPR","video counter"
2021,"29-May",157,"SPR","video counter"
2021,"30-May",321,"SPR","video counter"
2021,"31-May",361,"SPR","video counter"
2021,"1-Jun",230,"SPR","video counter"
2021,"2-Jun",282,"SPR","video counter"
2021,"3-Jun",228,"SPR","video counter"
2021,"4-Jun",1459,"SPR","video counter"
2021,"5-Jun",483,"SPR","video counter"
2021,"6-Jun",558,"SPR","video counter"
2021,"7-Jun",418,"SPR","video counter"
2021,"8-Jun",500,"SPR","video counter"
2021,"9-Jun",479,"SPR","video counter"
2021,"10-Jun",352,"SPR","video counter"
2021,"11-Jun",363,"SPR","video counter"
2021,"12-Jun",492,"SPR","video counter"
2021,"13-Jun",487,"SPR","video counter"
2021,"14-Jun",590,"SPR","video counter"
2021,"15-Jun",1240,"SPR","video counter"
2021,"16-Jun",3867,"SPR","video counter"
2021,"17-Jun",5212,"SPR","video counter"
2021,"18-Jun",4794,"SPR","video counter"
2021,"19-Jun",4140,"SPR","video counter"
2021,"20-Jun",3034,"SPR","video counter"
2021,"21-Jun",2228,"SPR","video counter"
2021,"22-Jun",1248,"SPR","video counter"
2021,"23-Jun",499,"SPR","video counter"
2021,"24-Jun",1231,"SPR","video counter"
2021,"25-Jun",1273,"SPR","video counter"
2021,"26-Jun",700,"SPR","video counter"
2021,"27-Jun",340,"SPR","video counter"
2021,"28-Jun",31,"SPR","video counter"
2021,"29-Jun",6,"SPR","video counter"
2021,"30-Jun",10,"SPR","video counter"
2021,"1-Jul",1,"SPR","video counter"
2021,"2-Jul",1455,"SPR","video counter"
2021,"3-Jul",1100,"SPR","video counter"
2021,"4-Jul",730,"SPR","video counter"
2021,"5-Jul",58,"SPR","video counter"
2021,"6-Jul",286,"SPR","video counter"
2021,"7-Jul",193,"SPR","video counter"
2021,"8-Jul",1487,"SPR","video counter"
2021,"9-Jul",2692,"SPR","video counter"
2021,"10-Jul",432,"SPR","video counter"
2021,"11-Jul",1471,"SPR","video counter"
2021,"12-Jul",2595,"SPR","video counter"
2021,"13-Jul",2580,"SPR","video counter"
2021,"14-Jul",2167,"SPR","video counter"
2021,"15-Jul",1418,"SPR","video counter"
2021,"16-Jul",2331,"SPR","video counter"
2021,"17-Jul",5149,"SPR","video counter"
2021,"18-Jul",4819,"SPR","video counter"
2021,"19-Jul",6054,"SPR","video counter"
2021,"20-Jul",9939,"SPR","video counter"
2021,"21-Jul",7672,"SPR","video counter"
2021,"22-Jul",5743,"SPR","video counter"
2021,"23-Jul",7121,"SPR","video counter"
2021,"24-Jul",4878,"SPR","video counter"
2021,"25-Jul",1792,"SPR","video counter"
2021,"26-Jul",1590,"SPR","video counter"
2021,"27-Jul",1730,"SPR","video counter"
2021,"28-Jul",1293,"SPR","video counter"
2021,"29-Jul",789,"SPR","video counter"
2021,"30-Jul",144,"SPR","video counter"
2021,"31-Jul",258,"SPR","video counter"
2021,"1-Aug",383,"SPR","video counter"
2021,"2-Aug",124,"SPR","video counter"
2021,"3-Aug",107,"SPR","video counter"
2021,"4-Aug",106,"SPR","video counter"
2021,"5-Aug",9,"SPR","video counter"
2021,"6-Aug",228,"SPR","video counter"
2021,"7-Aug",366,"SPR","video counter"
2021,"8-Aug",1580,"SPR","video counter"
2021,"9-Aug",1870,"SPR","video counter"
2021,"10-Aug",1756,"SPR","video counter"
2021,"11-Aug",1453,"SPR","video counter"
2021,"12-Aug",659,"SPR","video counter"
2021,"13-Aug",217,"SPR","video counter"
2021,"14-Aug",184,"SPR","video counter"
2021,"15-Aug",461,"SPR","video counter"
2021,"16-Aug",1725,"SPR","video counter"
2021,"17-Aug",1807,"SPR","video counter"
2021,"18-Aug",2058,"SPR","video counter"
2021,"19-Aug",2106,"SPR","video counter"
2021,"20-Aug",1151,"SPR","video counter"
2021,"21-Aug",926,"SPR","video counter"
2021,"22-Aug",653,"SPR","video counter"
2021,"23-Aug",383,"SPR","video counter"
2021,"24-Aug",1067,"SPR","video counter"
2021,"25-Aug",1826,"SPR","video counter"
2021,"26-Aug",1124,"SPR","video counter"
2021,"27-Aug",1018,"SPR","video counter"
2021,"28-Aug",897,"SPR","video counter"
2021,"29-Aug",2214,"SPR","video counter"
2021,"30-Aug",2036,"SPR","video counter"
2021,"31-Aug",1156,"SPR","video counter"
2021,"1-Sep",769,"SPR","video counter"
2021,"2-Sep",1011,"SPR","video counter"
2021,"3-Sep",1006,"SPR","video counter"
2021,"4-Sep",721,"SPR","video counter"
2021,"5-Sep",229,"SPR","video counter"
2021,"6-Sep",647,"SPR","video counter"
2021,"7-Sep",508,"SPR","video counter"
2021,"8-Sep",287,"SPR","video counter"
2021,"9-Sep",984,"SPR","video counter"
2021,"10-Sep",1047,"SPR","video counter"
2021,"11-Sep",435,"SPR","video counter"
2021,"12-Sep",2482,"SPR","video counter"
2021,"13-Sep",3075,"SPR","video counter"
2021,"14-Sep",2000,"SPR","video counter"
2021,"15-Sep",1545,"SPR","video counter"
2021,"16-Sep",1027,"SPR","video counter"
2021,"17-Sep",816,"SPR","video counter"
2021,"18-Sep",1880,"SPR","video counter"
2021,"19-Sep",1055,"SPR","video counter"
2021,"20-Sep",1776,"SPR","video counter"
2021,"21-Sep",2216,"SPR","video counter"
2021,"22-Sep",1602,"SPR","video counter"
2021,"23-Sep",1124,"SPR","video counter"
2021,"24-Sep",1049,"SPR","video counter"
2021,"25-Sep",950,"SPR","video counter"
2021,"26-Sep",574,"SPR","video counter"
2021,"27-Sep",329,"SPR","video counter"
2021,"28-Sep",168,"SPR","video counter"
2021,"29-Sep",139,"SPR","video counter"
2021,"30-Sep",66,"SPR","video counter"
2021,"1-Oct",119,"SPR","video counter"
2021,"2-Oct",92,"SPR","video counter"
2021,"3-Oct",49,"SPR","video counter"
2021,"4-Oct",38,"SPR","video counter"
2021,"5-Oct",28,"SPR","video counter"
2021,"6-Oct",37,"SPR","video counter"
2021,"7-Oct",21,"SPR","video counter"
2021,"8-Oct",25,"SPR","video counter"
2021,"9-Oct",27,"SPR","video counter"
2021,"10-Oct",18,"SPR","video counter"
2021,"11-Oct",18,"SPR","video counter"
2021,"12-Oct",13,"SPR","video counter"
2021,"13-Oct",24,"SPR","video counter"
2021,"14-Oct",15,"SPR","video counter"
2021,"15-Oct",24,"SPR","video counter"
2021,"16-Oct",11,"SPR","video counter"
2021,"17-Oct",7,"SPR","video counter"
2021,"18-Oct",18,"SPR","video counter"
2021,"19-Oct",7,"SPR","video counter"
2021,"20-Oct",2,"SPR","video counter"
2021,"21-Oct",0,"SPR","video counter"
2021,"22-Oct",0,"SPR","video counter"
2021,"23-Oct",0,"SPR","video counter"
2021,"24-Oct",0,"SPR","video counter"
2021,"25-Oct",0,"SPR","video counter"
2021,"26-Oct",0,"SPR","video counter"
2021,"27-Oct",0,"SPR","video counter"
2021,"28-Oct",0,"SPR","video counter"
2021,"29-Oct",0,"SPR","video counter"
2021,"30-Oct",0,"SPR","video counter"
2021,"31-Oct",0,"SPR","video counter"
2021,"1-Nov",0,"SPR","video counter"
2021,"2-Nov",0,"SPR","video counter"
2021,"3-Nov",0,"SPR","video counter"
2021,"4-Nov",0,"SPR","video counter"
2021,"5-Nov",0,"SPR","video counter"
2021,"6-Nov",0,"SPR","video counter"
2021,"7-Nov",0,"SPR","video counter"
2021,"8-Nov",0,"SPR","video counter"
2021,"9-Nov",0,"SPR","video counter"
2021,"10-Nov",0,"SPR","video counter"
2021,"11-Nov",0,"SPR","video counter"
2021,"12-Nov",0,"SPR","video counter"
2021,"13-Nov",0,"SPR","video counter"
2021,"14-Nov",0,"SPR","video counter"
2021,"15-Nov",0,"SPR","video counter"
2020,"28-Apr",0,"GCL","video counter"
2020,"29-Apr",0,"GCL","video counter"
2020,"30-Apr",0,"GCL","video counter"
2020,"1-May",0,"GCL","video counter"
2020,"2-May",0,"GCL","video counter"
2020,"3-May",0,"GCL","video counter"
2020,"4-May",1,"GCL","video counter"
2020,"5-May",0,"GCL","video counter"
2020,"6-May",0,"GCL","video counter"
2020,"7-May",0,"GCL","video counter"
2020,"8-May",0,"GCL","video counter"
2020,"9-May",0,"GCL","video counter"
2020,"10-May",0,"GCL","video counter"
2020,"11-May",0,"GCL","video counter"
2020,"12-May",0,"GCL","video counter"
2020,"13-May",0,"GCL","video counter"
2020,"14-May",0,"GCL","video counter"
2020,"15-May",0,"GCL","video counter"
2020,"16-May",0,"GCL","video counter"
2020,"17-May",0,"GCL","video counter"
2020,"18-May",0,"GCL","video counter"
2020,"19-May",1,"GCL","video counter"
2020,"20-May",0,"GCL","video counter"
2020,"21-May",0,"GCL","video counter"
2020,"22-May",0,"GCL","video counter"
2020,"23-May",0,"GCL","video counter"
2020,"24-May",1,"GCL","video counter"
2020,"25-May",8,"GCL","video counter"
2020,"26-May",7,"GCL","video counter"
2020,"27-May",7,"GCL","video counter"
2020,"28-May",24,"GCL","video counter"
2020,"29-May",41,"GCL","video counter"
2020,"30-May",32,"GCL","video counter"
2020,"31-May",23,"GCL","video counter"
2020,"1-Jun",85,"GCL","video counter"
2020,"2-Jun",146,"GCL","video counter"
2020,"3-Jun",75,"GCL","video counter"
2020,"4-Jun",53,"GCL","video counter"
2020,"5-Jun",24,"GCL","video counter"
2020,"6-Jun",28,"GCL","video counter"
2020,"7-Jun",89,"GCL","video counter"
2020,"8-Jun",271,"GCL","video counter"
2020,"9-Jun",178,"GCL","video counter"
2020,"10-Jun",124,"GCL","video counter"
2020,"11-Jun",236,"GCL","video counter"
2020,"12-Jun",220,"GCL","video counter"
2020,"13-Jun",365,"GCL","video counter"
2020,"14-Jun",391,"GCL","video counter"
2020,"15-Jun",570,"GCL","video counter"
2020,"16-Jun",548,"GCL","video counter"
2020,"17-Jun",942,"GCL","video counter"
2020,"18-Jun",1458,"GCL","video counter"
2020,"19-Jun",3140,"GCL","video counter"
2020,"20-Jun",2201,"GCL","video counter"
2020,"21-Jun",2910,"GCL","video counter"
2020,"22-Jun",1610,"GCL","video counter"
2020,"23-Jun",6094,"GCL","video counter"
2020,"24-Jun",5094,"GCL","video counter"
2020,"25-Jun",6123,"GCL","video counter"
2020,"26-Jun",8638,"GCL","video counter"
2020,"27-Jun",2397,"GCL","video counter"
2020,"28-Jun",5719,"GCL","video counter"
2020,"29-Jun",9657,"GCL","video counter"
2020,"30-Jun",5256,"GCL","video counter"
2020,"1-Jul",913,"GCL","video counter"
2020,"2-Jul",1350,"GCL","video counter"
2020,"3-Jul",1765,"GCL","video counter"
2020,"4-Jul",1929,"GCL","video counter"
2020,"5-Jul",3245,"GCL","video counter"
2020,"6-Jul",5876,"GCL","video counter"
2020,"7-Jul",2703,"GCL","video counter"
2020,"8-Jul",1637,"GCL","video counter"
2020,"9-Jul",2961,"GCL","video counter"
2020,"10-Jul",3495,"GCL","video counter"
2020,"11-Jul",3241,"GCL","video counter"
2020,"12-Jul",2572,"GCL","video counter"
2020,"13-Jul",5190,"GCL","video counter"
2020,"14-Jul",6261,"GCL","video counter"
2020,"15-Jul",7278,"GCL","video counter"
2020,"16-Jul",7254,"GCL","video counter"
2020,"17-Jul",2491,"GCL","video counter"
2020,"18-Jul",2082,"GCL","video counter"
2020,"19-Jul",2274,"GCL","video counter"
2020,"20-Jul",1420,"GCL","video counter"
2020,"21-Jul",1085,"GCL","video counter"
2020,"22-Jul",699,"GCL","video counter"
2020,"23-Jul",964,"GCL","video counter"
2020,"24-Jul",543,"GCL","video counter"
2020,"25-Jul",760,"GCL","video counter"
2020,"26-Jul",535,"GCL","video counter"
2020,"27-Jul",1024,"GCL","video counter"
2020,"28-Jul",304,"GCL","video counter"
2020,"29-Jul",183,"GCL","video counter"
2020,"30-Jul",610,"GCL","video counter"
2020,"31-Jul",397,"GCL","video counter"
2020,"1-Aug",170,"GCL","video counter"
2020,"2-Aug",395,"GCL","video counter"
2020,"3-Aug",205,"GCL","video counter"
2020,"4-Aug",186,"GCL","video counter"
2020,"5-Aug",249,"GCL","video counter"
2020,"6-Aug",245,"GCL","video counter"
2020,"7-Aug",110,"GCL","video counter"
2020,"8-Aug",50,"GCL","video counter"
2020,"9-Aug",61,"GCL","video counter"
2020,"10-Aug",52,"GCL","video counter"
2020,"11-Aug",83,"GCL","video counter"
2020,"12-Aug",66,"GCL","video counter"
2020,"13-Aug",31,"GCL","video counter"
2020,"14-Aug",25,"GCL","video counter"
2020,"15-Aug",24,"GCL","video counter"
2020,"16-Aug",21,"GCL","video counter"
2020,"17-Aug",18,"GCL","video counter"
2020,"18-Aug",12,"GCL","video counter"
2020,"19-Aug",16,"GCL","video counter"
2020,"20-Aug",11,"GCL","video counter"
2020,"21-Aug",17,"GCL","video counter"
2020,"22-Aug",6,"GCL","video counter"
2020,"23-Aug",28,"GCL","video counter"
2020,"24-Aug",1,"GCL","video counter"
2020,"25-Aug",4,"GCL","video counter"
2020,"26-Aug",8,"GCL","video counter"
2020,"27-Aug",2,"GCL","video counter"
2020,"28-Aug",7,"GCL","video counter"
2020,"29-Aug",3,"GCL","video counter"
2020,"30-Aug",0,"GCL","video counter"
2020,"31-Aug",0,"GCL","video counter"
2020,"1-Sep",4,"GCL","video counter"
2020,"2-Sep",2,"GCL","video counter"
2020,"3-Sep",0,"GCL","video counter"
2020,"4-Sep",0,"GCL","video counter"
2020,"5-Sep",2,"GCL","video counter"
2020,"6-Sep",0,"GCL","video counter"
2020,"7-Sep",1,"GCL","video counter"
2020,"8-Sep",1,"GCL","video counter"
2020,"9-Sep",1,"GCL","video counter"
2020,"10-Sep",0,"GCL","video counter"
2020,"11-Sep",0,"GCL","video counter"
2020,"12-Sep",0,"GCL","video counter"
2020,"13-Sep",0,"GCL","video counter"
2020,"14-Sep",1,"GCL","video counter"
2020,"15-Sep",3,"GCL","video counter"
2020,"16-Sep",0,"GCL","video counter"
2020,"17-Sep",0,"GCL","video counter"
2020,"18-Sep",2,"GCL","video counter"
2020,"19-Sep",2,"GCL","video counter"
2020,"20-Sep",1,"GCL","video counter"
2020,"21-Sep",0,"GCL","video counter"
2020,"22-Sep",3,"GCL","video counter"
2020,"23-Sep",0,"GCL","video counter"
2020,"24-Sep",0,"GCL","video counter"
2020,"25-Sep",0,"GCL","video counter"
2020,"26-Sep",4,"GCL","video counter"
2020,"27-Sep",0,"GCL","video counter"
2020,"28-Sep",0,"GCL","video counter"
2020,"29-Sep",6,"GCL","video counter"
2020,"30-Sep",3,"GCL","video counter"
2020,"1-Oct",0,"GCL","video counter"
2020,"2-Oct",0,"GCL","video counter"
2020,"3-Oct",0,"GCL","video counter"
2020,"4-Oct",0,"GCL","video counter"
2020,"5-Oct",0,"GCL","video counter"
2020,"6-Oct",0,"GCL","video counter"
2020,"7-Oct",0,"GCL","video counter"
2020,"8-Oct",0,"GCL","video counter"
2020,"9-Oct",0,"GCL","video counter"
2020,"10-Oct",2,"GCL","video counter"
2020,"11-Oct",0,"GCL","video counter"
2020,"12-Oct",0,"GCL","video counter"
2020,"13-Oct",1,"GCL","video counter"
2020,"14-Oct",1,"GCL","video counter"
2020,"15-Oct",0,"GCL","video counter"
2020,"16-Oct",0,"GCL","video counter"
2020,"17-Oct",0,"GCL","video counter"
2020,"18-Oct",0,"GCL","video counter"
2020,"19-Oct",1,"GCL","video counter"
2020,"20-Oct",2,"GCL","video counter"
2020,"21-Oct",0,"GCL","video counter"
2020,"22-Oct",0,"GCL","video counter"
2020,"23-Oct",0,"GCL","video counter"
2020,"24-Oct",0,"GCL","video counter"
2020,"25-Oct",0,"GCL","video counter"
2020,"26-Oct",0,"GCL","video counter"
2020,"27-Oct",0,"GCL","video counter"
2020,"28-Oct",0,"GCL","video counter"
2020,"29-Oct",0,"GCL","video counter"
2020,"30-Oct",0,"GCL","video counter"
2020,"31-Oct",0,"GCL","video counter"
2020,"1-Nov",0,"GCL","video counter"
2020,"2-Nov",0,"GCL","video counter"
2020,"3-Nov",0,"GCL","video counter"
2020,"4-Nov",0,"GCL","video counter"
2020,"5-Nov",0,"GCL","video counter"
2020,"6-Nov",0,"GCL","video counter"
2020,"7-Nov",0,"GCL","video counter"
2020,"8-Nov",0,"GCL","video counter"
2020,"9-Nov",0,"GCL","video counter"
2020,"10-Nov",0,"GCL","video counter"
2020,"11-Nov",0,"GCL","video counter"
2020,"12-Nov",0,"GCL","video counter"
2020,"13-Nov",0,"GCL","video counter"
2020,"14-Nov",0,"GCL","video counter"
2020,"15-Nov",0,"GCL","video counter"
2020,"10-Apr",0,"SPR","video counter"
2020,"11-Apr",0,"SPR","video counter"
2020,"12-Apr",0,"SPR","video counter"
2020,"13-Apr",0,"SPR","video counter"
2020,"14-Apr",0,"SPR","video counter"
2020,"15-Apr",1,"SPR","video counter"
2020,"16-Apr",2,"SPR","video counter"
2020,"17-Apr",0,"SPR","video counter"
2020,"18-Apr",0,"SPR","video counter"
2020,"19-Apr",1,"SPR","video counter"
2020,"20-Apr",0,"SPR","video counter"
2020,"21-Apr",1,"SPR","video counter"
2020,"22-Apr",2,"SPR","video counter"
2020,"23-Apr",1,"SPR","video counter"
2020,"24-Apr",3,"SPR","video counter"
2020,"25-Apr",0,"SPR","video counter"
2020,"26-Apr",1,"SPR","video counter"
2020,"27-Apr",1,"SPR","video counter"
2020,"28-Apr",2,"SPR","video counter"
2020,"29-Apr",3,"SPR","video counter"
2020,"30-Apr",0,"SPR","video counter"
2020,"1-May",5,"SPR","video counter"
2020,"2-May",3,"SPR","video counter"
2020,"3-May",1,"SPR","video counter"
2020,"4-May",2,"SPR","video counter"
2020,"5-May",0,"SPR","video counter"
2020,"6-May",1,"SPR","video counter"
2020,"7-May",9,"SPR","video counter"
2020,"8-May",5,"SPR","video counter"
2020,"9-May",1,"SPR","video counter"
2020,"10-May",3,"SPR","video counter"
2020,"11-May",23,"SPR","video counter"
2020,"12-May",22,"SPR","video counter"
2020,"13-May",52,"SPR","video counter"
2020,"14-May",40,"SPR","video counter"
2020,"15-May",45,"SPR","video counter"
2020,"16-May",13,"SPR","video counter"
2020,"17-May",29,"SPR","video counter"
2020,"18-May",38,"SPR","video counter"
2020,"19-May",44,"SPR","video counter"
2020,"20-May",106,"SPR","video counter"
2020,"21-May",83,"SPR","video counter"
2020,"22-May",51,"SPR","video counter"
2020,"23-May",30,"SPR","video counter"
2020,"24-May",56,"SPR","video counter"
2020,"25-May",90,"SPR","video counter"
2020,"26-May",114,"SPR","video counter"
2020,"27-May",76,"SPR","video counter"
2020,"28-May",142,"SPR","video counter"
2020,"29-May",189,"SPR","video counter"
2020,"30-May",168,"SPR","video counter"
2020,"31-May",244,"SPR","video counter"
2020,"1-Jun",194,"SPR","video counter"
2020,"2-Jun",145,"SPR","video counter"
2020,"3-Jun",423,"SPR","video counter"
2020,"4-Jun",449,"SPR","video counter"
2020,"5-Jun",393,"SPR","video counter"
2020,"6-Jun",911,"SPR","video counter"
2020,"7-Jun",776,"SPR","video counter"
2020,"8-Jun",800,"SPR","video counter"
2020,"9-Jun",891,"SPR","video counter"
2020,"10-Jun",1179,"SPR","video counter"
2020,"11-Jun",857,"SPR","video counter"
2020,"12-Jun",1091,"SPR","video counter"
2020,"13-Jun",590,"SPR","video counter"
2020,"14-Jun",856,"SPR","video counter"
2020,"15-Jun",1194,"SPR","video counter"
2020,"16-Jun",1558,"SPR","video counter"
2020,"17-Jun",1605,"SPR","video counter"
2020,"18-Jun",2771,"SPR","video counter"
2020,"19-Jun",5117,"SPR","video counter"
2020,"20-Jun",2584,"SPR","video counter"
2020,"21-Jun",1204,"SPR","video counter"
2020,"22-Jun",3964,"SPR","video counter"
2020,"23-Jun",8303,"SPR","video counter"
2020,"24-Jun",8172,"SPR","video counter"
2020,"25-Jun",5829,"SPR","video counter"
2020,"26-Jun",9206,"SPR","video counter"
2020,"27-Jun",4652,"SPR","video counter"
2020,"28-Jun",4907,"SPR","video counter"
2020,"29-Jun",6992,"SPR","video counter"
2020,"30-Jun",4450,"SPR","video counter"
2020,"1-Jul",1411,"SPR","video counter"
2020,"2-Jul",846,"SPR","video counter"
2020,"3-Jul",2802,"SPR","video counter"
2020,"4-Jul",3344,"SPR","video counter"
2020,"5-Jul",4531,"SPR","video counter"
2020,"6-Jul",4353,"SPR","video counter"
2020,"7-Jul",3332,"SPR","video counter"
2020,"8-Jul",1874,"SPR","video counter"
2020,"9-Jul",5055,"SPR","video counter"
2020,"10-Jul",4423,"SPR","video counter"
2020,"11-Jul",3354,"SPR","video counter"
2020,"12-Jul",4199,"SPR","video counter"
2020,"13-Jul",4682,"SPR","video counter"
2020,"14-Jul",6921,"SPR","video counter"
2020,"15-Jul",5320,"SPR","video counter"
2020,"16-Jul",6471,"SPR","video counter"
2020,"17-Jul",2166,"SPR","video counter"
2020,"18-Jul",3116,"SPR","video counter"
2020,"19-Jul",2809,"SPR","video counter"
2020,"20-Jul",1775,"SPR","video counter"
2020,"21-Jul",1092,"SPR","video counter"
2020,"22-Jul",915,"SPR","video counter"
2020,"23-Jul",1766,"SPR","video counter"
2020,"24-Jul",1204,"SPR","video counter"
2020,"25-Jul",838,"SPR","video counter"
2020,"26-Jul",1595,"SPR","video counter"
2020,"27-Jul",1446,"SPR","video counter"
2020,"28-Jul",628,"SPR","video counter"
2020,"29-Jul",88,"SPR","video counter"
2020,"30-Jul",348,"SPR","video counter"
2020,"31-Jul",364,"SPR","video counter"
2020,"1-Aug",156,"SPR","video counter"
2020,"2-Aug",364,"SPR","video counter"
2020,"3-Aug",312,"SPR","video counter"
2020,"4-Aug",140,"SPR","video counter"
2020,"5-Aug",104,"SPR","video counter"
2020,"6-Aug",92,"SPR","video counter"
2020,"7-Aug",300,"SPR","video counter"
2020,"8-Aug",64,"SPR","video counter"
2020,"9-Aug",136,"SPR","video counter"
2020,"10-Aug",140,"SPR","video counter"
2020,"11-Aug",184,"SPR","video counter"
2020,"12-Aug",112,"SPR","video counter"
2020,"13-Aug",40,"SPR","video counter"
2020,"14-Aug",40,"SPR","video counter"
2020,"15-Aug",24,"SPR","video counter"
2020,"16-Aug",36,"SPR","video counter"
2020,"17-Aug",24,"SPR","video counter"
2020,"18-Aug",10,"SPR","video counter"
2020,"19-Aug",8,"SPR","video counter"
2020,"20-Aug",10,"SPR","video counter"
2020,"21-Aug",12,"SPR","video counter"
2020,"22-Aug",20,"SPR","video counter"
2020,"23-Aug",12,"SPR","video counter"
2020,"24-Aug",4,"SPR","video counter"
2020,"25-Aug",6,"SPR","video counter"
2020,"26-Aug",10,"SPR","video counter"
2020,"27-Aug",8,"SPR","video counter"
2020,"28-Aug",4,"SPR","video counter"
2020,"29-Aug",6,"SPR","video counter"
2020,"30-Aug",4,"SPR","video counter"
2020,"31-Aug",2,"SPR","video counter"
2020,"1-Sep",4,"SPR","video counter"
2020,"2-Sep",0,"SPR","video counter"
2020,"3-Sep",0,"SPR","video counter"
2020,"4-Sep",0,"SPR","video counter"
2020,"5-Sep",0,"SPR","video counter"
2020,"6-Sep",0,"SPR","video counter"
2020,"7-Sep",0,"SPR","video counter"
2020,"8-Sep",0,"SPR","video counter"
2020,"9-Sep",0,"SPR","video counter"
2020,"10-Sep",0,"SPR","video counter"
2020,"11-Sep",2,"SPR","video counter"
2020,"12-Sep",0,"SPR","video counter"
2020,"13-Sep",0,"SPR","video counter"
2020,"14-Sep",0,"SPR","video counter"
2020,"15-Sep",0,"SPR","video counter"
2020,"16-Sep",0,"SPR","video counter"
2020,"17-Sep",0,"SPR","video counter"
2020,"18-Sep",0,"SPR","video counter"
2020,"19-Sep",0,"SPR","video counter"
2020,"20-Sep",2,"SPR","video counter"
2020,"21-Sep",4,"SPR","video counter"
2020,"22-Sep",2,"SPR","video counter"
2020,"23-Sep",0,"SPR","video counter"
2020,"24-Sep",4,"SPR","video counter"
2020,"25-Sep",2,"SPR","video counter"
2020,"26-Sep",12,"SPR","video counter"
2020,"27-Sep",36,"SPR","video counter"
2020,"28-Sep",16,"SPR","video counter"
2020,"29-Sep",12,"SPR","video counter"
2020,"30-Sep",2,"SPR","video counter"
2020,"1-Oct",12,"SPR","video counter"
2020,"2-Oct",4,"SPR","video counter"
2020,"3-Oct",4,"SPR","video counter"
2020,"4-Oct",4,"SPR","video counter"
2020,"5-Oct",2,"SPR","video counter"
2020,"6-Oct",0,"SPR","video counter"
2020,"7-Oct",4,"SPR","video counter"
2020,"8-Oct",0,"SPR","video counter"
2020,"9-Oct",2,"SPR","video counter"
2020,"10-Oct",2,"SPR","video counter"
2020,"11-Oct",8,"SPR","video counter"
2020,"12-Oct",8,"SPR","video counter"
2020,"13-Oct",8,"SPR","video counter"
2020,"14-Oct",6,"SPR","video counter"
2020,"15-Oct",12,"SPR","video counter"
2020,"16-Oct",6,"SPR","video counter"
2020,"17-Oct",6,"SPR","video counter"
2020,"18-Oct",4,"SPR","video counter"
2020,"19-Oct",6,"SPR","video counter"
2020,"20-Oct",8,"SPR","video counter"
2020,"21-Oct",8,"SPR","video counter"
2020,"22-Oct",0,"SPR","video counter"
2020,"23-Oct",0,"SPR","video counter"
2020,"24-Oct",0,"SPR","video counter"
2020,"25-Oct",0,"SPR","video counter"
2020,"26-Oct",0,"SPR","video counter"
2020,"27-Oct",0,"SPR","video counter"
2020,"28-Oct",0,"SPR","video counter"
2020,"29-Oct",0,"SPR","video counter"
2020,"30-Oct",0,"SPR","video counter"
2020,"31-Oct",0,"SPR","video counter"
2020,"1-Nov",0,"SPR","video counter"
2020,"2-Nov",0,"SPR","video counter"
2020,"3-Nov",0,"SPR","video counter"
2020,"4-Nov",0,"SPR","video counter"
2020,"5-Nov",0,"SPR","video counter"
2020,"6-Nov",0,"SPR","video counter"
2020,"7-Nov",0,"SPR","video counter"
2020,"8-Nov",0,"SPR","video counter"
2020,"9-Nov",0,"SPR","video counter"
2020,"10-Nov",0,"SPR","video counter"
2020,"11-Nov",0,"SPR","video counter"
2020,"12-Nov",0,"SPR","video counter"
2020,"13-Nov",0,"SPR","video counter"
2020,"14-Nov",0,"SPR","video counter"
2020,"15-Nov",0,"SPR","video counter"
2019,"1-May",0,"GCL","video counter"
2019,"2-May",0,"GCL","video counter"
2019,"3-May",0,"GCL","video counter"
2019,"4-May",0,"GCL","video counter"
2019,"5-May",0,"GCL","video counter"
2019,"6-May",0,"GCL","video counter"
2019,"7-May",0,"GCL","video counter"
2019,"8-May",0,"GCL","video counter"
2019,"9-May",0,"GCL","video counter"
2019,"10-May",0,"GCL","video counter"
2019,"11-May",0,"GCL","video counter"
2019,"12-May",0,"GCL","video counter"
2019,"13-May",0,"GCL","video counter"
2019,"14-May",0,"GCL","video counter"
2019,"15-May",0,"GCL","video counter"
2019,"16-May",1,"GCL","video counter"
2019,"17-May",1,"GCL","video counter"
2019,"18-May",1,"GCL","video counter"
2019,"19-May",1,"GCL","video counter"
2019,"20-May",2,"GCL","video counter"
2019,"21-May",2,"GCL","video counter"
2019,"22-May",3,"GCL","video counter"
2019,"23-May",1,"GCL","video counter"
2019,"24-May",1,"GCL","video counter"
2019,"25-May",3,"GCL","video counter"
2019,"26-May",2,"GCL","video counter"
2019,"27-May",3,"GCL","video counter"
2019,"28-May",10,"GCL","video counter"
2019,"29-May",14,"GCL","video counter"
2019,"30-May",5,"GCL","video counter"
2019,"31-May",6,"GCL","video counter"
2019,"1-Jun",12,"GCL","video counter"
2019,"2-Jun",10,"GCL","video counter"
2019,"3-Jun",16,"GCL","video counter"
2019,"4-Jun",107,"GCL","video counter"
2019,"5-Jun",40,"GCL","video counter"
2019,"6-Jun",50,"GCL","video counter"
2019,"7-Jun",79,"GCL","video counter"
2019,"8-Jun",99,"GCL","video counter"
2019,"9-Jun",481,"GCL","video counter"
2019,"10-Jun",89,"GCL","video counter"
2019,"11-Jun",117,"GCL","video counter"
2019,"12-Jun",558,"GCL","video counter"
2019,"13-Jun",442,"GCL","video counter"
2019,"14-Jun",184,"GCL","video counter"
2019,"15-Jun",221,"GCL","video counter"
2019,"16-Jun",405,"GCL","video counter"
2019,"17-Jun",281,"GCL","video counter"
2019,"18-Jun",80,"GCL","video counter"
2019,"19-Jun",298,"GCL","video counter"
2019,"20-Jun",607,"GCL","video counter"
2019,"21-Jun",1186,"GCL","video counter"
2019,"22-Jun",1498,"GCL","video counter"
2019,"23-Jun",876,"GCL","video counter"
2019,"24-Jun",570,"GCL","video counter"
2019,"25-Jun",1275,"GCL","video counter"
2019,"26-Jun",2751,"GCL","video counter"
2019,"27-Jun",2508,"GCL","video counter"
2019,"28-Jun",1736,"GCL","video counter"
2019,"29-Jun",948,"GCL","video counter"
2019,"30-Jun",764,"GCL","video counter"
2019,"1-Jul",2558,"GCL","video counter"
2019,"2-Jul",2169,"GCL","video counter"
2019,"3-Jul",1530,"GCL","video counter"
2019,"4-Jul",1858,"GCL","video counter"
2019,"5-Jul",1185,"GCL","video counter"
2019,"6-Jul",1161,"GCL","video counter"
2019,"7-Jul",1292,"GCL","video counter"
2019,"8-Jul",1821,"GCL","video counter"
2019,"9-Jul",1527,"GCL","video counter"
2019,"10-Jul",2228,"GCL","video counter"
2019,"11-Jul",1388,"GCL","video counter"
2019,"12-Jul",792,"GCL","video counter"
2019,"13-Jul",1153,"GCL","video counter"
2019,"14-Jul",826,"GCL","video counter"
2019,"15-Jul",1232,"GCL","video counter"
2019,"16-Jul",894,"GCL","video counter"
2019,"17-Jul",981,"GCL","video counter"
2019,"18-Jul",550,"GCL","video counter"
2019,"19-Jul",245,"GCL","video counter"
2019,"20-Jul",293,"GCL","video counter"
2019,"21-Jul",440,"GCL","video counter"
2019,"22-Jul",480,"GCL","video counter"
2019,"23-Jul",397,"GCL","video counter"
2019,"24-Jul",367,"GCL","video counter"
2019,"25-Jul",323,"GCL","video counter"
2019,"26-Jul",277,"GCL","video counter"
2019,"27-Jul",393,"GCL","video counter"
2019,"28-Jul",269,"GCL","video counter"
2019,"29-Jul",276,"GCL","video counter"
2019,"30-Jul",298,"GCL","video counter"
2019,"31-Jul",120,"GCL","video counter"
2019,"1-Aug",174,"GCL","video counter"
2019,"2-Aug",167,"GCL","video counter"
2019,"3-Aug",133,"GCL","video counter"
2019,"4-Aug",60,"GCL","video counter"
2019,"5-Aug",64,"GCL","video counter"
2019,"6-Aug",39,"GCL","video counter"
2019,"7-Aug",65,"GCL","video counter"
2019,"8-Aug",18,"GCL","video counter"
2019,"9-Aug",53,"GCL","video counter"
2019,"10-Aug",19,"GCL","video counter"
2019,"11-Aug",19,"GCL","video counter"
2019,"12-Aug",20,"GCL","video counter"
2019,"13-Aug",22,"GCL","video counter"
2019,"14-Aug",25,"GCL","video counter"
2019,"15-Aug",13,"GCL","video counter"
2019,"16-Aug",13,"GCL","video counter"
2019,"17-Aug",8,"GCL","video counter"
2019,"18-Aug",11,"GCL","video counter"
2019,"19-Aug",5,"GCL","video counter"
2019,"20-Aug",6,"GCL","video counter"
2019,"21-Aug",11,"GCL","video counter"
2019,"22-Aug",10,"GCL","video counter"
2019,"23-Aug",4,"GCL","video counter"
2019,"24-Aug",0,"GCL","video counter"
2019,"25-Aug",11,"GCL","video counter"
2019,"26-Aug",3,"GCL","video counter"
2019,"27-Aug",11,"GCL","video counter"
2019,"28-Aug",10,"GCL","video counter"
2019,"29-Aug",7,"GCL","video counter"
2019,"30-Aug",5,"GCL","video counter"
2019,"31-Aug",2,"GCL","video counter"
2019,"1-Sep",2,"GCL","video counter"
2019,"2-Sep",2,"GCL","video counter"
2019,"3-Sep",4,"GCL","video counter"
2019,"4-Sep",3,"GCL","video counter"
2019,"5-Sep",2,"GCL","video counter"
2019,"6-Sep",0,"GCL","video counter"
2019,"7-Sep",1,"GCL","video counter"
2019,"8-Sep",0,"GCL","video counter"
2019,"9-Sep",3,"GCL","video counter"
2019,"10-Sep",0,"GCL","video counter"
2019,"11-Sep",1,"GCL","video counter"
2019,"12-Sep",2,"GCL","video counter"
2019,"13-Sep",1,"GCL","video counter"
2019,"14-Sep",3,"GCL","video counter"
2019,"15-Sep",4,"GCL","video counter"
2019,"16-Sep",3,"GCL","video counter"
2019,"17-Sep",1,"GCL","video counter"
2019,"18-Sep",5,"GCL","video counter"
2019,"19-Sep",1,"GCL","video counter"
2019,"20-Sep",3,"GCL","video counter"
2019,"21-Sep",4,"GCL","video counter"
2019,"22-Sep",3,"GCL","video counter"
2019,"23-Sep",1,"GCL","video counter"
2019,"24-Sep",2,"GCL","video counter"
2019,"25-Sep",0,"GCL","video counter"
2019,"26-Sep",0,"GCL","video counter"
2019,"27-Sep",5,"GCL","video counter"
2019,"28-Sep",0,"GCL","video counter"
2019,"29-Sep",1,"GCL","video counter"
2019,"30-Sep",3,"GCL","video counter"
2019,"1-Oct",1,"GCL","video counter"
2019,"2-Oct",1,"GCL","video counter"
2019,"3-Oct",1,"GCL","video counter"
2019,"4-Oct",1,"GCL","video counter"
2019,"5-Oct",0,"GCL","video counter"
2019,"6-Oct",4,"GCL","video counter"
2019,"7-Oct",7,"GCL","video counter"
2019,"8-Oct",2,"GCL","video counter"
2019,"9-Oct",3,"GCL","video counter"
2019,"10-Oct",0,"GCL","video counter"
2019,"11-Oct",3,"GCL","video counter"
2019,"12-Oct",1,"GCL","video counter"
2019,"13-Oct",3,"GCL","video counter"
2019,"14-Oct",0,"GCL","video counter"
2019,"15-Oct",0,"GCL","video counter"
2019,"16-Oct",3,"GCL","video counter"
2019,"17-Oct",2,"GCL","video counter"
2019,"18-Oct",4,"GCL","video counter"
2019,"19-Oct",0,"GCL","video counter"
2019,"20-Oct",10,"GCL","video counter"
2019,"21-Oct",9,"GCL","video counter"
2019,"22-Oct",5,"GCL","video counter"
2019,"23-Oct",4,"GCL","video counter"
2019,"24-Oct",3,"GCL","video counter"
2019,"25-Oct",0,"GCL","video counter"
2019,"26-Oct",0,"GCL","video counter"
2019,"27-Oct",0,"GCL","video counter"
2019,"28-Oct",1,"GCL","video counter"
2019,"29-Oct",0,"GCL","video counter"
2019,"30-Oct",0,"GCL","video counter"
2019,"31-Oct",1,"GCL","video counter"
2019,"1-Nov",0,"GCL","video counter"
2019,"2-Nov",3,"GCL","video counter"
2019,"3-Nov",0,"GCL","video counter"
2019,"4-Nov",3,"GCL","video counter"
2019,"5-Nov",1,"GCL","video counter"
2019,"6-Nov",1,"GCL","video counter"
2019,"7-Nov",2,"GCL","video counter"
2019,"8-Nov",0,"GCL","video counter"
2019,"9-Nov",3,"GCL","video counter"
2019,"10-Nov",0,"GCL","video counter"
2019,"11-Nov",2,"GCL","video counter"
2019,"12-Nov",0,"GCL","video counter"
2019,"13-Nov",0,"GCL","video counter"
2019,"14-Nov",0,"GCL","video counter"
2019,"15-Nov",1,"GCL","video counter"
2019,"10-Apr",0,"SPR","video counter"
2019,"11-Apr",0,"SPR","video counter"
2019,"12-Apr",0,"SPR","video counter"
2019,"13-Apr",0,"SPR","video counter"
2019,"14-Apr",0,"SPR","video counter"
2019,"15-Apr",0,"SPR","video counter"
2019,"16-Apr",0,"SPR","video counter"
2019,"17-Apr",0,"SPR","video counter"
2019,"18-Apr",3,"SPR","video counter"
2019,"19-Apr",2,"SPR","video counter"
2019,"20-Apr",3,"SPR","video counter"
2019,"21-Apr",3,"SPR","video counter"
2019,"22-Apr",2,"SPR","video counter"
2019,"23-Apr",2,"SPR","video counter"
2019,"24-Apr",1,"SPR","video counter"
2019,"25-Apr",2,"SPR","video counter"
2019,"26-Apr",5,"SPR","video counter"
2019,"27-Apr",9,"SPR","video counter"
2019,"28-Apr",8,"SPR","video counter"
2019,"29-Apr",7,"SPR","video counter"
2019,"30-Apr",8,"SPR","video counter"
2019,"1-May",23,"SPR","video counter"
2019,"2-May",22,"SPR","video counter"
2019,"3-May",7,"SPR","video counter"
2019,"4-May",1,"SPR","video counter"
2019,"5-May",23,"SPR","video counter"
2019,"6-May",48,"SPR","video counter"
2019,"7-May",34,"SPR","video counter"
2019,"8-May",36,"SPR","video counter"
2019,"9-May",54,"SPR","video counter"
2019,"10-May",34,"SPR","video counter"
2019,"11-May",48,"SPR","video counter"
2019,"12-May",106,"SPR","video counter"
2019,"13-May",49,"SPR","video counter"
2019,"14-May",42,"SPR","video counter"
2019,"15-May",30,"SPR","video counter"
2019,"16-May",136,"SPR","video counter"
2019,"17-May",88,"SPR","video counter"
2019,"18-May",57,"SPR","video counter"
2019,"19-May",44,"SPR","video counter"
2019,"20-May",77,"SPR","video counter"
2019,"21-May",33,"SPR","video counter"
2019,"22-May",34,"SPR","video counter"
2019,"23-May",64,"SPR","video counter"
2019,"24-May",215,"SPR","video counter"
2019,"25-May",87,"SPR","video counter"
2019,"26-May",78,"SPR","video counter"
2019,"27-May",165,"SPR","video counter"
2019,"28-May",215,"SPR","video counter"
2019,"29-May",177,"SPR","video counter"
2019,"30-May",232,"SPR","video counter"
2019,"31-May",255,"SPR","video counter"
2019,"1-Jun",277,"SPR","video counter"
2019,"2-Jun",300,"SPR","video counter"
2019,"3-Jun",276,"SPR","video counter"
2019,"4-Jun",271,"SPR","video counter"
2019,"5-Jun",374,"SPR","video counter"
2019,"6-Jun",1074,"SPR","video counter"
2019,"7-Jun",1050,"SPR","video counter"
2019,"8-Jun",1427,"SPR","video counter"
2019,"9-Jun",540,"SPR","video counter"
2019,"10-Jun",655,"SPR","video counter"
2019,"11-Jun",343,"SPR","video counter"
2019,"12-Jun",732,"SPR","video counter"
2019,"13-Jun",794,"SPR","video counter"
2019,"14-Jun",458,"SPR","video counter"
2019,"15-Jun",246,"SPR","video counter"
2019,"16-Jun",837,"SPR","video counter"
2019,"17-Jun",187,"SPR","video counter"
2019,"18-Jun",289,"SPR","video counter"
2019,"19-Jun",1765,"SPR","video counter"
2019,"20-Jun",3524,"SPR","video counter"
2019,"21-Jun",3239,"SPR","video counter"
2019,"22-Jun",2454,"SPR","video counter"
2019,"23-Jun",2023,"SPR","video counter"
2019,"24-Jun",2022,"SPR","video counter"
2019,"25-Jun",3854,"SPR","video counter"
2019,"26-Jun",4979,"SPR","video counter"
2019,"27-Jun",7141,"SPR","video counter"
2019,"28-Jun",4689,"SPR","video counter"
2019,"29-Jun",2461,"SPR","video counter"
2019,"30-Jun",3896,"SPR","video counter"
2019,"1-Jul",5112,"SPR","video counter"
2019,"2-Jul",5406,"SPR","video counter"
2019,"3-Jul",2129,"SPR","video counter"
2019,"4-Jul",2651,"SPR","video counter"
2019,"5-Jul",3902,"SPR","video counter"
2019,"6-Jul",3271,"SPR","video counter"
2019,"7-Jul",3013,"SPR","video counter"
2019,"8-Jul",2200,"SPR","video counter"
2019,"9-Jul",4779,"SPR","video counter"
2019,"10-Jul",3184,"SPR","video counter"
2019,"11-Jul",5896,"SPR","video counter"
2019,"12-Jul",2449,"SPR","video counter"
2019,"13-Jul",3162,"SPR","video counter"
2019,"14-Jul",3847,"SPR","video counter"
2019,"15-Jul",2092,"SPR","video counter"
2019,"16-Jul",3354,"SPR","video counter"
2019,"17-Jul",1138,"SPR","video counter"
2019,"18-Jul",1617,"SPR","video counter"
2019,"19-Jul",1380,"SPR","video counter"
2019,"20-Jul",1746,"SPR","video counter"
2019,"21-Jul",496,"SPR","video counter"
2019,"22-Jul",1206,"SPR","video counter"
2019,"23-Jul",950,"SPR","video counter"
2019,"24-Jul",598,"SPR","video counter"
2019,"25-Jul",1266,"SPR","video counter"
2019,"26-Jul",289,"SPR","video counter"
2019,"27-Jul",605,"SPR","video counter"
2019,"28-Jul",852,"SPR","video counter"
2019,"29-Jul",393,"SPR","video counter"
2019,"30-Jul",573,"SPR","video counter"
2019,"31-Jul",459,"SPR","video counter"
2019,"1-Aug",384,"SPR","video counter"
2019,"2-Aug",816,"SPR","video counter"
2019,"3-Aug",376,"SPR","video counter"
2019,"4-Aug",431,"SPR","video counter"
2019,"5-Aug",204,"SPR","video counter"
2019,"6-Aug",283,"SPR","video counter"
2019,"7-Aug",197,"SPR","video counter"
2019,"8-Aug",223,"SPR","video counter"
2019,"9-Aug",163,"SPR","video counter"
2019,"10-Aug",152,"SPR","video counter"
2019,"11-Aug",79,"SPR","video counter"
2019,"12-Aug",93,"SPR","video counter"
2019,"13-Aug",148,"SPR","video counter"
2019,"14-Aug",68,"SPR","video counter"
2019,"15-Aug",43,"SPR","video counter"
2019,"16-Aug",44,"SPR","video counter"
2019,"17-Aug",14,"SPR","video counter"
2019,"18-Aug",13,"SPR","video counter"
2019,"19-Aug",21,"SPR","video counter"
2019,"20-Aug",11,"SPR","video counter"
2019,"21-Aug",21,"SPR","video counter"
2019,"22-Aug",18,"SPR","video counter"
2019,"23-Aug",20,"SPR","video counter"
2019,"24-Aug",11,"SPR","video counter"
2019,"25-Aug",12,"SPR","video counter"
2019,"26-Aug",13,"SPR","video counter"
2019,"27-Aug",17,"SPR","video counter"
2019,"28-Aug",9,"SPR","video counter"
2019,"29-Aug",5,"SPR","video counter"
2019,"30-Aug",6,"SPR","video counter"
2019,"31-Aug",4,"SPR","video counter"
2019,"1-Sep",0,"SPR","video counter"
2019,"2-Sep",1,"SPR","video counter"
2019,"3-Sep",3,"SPR","video counter"
2019,"4-Sep",3,"SPR","video counter"
2019,"5-Sep",0,"SPR","video counter"
2019,"6-Sep",2,"SPR","video counter"
2019,"7-Sep",1,"SPR","video counter"
2019,"8-Sep",0,"SPR","video counter"
2019,"9-Sep",1,"SPR","video counter"
2019,"10-Sep",1,"SPR","video counter"
2019,"11-Sep",1,"SPR","video counter"
2019,"12-Sep",2,"SPR","video counter"
2019,"13-Sep",21,"SPR","video counter"
2019,"14-Sep",37,"SPR","video counter"
2019,"15-Sep",13,"SPR","video counter"
2019,"16-Sep",12,"SPR","video counter"
2019,"17-Sep",11,"SPR","video counter"
2019,"18-Sep",10,"SPR","video counter"
2019,"19-Sep",19,"SPR","video counter"
2019,"20-Sep",6,"SPR","video counter"
2019,"21-Sep",11,"SPR","video counter"
2019,"22-Sep",7,"SPR","video counter"
2019,"23-Sep",12,"SPR","video counter"
2019,"24-Sep",11,"SPR","video counter"
2019,"25-Sep",2,"SPR","video counter"
2019,"26-Sep",5,"SPR","video counter"
2019,"27-Sep",4,"SPR","video counter"
2019,"28-Sep",5,"SPR","video counter"
2019,"29-Sep",2,"SPR","video counter"
2019,"30-Sep",6,"SPR","video counter"
2019,"1-Oct",4,"SPR","video counter"
2019,"2-Oct",6,"SPR","video counter"
2019,"3-Oct",3,"SPR","video counter"
2019,"4-Oct",1,"SPR","video counter"
2019,"5-Oct",8,"SPR","video counter"
2019,"6-Oct",9,"SPR","video counter"
2019,"7-Oct",8,"SPR","video counter"
2019,"8-Oct",8,"SPR","video counter"
2019,"9-Oct",8,"SPR","video counter"
2019,"10-Oct",11,"SPR","video counter"
2019,"11-Oct",3,"SPR","video counter"
2019,"12-Oct",4,"SPR","video counter"
2019,"13-Oct",2,"SPR","video counter"
2019,"14-Oct",1,"SPR","video counter"
2019,"15-Oct",1,"SPR","video counter"
2019,"16-Oct",7,"SPR","video counter"
2019,"17-Oct",9,"SPR","video counter"
2019,"18-Oct",8,"SPR","video counter"
2019,"19-Oct",101,"SPR","video counter"
2019,"20-Oct",58,"SPR","video counter"
2019,"21-Oct",45,"SPR","video counter"
2019,"22-Oct",41,"SPR","video counter"
2019,"23-Oct",32,"SPR","video counter"
2019,"24-Oct",17,"SPR","video counter"
2019,"25-Oct",4,"SPR","video counter"
2019,"26-Oct",6,"SPR","video counter"
2019,"27-Oct",16,"SPR","video counter"
2019,"28-Oct",16,"SPR","video counter"
2019,"29-Oct",0,"SPR","video counter"
2019,"30-Oct",2,"SPR","video counter"
2019,"31-Oct",5,"SPR","video counter"
2019,"1-Nov",6,"SPR","video counter"
2019,"2-Nov",3,"SPR","video counter"
2019,"3-Nov",7,"SPR","video counter"
2019,"4-Nov",2,"SPR","video counter"
2019,"5-Nov",2,"SPR","video counter"
2019,"6-Nov",2,"SPR","video counter"
2019,"7-Nov",1,"SPR","video counter"
2019,"8-Nov",7,"SPR","video counter"
2019,"9-Nov",1,"SPR","video counter"
2019,"10-Nov",2,"SPR","video counter"
2019,"11-Nov",1,"SPR","video counter"
2019,"12-Nov",3,"SPR","video counter"
2019,"13-Nov",2,"SPR","video counter"
2019,"14-Nov",2,"SPR","video counter"
2019,"15-Nov",2,"SPR","video counter"
2018,"1-May",0,"GCL","video counter"
2018,"2-May",0,"GCL","video counter"
2018,"3-May",0,"GCL","video counter"
2018,"4-May",0,"GCL","video counter"
2018,"5-May",0,"GCL","video counter"
2018,"6-May",0,"GCL","video counter"
2018,"7-May",0,"GCL","video counter"
2018,"8-May",0,"GCL","video counter"
2018,"9-May",0,"GCL","video counter"
2018,"10-May",0,"GCL","video counter"
2018,"11-May",0,"GCL","video counter"
2018,"12-May",0,"GCL","video counter"
2018,"13-May",0,"GCL","video counter"
2018,"14-May",0,"GCL","video counter"
2018,"15-May",0,"GCL","video counter"
2018,"16-May",0,"GCL","video counter"
2018,"17-May",0,"GCL","video counter"
2018,"18-May",0,"GCL","video counter"
2018,"19-May",0,"GCL","video counter"
2018,"20-May",0,"GCL","video counter"
2018,"21-May",0,"GCL","video counter"
2018,"22-May",0,"GCL","video counter"
2018,"23-May",1.01,"GCL","video counter"
2018,"24-May",1.01,"GCL","video counter"
2018,"25-May",0,"GCL","video counter"
2018,"26-May",1.01,"GCL","video counter"
2018,"27-May",0,"GCL","video counter"
2018,"28-May",1.01,"GCL","video counter"
2018,"29-May",0,"GCL","video counter"
2018,"30-May",3.01,"GCL","video counter"
2018,"31-May",2,"GCL","video counter"
2018,"1-Jun",7.01,"GCL","video counter"
2018,"2-Jun",9.01,"GCL","video counter"
2018,"3-Jun",13,"GCL","video counter"
2018,"4-Jun",31,"GCL","video counter"
2018,"5-Jun",30,"GCL","video counter"
2018,"6-Jun",14.01,"GCL","video counter"
2018,"7-Jun",115.01,"GCL","video counter"
2018,"8-Jun",59.01,"GCL","video counter"
2018,"9-Jun",7.01,"GCL","video counter"
2018,"10-Jun",11,"GCL","video counter"
2018,"11-Jun",36,"GCL","video counter"
2018,"12-Jun",180.01,"GCL","video counter"
2018,"13-Jun",336.03,"GCL","video counter"
2018,"14-Jun",446.05,"GCL","video counter"
2018,"15-Jun",334.03,"GCL","video counter"
2018,"16-Jun",124.01,"GCL","video counter"
2018,"17-Jun",325.04,"GCL","video counter"
2018,"18-Jun",770.09,"GCL","video counter"
2018,"19-Jun",738.08,"GCL","video counter"
2018,"20-Jun",471.04,"GCL","video counter"
2018,"21-Jun",279.03,"GCL","video counter"
2018,"22-Jun",464.05,"GCL","video counter"
2018,"23-Jun",226,"GCL","video counter"
2018,"24-Jun",1357,"GCL","video counter"
2018,"25-Jun",707,"GCL","video counter"
2018,"26-Jun",814.08,"GCL","video counter"
2018,"27-Jun",1432.14,"GCL","video counter"
2018,"28-Jun",1245.01,"GCL","video counter"
2018,"29-Jun",2030,"GCL","video counter"
2018,"30-Jun",2047,"GCL","video counter"
2018,"1-Jul",2412,"GCL","video counter"
2018,"2-Jul",1903,"GCL","video counter"
2018,"3-Jul",2510.01,"GCL","video counter"
2018,"4-Jul",2237.77,"GCL","video counter"
2018,"5-Jul",1365.13,"GCL","video counter"
2018,"6-Jul",1061.99,"GCL","video counter"
2018,"7-Jul",1319.13,"GCL","video counter"
2018,"8-Jul",786.92,"GCL","video counter"
2018,"9-Jul",1871,"GCL","video counter"
2018,"10-Jul",786.09,"GCL","video counter"
2018,"11-Jul",604.01,"GCL","video counter"
2018,"12-Jul",777.92,"GCL","video counter"
2018,"13-Jul",520.06,"GCL","video counter"
2018,"14-Jul",293,"GCL","video counter"
2018,"15-Jul",459.03,"GCL","video counter"
2018,"16-Jul",430.99,"GCL","video counter"
2018,"17-Jul",379.96,"GCL","video counter"
2018,"18-Jul",322.03,"GCL","video counter"
2018,"19-Jul",380.01,"GCL","video counter"
2018,"20-Jul",255.97,"GCL","video counter"
2018,"21-Jul",203.98,"GCL","video counter"
2018,"22-Jul",237.99,"GCL","video counter"
2018,"23-Jul",260.01,"GCL","video counter"
2018,"24-Jul",129.01,"GCL","video counter"
2018,"25-Jul",217.99,"GCL","video counter"
2018,"26-Jul",190.99,"GCL","video counter"
2018,"27-Jul",136.01,"GCL","video counter"
2018,"28-Jul",88,"GCL","video counter"
2018,"29-Jul",73.99,"GCL","video counter"
2018,"30-Jul",156.99,"GCL","video counter"
2018,"31-Jul",46.99,"GCL","video counter"
2018,"1-Aug",64.99,"GCL","video counter"
2018,"2-Aug",101,"GCL","video counter"
2018,"3-Aug",51,"GCL","video counter"
2018,"4-Aug",38.99,"GCL","video counter"
2018,"5-Aug",81,"GCL","video counter"
2018,"6-Aug",46,"GCL","video counter"
2018,"7-Aug",23.99,"GCL","video counter"
2018,"8-Aug",14,"GCL","video counter"
2018,"9-Aug",36.01,"GCL","video counter"
2018,"10-Aug",11,"GCL","video counter"
2018,"11-Aug",19,"GCL","video counter"
2018,"12-Aug",19,"GCL","video counter"
2018,"13-Aug",22,"GCL","video counter"
2018,"14-Aug",14,"GCL","video counter"
2018,"15-Aug",21.01,"GCL","video counter"
2018,"16-Aug",12.99,"GCL","video counter"
2018,"17-Aug",16.01,"GCL","video counter"
2018,"18-Aug",37.99,"GCL","video counter"
2018,"19-Aug",37.99,"GCL","video counter"
2018,"20-Aug",19.99,"GCL","video counter"
2018,"21-Aug",16.01,"GCL","video counter"
2018,"22-Aug",67,"GCL","video counter"
2018,"23-Aug",39.99,"GCL","video counter"
2018,"24-Aug",36.01,"GCL","video counter"
2018,"25-Aug",30.01,"GCL","video counter"
2018,"26-Aug",36.01,"GCL","video counter"
2018,"27-Aug",30.99,"GCL","video counter"
2018,"28-Aug",68,"GCL","video counter"
2018,"29-Aug",123.99,"GCL","video counter"
2018,"30-Aug",51,"GCL","video counter"
2018,"31-Aug",37.99,"GCL","video counter"
2018,"1-Sep",23.01,"GCL","video counter"
2018,"2-Sep",19.99,"GCL","video counter"
2018,"3-Sep",39.99,"GCL","video counter"
2018,"4-Sep",34.01,"GCL","video counter"
2018,"5-Sep",27,"GCL","video counter"
2018,"6-Sep",30.01,"GCL","video counter"
2018,"7-Sep",17.99,"GCL","video counter"
2018,"8-Sep",12,"GCL","video counter"
2018,"9-Sep",5,"GCL","video counter"
2018,"10-Sep",5,"GCL","video counter"
2018,"11-Sep",5.99,"GCL","video counter"
2018,"12-Sep",1,"GCL","video counter"
2018,"13-Sep",3.99,"GCL","video counter"
2018,"14-Sep",7.01,"GCL","video counter"
2018,"15-Sep",5,"GCL","video counter"
2018,"16-Sep",0,"GCL","video counter"
2018,"17-Sep",0,"GCL","video counter"
2018,"18-Sep",0,"GCL","video counter"
2018,"19-Sep",3.01,"GCL","video counter"
2018,"20-Sep",0,"GCL","video counter"
2018,"21-Sep",3.01,"GCL","video counter"
2018,"22-Sep",3.01,"GCL","video counter"
2018,"23-Sep",0,"GCL","video counter"
2018,"24-Sep",0,"GCL","video counter"
2018,"25-Sep",0,"GCL","video counter"
2018,"26-Sep",3.01,"GCL","video counter"
2018,"27-Sep",5.99,"GCL","video counter"
2018,"28-Sep",2.01,"GCL","video counter"
2018,"29-Sep",3.99,"GCL","video counter"
2018,"30-Sep",5,"GCL","video counter"
2018,"1-Oct",1,"GCL","video counter"
2018,"2-Oct",0,"GCL","video counter"
2018,"3-Oct",3.99,"GCL","video counter"
2018,"4-Oct",0,"GCL","video counter"
2018,"5-Oct",0,"GCL","video counter"
2018,"6-Oct",0,"GCL","video counter"
2018,"7-Oct",1,"GCL","video counter"
2018,"8-Oct",2.01,"GCL","video counter"
2018,"9-Oct",2.01,"GCL","video counter"
2018,"10-Oct",1,"GCL","video counter"
2018,"11-Oct",0,"GCL","video counter"
2018,"12-Oct",0,"GCL","video counter"
2018,"13-Oct",0,"GCL","video counter"
2018,"14-Oct",0,"GCL","video counter"
2018,"15-Oct",2.01,"GCL","video counter"
2018,"16-Oct",0,"GCL","video counter"
2018,"17-Oct",0,"GCL","video counter"
2018,"18-Oct",0,"GCL","video counter"
2018,"19-Oct",0,"GCL","video counter"
2018,"20-Oct",3.99,"GCL","video counter"
2018,"21-Oct",0,"GCL","video counter"
2018,"22-Oct",0,"GCL","video counter"
2018,"23-Oct",0,"GCL","video counter"
2018,"24-Oct",2.01,"GCL","video counter"
2018,"25-Oct",3.01,"GCL","video counter"
2018,"26-Oct",5,"GCL","video counter"
2018,"27-Oct",0,"GCL","video counter"
2018,"28-Oct",3.99,"GCL","video counter"
2018,"29-Oct",2.01,"GCL","video counter"
2018,"30-Oct",2.01,"GCL","video counter"
2018,"31-Oct",1,"GCL","video counter"
2018,"1-Nov",0,"GCL","video counter"
2018,"2-Nov",1,"GCL","video counter"
2018,"3-Nov",5,"GCL","video counter"
2018,"4-Nov",0,"GCL","video counter"
2018,"5-Nov",0,"GCL","video counter"
2018,"6-Nov",1,"GCL","video counter"
2018,"7-Nov",1,"GCL","video counter"
2018,"8-Nov",0,"GCL","video counter"
2018,"9-Nov",0,"GCL","video counter"
2018,"10-Nov",0,"GCL","video counter"
2018,"11-Nov",0,"GCL","video counter"
2018,"12-Nov",0,"GCL","video counter"
2018,"13-Nov",0,"GCL","video counter"
2018,"14-Nov",0,"GCL","video counter"
2018,"15-Nov",0,"GCL","video counter"
2018,"10-Apr",0,"SPR","video counter"
2018,"11-Apr",0,"SPR","video counter"
2018,"12-Apr",0,"SPR","video counter"
2018,"13-Apr",0,"SPR","video counter"
2018,"14-Apr",0,"SPR","video counter"
2018,"15-Apr",0,"SPR","video counter"
2018,"16-Apr",0,"SPR","video counter"
2018,"17-Apr",0,"SPR","video counter"
2018,"18-Apr",0,"SPR","video counter"
2018,"19-Apr",0,"SPR","video counter"
2018,"20-Apr",0,"SPR","video counter"
2018,"21-Apr",0,"SPR","video counter"
2018,"22-Apr",0,"SPR","video counter"
2018,"23-Apr",0,"SPR","video counter"
2018,"24-Apr",0,"SPR","video counter"
2018,"25-Apr",0,"SPR","video counter"
2018,"26-Apr",0,"SPR","video counter"
2018,"27-Apr",0,"SPR","video counter"
2018,"28-Apr",0,"SPR","video counter"
2018,"29-Apr",0,"SPR","video counter"
2018,"30-Apr",0,"SPR","video counter"
2018,"1-May",0,"SPR","video counter"
2018,"2-May",0,"SPR","video counter"
2018,"3-May",0,"SPR","video counter"
2018,"4-May",0,"SPR","video counter"
2018,"5-May",0,"SPR","video counter"
2018,"6-May",3,"SPR","video counter"
2018,"7-May",7,"SPR","video counter"
2018,"8-May",5,"SPR","video counter"
2018,"9-May",24,"SPR","video counter"
2018,"10-May",4,"SPR","video counter"
2018,"11-May",9,"SPR","video counter"
2018,"12-May",1,"SPR","video counter"
2018,"13-May",12,"SPR","video counter"
2018,"14-May",21,"SPR","video counter"
2018,"15-May",31.01,"SPR","video counter"
2018,"16-May",51,"SPR","video counter"
2018,"17-May",29,"SPR","video counter"
2018,"18-May",32,"SPR","video counter"
2018,"19-May",57,"SPR","video counter"
2018,"20-May",25,"SPR","video counter"
2018,"21-May",68,"SPR","video counter"
2018,"22-May",99,"SPR","video counter"
2018,"23-May",132.99,"SPR","video counter"
2018,"24-May",152.01,"SPR","video counter"
2018,"25-May",228,"SPR","video counter"
2018,"26-May",109,"SPR","video counter"
2018,"27-May",168.99,"SPR","video counter"
2018,"28-May",207,"SPR","video counter"
2018,"29-May",460.98,"SPR","video counter"
2018,"30-May",363,"SPR","video counter"
2018,"31-May",167,"SPR","video counter"
2018,"1-Jun",364.04,"SPR","video counter"
2018,"2-Jun",501,"SPR","video counter"
2018,"3-Jun",673.01,"SPR","video counter"
2018,"4-Jun",888.16,"SPR","video counter"
2018,"5-Jun",1376.86,"SPR","video counter"
2018,"6-Jun",1083.99,"SPR","video counter"
2018,"7-Jun",645,"SPR","video counter"
2018,"8-Jun",1426.02,"SPR","video counter"
2018,"9-Jun",1218.01,"SPR","video counter"
2018,"10-Jun",1080.99,"SPR","video counter"
2018,"11-Jun",1174.89,"SPR","video counter"
2018,"12-Jun",1930.8,"SPR","video counter"
2018,"13-Jun",1465.86,"SPR","video counter"
2018,"14-Jun",1316.86,"SPR","video counter"
2018,"15-Jun",1125,"SPR","video counter"
2018,"16-Jun",2676,"SPR","video counter"
2018,"17-Jun",2695,"SPR","video counter"
2018,"18-Jun",1658,"SPR","video counter"
2018,"19-Jun",2105,"SPR","video counter"
2018,"20-Jun",1508,"SPR","video counter"
2018,"21-Jun",1707.83,"SPR","video counter"
2018,"22-Jun",2167.01,"SPR","video counter"
2018,"23-Jun",4122.57,"SPR","video counter"
2018,"24-Jun",5963.4,"SPR","video counter"
2018,"25-Jun",6347.37,"SPR","video counter"
2018,"26-Jun",3503.01,"SPR","video counter"
2018,"27-Jun",4252.57,"SPR","video counter"
2018,"28-Jun",9609.96,"SPR","video counter"
2018,"29-Jun",9055,"SPR","video counter"
2018,"30-Jun",7686,"SPR","video counter"
2018,"1-Jul",4849,"SPR","video counter"
2018,"2-Jul",5080.5,"SPR","video counter"
2018,"3-Jul",8680.12,"SPR","video counter"
2018,"4-Jul",8154.99,"SPR","video counter"
2018,"5-Jul",6016.6,"SPR","video counter"
2018,"6-Jul",3936,"SPR","video counter"
2018,"7-Jul",6225.99,"SPR","video counter"
2018,"8-Jul",4835.52,"SPR","video counter"
2018,"9-Jul",5388.53,"SPR","video counter"
2018,"10-Jul",2607,"SPR","video counter"
2018,"11-Jul",1440.86,"SPR","video counter"
2018,"12-Jul",2701,"SPR","video counter"
2018,"13-Jul",1096.88,"SPR","video counter"
2018,"14-Jul",939.1,"SPR","video counter"
2018,"15-Jul",1402.87,"SPR","video counter"
2018,"16-Jul",1717.16,"SPR","video counter"
2018,"17-Jul",813.93,"SPR","video counter"
2018,"18-Jul",521.95,"SPR","video counter"
2018,"19-Jul",1035.01,"SPR","video counter"
2018,"20-Jul",569,"SPR","video counter"
2018,"21-Jul",862.09,"SPR","video counter"
2018,"22-Jul",727.93,"SPR","video counter"
2018,"23-Jul",543.06,"SPR","video counter"
2018,"24-Jul",186.02,"SPR","video counter"
2018,"25-Jul",411.01,"SPR","video counter"
2018,"26-Jul",123,"SPR","video counter"
2018,"27-Jul",79,"SPR","video counter"
2018,"28-Jul",89,"SPR","video counter"
2018,"29-Jul",146.01,"SPR","video counter"
2018,"30-Jul",25,"SPR","video counter"
2018,"31-Jul",76,"SPR","video counter"
2018,"1-Aug",20,"SPR","video counter"
2018,"2-Aug",162.99,"SPR","video counter"
2018,"3-Aug",67,"SPR","video counter"
2018,"4-Aug",123.97,"SPR","video counter"
2018,"5-Aug",128,"SPR","video counter"
2018,"6-Aug",77,"SPR","video counter"
2018,"7-Aug",50,"SPR","video counter"
2018,"8-Aug",4,"SPR","video counter"
2018,"9-Aug",2,"SPR","video counter"
2018,"10-Aug",3.01,"SPR","video counter"
2018,"11-Aug",6,"SPR","video counter"
2018,"12-Aug",17.99,"SPR","video counter"
2018,"13-Aug",89.99,"SPR","video counter"
2018,"14-Aug",57.99,"SPR","video counter"
2018,"15-Aug",15.99,"SPR","video counter"
2018,"16-Aug",13.99,"SPR","video counter"
2018,"17-Aug",42.99,"SPR","video counter"
2018,"18-Aug",68.99,"SPR","video counter"
2018,"19-Aug",99.99,"SPR","video counter"
2018,"20-Aug",46.98,"SPR","video counter"
2018,"21-Aug",38.99,"SPR","video counter"
2018,"22-Aug",86,"SPR","video counter"
2018,"23-Aug",122.98,"SPR","video counter"
2018,"24-Aug",53.99,"SPR","video counter"
2018,"25-Aug",40,"SPR","video counter"
2018,"26-Aug",86,"SPR","video counter"
2018,"27-Aug",105.99,"SPR","video counter"
2018,"28-Aug",36,"SPR","video counter"
2018,"29-Aug",172.98,"SPR","video counter"
2018,"30-Aug",93.99,"SPR","video counter"
2018,"31-Aug",13.99,"SPR","video counter"
2018,"1-Sep",5.01,"SPR","video counter"
2018,"2-Sep",9.01,"SPR","video counter"
2018,"3-Sep",19,"SPR","video counter"
2018,"4-Sep",7.01,"SPR","video counter"
2018,"5-Sep",11,"SPR","video counter"
2018,"6-Sep",2,"SPR","video counter"
2018,"7-Sep",3.01,"SPR","video counter"
2018,"8-Sep",3.01,"SPR","video counter"
2018,"9-Sep",4,"SPR","video counter"
2018,"10-Sep",7.01,"SPR","video counter"
2018,"11-Sep",9.01,"SPR","video counter"
2018,"12-Sep",7.99,"SPR","video counter"
2018,"13-Sep",21.99,"SPR","video counter"
2018,"14-Sep",55.01,"SPR","video counter"
2018,"15-Sep",42,"SPR","video counter"
2018,"16-Sep",19,"SPR","video counter"
2018,"17-Sep",84,"SPR","video counter"
2018,"18-Sep",69.98,"SPR","video counter"
2018,"19-Sep",21,"SPR","video counter"
2018,"20-Sep",19,"SPR","video counter"
2018,"21-Sep",38.99,"SPR","video counter"
2018,"22-Sep",86.98,"SPR","video counter"
2018,"23-Sep",38.99,"SPR","video counter"
2018,"24-Sep",21,"SPR","video counter"
2018,"25-Sep",17,"SPR","video counter"
2018,"26-Sep",9.01,"SPR","video counter"
2018,"27-Sep",7.99,"SPR","video counter"
2018,"28-Sep",6,"SPR","video counter"
2018,"29-Sep",4,"SPR","video counter"
2018,"30-Sep",6,"SPR","video counter"
2018,"1-Oct",3.01,"SPR","video counter"
2018,"2-Oct",0,"SPR","video counter"
2018,"3-Oct",15.99,"SPR","video counter"
2018,"4-Oct",4,"SPR","video counter"
2018,"5-Oct",1.02,"SPR","video counter"
2018,"6-Oct",4,"SPR","video counter"
2018,"7-Oct",2,"SPR","video counter"
2018,"8-Oct",3.01,"SPR","video counter"
2018,"9-Oct",0,"SPR","video counter"
2018,"10-Oct",2,"SPR","video counter"
2018,"11-Oct",0,"SPR","video counter"
2018,"12-Oct",0,"SPR","video counter"
2018,"13-Oct",1.02,"SPR","video counter"
2018,"14-Oct",0,"SPR","video counter"
2018,"15-Oct",0,"SPR","video counter"
2018,"16-Oct",0,"SPR","video counter"
2018,"17-Oct",2,"SPR","video counter"
2018,"18-Oct",2,"SPR","video counter"
2018,"19-Oct",4,"SPR","video counter"
2018,"20-Oct",2,"SPR","video counter"
2018,"21-Oct",0,"SPR","video counter"
2018,"22-Oct",1.02,"SPR","video counter"
2018,"23-Oct",1.02,"SPR","video counter"
2018,"24-Oct",4,"SPR","video counter"
2018,"25-Oct",4,"SPR","video counter"
2018,"26-Oct",4,"SPR","video counter"
2018,"27-Oct",7.01,"SPR","video counter"
2018,"28-Oct",4,"SPR","video counter"
2018,"29-Oct",13.99,"SPR","video counter"
2018,"30-Oct",11.99,"SPR","video counter"
2018,"31-Oct",7.01,"SPR","video counter"
2018,"1-Nov",3.01,"SPR","video counter"
2018,"2-Nov",7.99,"SPR","video counter"
2018,"3-Nov",2,"SPR","video counter"
2018,"4-Nov",1.02,"SPR","video counter"
2018,"5-Nov",3.01,"SPR","video counter"
2018,"6-Nov",3.01,"SPR","video counter"
2018,"7-Nov",0,"SPR","video counter"
2018,"8-Nov",3.01,"SPR","video counter"
2018,"9-Nov",1.02,"SPR","video counter"
2018,"10-Nov",2,"SPR","video counter"
2018,"11-Nov",1.02,"SPR","video counter"
2018,"12-Nov",1.02,"SPR","video counter"
2018,"13-Nov",1.02,"SPR","video counter"
2018,"14-Nov",0,"SPR","video counter"
2018,"15-Nov",0,"SPR","video counter"
2017,"1-May",0,"GCL","video counter"
2017,"2-May",0,"GCL","video counter"
2017,"3-May",0,"GCL","video counter"
2017,"4-May",0,"GCL","video counter"
2017,"5-May",0,"GCL","video counter"
2017,"6-May",0,"GCL","video counter"
2017,"7-May",0,"GCL","video counter"
2017,"8-May",0,"GCL","video counter"
2017,"9-May",0,"GCL","video counter"
2017,"10-May",0,"GCL","video counter"
2017,"11-May",2.01,"GCL","video counter"
2017,"12-May",1,"GCL","video counter"
2017,"13-May",0,"GCL","video counter"
2017,"14-May",1,"GCL","video counter"
2017,"15-May",0,"GCL","video counter"
2017,"16-May",0,"GCL","video counter"
2017,"17-May",0,"GCL","video counter"
2017,"18-May",4,"GCL","video counter"
2017,"19-May",0,"GCL","video counter"
2017,"20-May",1,"GCL","video counter"
2017,"21-May",3,"GCL","video counter"
2017,"22-May",3,"GCL","video counter"
2017,"23-May",5.01,"GCL","video counter"
2017,"24-May",0,"GCL","video counter"
2017,"25-May",2.01,"GCL","video counter"
2017,"26-May",0,"GCL","video counter"
2017,"27-May",1,"GCL","video counter"
2017,"28-May",0,"GCL","video counter"
2017,"29-May",3,"GCL","video counter"
2017,"30-May",0,"GCL","video counter"
2017,"31-May",1,"GCL","video counter"
2017,"1-Jun",2.01,"GCL","video counter"
2017,"2-Jun",6,"GCL","video counter"
2017,"3-Jun",4,"GCL","video counter"
2017,"4-Jun",84.01,"GCL","video counter"
2017,"5-Jun",447,"GCL","video counter"
2017,"6-Jun",787,"GCL","video counter"
2017,"7-Jun",588,"GCL","video counter"
2017,"8-Jun",439,"GCL","video counter"
2017,"9-Jun",291,"GCL","video counter"
2017,"10-Jun",296.01,"GCL","video counter"
2017,"11-Jun",356,"GCL","video counter"
2017,"12-Jun",854,"GCL","video counter"
2017,"13-Jun",1523,"GCL","video counter"
2017,"14-Jun",2718,"GCL","video counter"
2017,"15-Jun",3588.35,"GCL","video counter"
2017,"16-Jun",873.01,"GCL","video counter"
2017,"17-Jun",5057.99,"GCL","video counter"
2017,"18-Jun",3320.34,"GCL","video counter"
2017,"19-Jun",4853,"GCL","video counter"
2017,"20-Jun",3242.01,"GCL","video counter"
2017,"21-Jun",4662,"GCL","video counter"
2017,"22-Jun",4443.01,"GCL","video counter"
2017,"23-Jun",4580.45,"GCL","video counter"
2017,"24-Jun",6316.01,"GCL","video counter"
2017,"25-Jun",5268.52,"GCL","video counter"
2017,"26-Jun",2843.72,"GCL","video counter"
2017,"27-Jun",2100,"GCL","video counter"
2017,"28-Jun",7308,"GCL","video counter"
2017,"29-Jun",7491.01,"GCL","video counter"
2017,"30-Jun",5897.42,"GCL","video counter"
2017,"1-Jul",6768.68,"GCL","video counter"
2017,"2-Jul",2301.76,"GCL","video counter"
2017,"3-Jul",2136,"GCL","video counter"
2017,"4-Jul",2705.01,"GCL","video counter"
2017,"5-Jul",1829,"GCL","video counter"
2017,"6-Jul",2122,"GCL","video counter"
2017,"7-Jul",2583.01,"GCL","video counter"
2017,"8-Jul",1874.82,"GCL","video counter"
2017,"9-Jul",1988.2,"GCL","video counter"
2017,"10-Jul",1448,"GCL","video counter"
2017,"11-Jul",652,"GCL","video counter"
2017,"12-Jul",865.08,"GCL","video counter"
2017,"13-Jul",1398,"GCL","video counter"
2017,"14-Jul",1065,"GCL","video counter"
2017,"15-Jul",2885.01,"GCL","video counter"
2017,"16-Jul",2224,"GCL","video counter"
2017,"17-Jul",1142,"GCL","video counter"
2017,"18-Jul",2361.24,"GCL","video counter"
2017,"19-Jul",4074.41,"GCL","video counter"
2017,"20-Jul",3592.01,"GCL","video counter"
2017,"21-Jul",1926.2,"GCL","video counter"
2017,"22-Jul",930.01,"GCL","video counter"
2017,"23-Jul",733.06,"GCL","video counter"
2017,"24-Jul",875.9,"GCL","video counter"
2017,"25-Jul",976,"GCL","video counter"
2017,"26-Jul",1003.01,"GCL","video counter"
2017,"27-Jul",877.92,"GCL","video counter"
2017,"28-Jul",702.07,"GCL","video counter"
2017,"29-Jul",488,"GCL","video counter"
2017,"30-Jul",341,"GCL","video counter"
2017,"31-Jul",283.02,"GCL","video counter"
2017,"1-Aug",201.97,"GCL","video counter"
2017,"2-Aug",156.97,"GCL","video counter"
2017,"3-Aug",81.99,"GCL","video counter"
2017,"4-Aug",84.98,"GCL","video counter"
2017,"5-Aug",77.98,"GCL","video counter"
2017,"6-Aug",74.99,"GCL","video counter"
2017,"7-Aug",272.98,"GCL","video counter"
2017,"8-Aug",456.94,"GCL","video counter"
2017,"9-Aug",312.96,"GCL","video counter"
2017,"10-Aug",213.98,"GCL","video counter"
2017,"11-Aug",185.98,"GCL","video counter"
2017,"12-Aug",146.98,"GCL","video counter"
2017,"13-Aug",84,"GCL","video counter"
2017,"14-Aug",39.99,"GCL","video counter"
2017,"15-Aug",46.99,"GCL","video counter"
2017,"16-Aug",103.99,"GCL","video counter"
2017,"17-Aug",109.99,"GCL","video counter"
2017,"18-Aug",81.99,"GCL","video counter"
2017,"19-Aug",49,"GCL","video counter"
2017,"20-Aug",75.99,"GCL","video counter"
2017,"21-Aug",47.99,"GCL","video counter"
2017,"22-Aug",52,"GCL","video counter"
2017,"23-Aug",40.99,"GCL","video counter"
2017,"24-Aug",50.02,"GCL","video counter"
2017,"25-Aug",19.99,"GCL","video counter"
2017,"26-Aug",18.99,"GCL","video counter"
2017,"27-Aug",22.99,"GCL","video counter"
2017,"28-Aug",26.99,"GCL","video counter"
2017,"29-Aug",15.99,"GCL","video counter"
2017,"30-Aug",21,"GCL","video counter"
2017,"31-Aug",15.01,"GCL","video counter"
2017,"1-Sep",18.99,"GCL","video counter"
2017,"2-Sep",11,"GCL","video counter"
2017,"3-Sep",18.99,"GCL","video counter"
2017,"4-Sep",12.99,"GCL","video counter"
2017,"5-Sep",25.99,"GCL","video counter"
2017,"6-Sep",19.99,"GCL","video counter"
2017,"7-Sep",15.01,"GCL","video counter"
2017,"8-Sep",5.01,"GCL","video counter"
2017,"9-Sep",1.01,"GCL","video counter"
2017,"10-Sep",3,"GCL","video counter"
2017,"11-Sep",5.99,"GCL","video counter"
2017,"12-Sep",5.01,"GCL","video counter"
2017,"13-Sep",5.99,"GCL","video counter"
2017,"14-Sep",0,"GCL","video counter"
2017,"15-Sep",5.01,"GCL","video counter"
2017,"16-Sep",1.01,"GCL","video counter"
2017,"17-Sep",1.99,"GCL","video counter"
2017,"18-Sep",1.01,"GCL","video counter"
2017,"19-Sep",5.99,"GCL","video counter"
2017,"20-Sep",5.01,"GCL","video counter"
2017,"21-Sep",3,"GCL","video counter"
2017,"22-Sep",0,"GCL","video counter"
2017,"23-Sep",1.01,"GCL","video counter"
2017,"24-Sep",3,"GCL","video counter"
2017,"25-Sep",0,"GCL","video counter"
2017,"26-Sep",0,"GCL","video counter"
2017,"27-Sep",0,"GCL","video counter"
2017,"28-Sep",1.99,"GCL","video counter"
2017,"29-Sep",1.01,"GCL","video counter"
2017,"30-Sep",1.01,"GCL","video counter"
2017,"1-Oct",0,"GCL","video counter"
2017,"2-Oct",0,"GCL","video counter"
2017,"3-Oct",0,"GCL","video counter"
2017,"4-Oct",1.01,"GCL","video counter"
2017,"5-Oct",1.01,"GCL","video counter"
2017,"6-Oct",0,"GCL","video counter"
2017,"7-Oct",0,"GCL","video counter"
2017,"8-Oct",1.01,"GCL","video counter"
2017,"9-Oct",1.99,"GCL","video counter"
2017,"10-Oct",1.01,"GCL","video counter"
2017,"11-Oct",0,"GCL","video counter"
2017,"12-Oct",0,"GCL","video counter"
2017,"13-Oct",0,"GCL","video counter"
2017,"14-Oct",1.01,"GCL","video counter"
2017,"15-Oct",1.01,"GCL","video counter"
2017,"16-Oct",0,"GCL","video counter"
2017,"17-Oct",7,"GCL","video counter"
2017,"18-Oct",1.01,"GCL","video counter"
2017,"19-Oct",0,"GCL","video counter"
2017,"20-Oct",0,"GCL","video counter"
2017,"21-Oct",0,"GCL","video counter"
2017,"22-Oct",1.01,"GCL","video counter"
2017,"23-Oct",0,"GCL","video counter"
2017,"24-Oct",1.99,"GCL","video counter"
2017,"25-Oct",0,"GCL","video counter"
2017,"26-Oct",1.99,"GCL","video counter"
2017,"27-Oct",0,"GCL","video counter"
2017,"28-Oct",0,"GCL","video counter"
2017,"29-Oct",0,"GCL","video counter"
2017,"30-Oct",0,"GCL","video counter"
2017,"31-Oct",0,"GCL","video counter"
2017,"1-Nov",0,"GCL","video counter"
2017,"2-Nov",0,"GCL","video counter"
2017,"3-Nov",0,"GCL","video counter"
2017,"4-Nov",0,"GCL","video counter"
2017,"5-Nov",0,"GCL","video counter"
2017,"6-Nov",0,"GCL","video counter"
2017,"7-Nov",0,"GCL","video counter"
2017,"8-Nov",1.01,"GCL","video counter"
2017,"9-Nov",1.01,"GCL","video counter"
2017,"10-Nov",1.01,"GCL","video counter"
2017,"11-Nov",1.99,"GCL","video counter"
2017,"12-Nov",0,"GCL","video counter"
2017,"13-Nov",0,"GCL","video counter"
2017,"14-Nov",0,"GCL","video counter"
2017,"15-Nov",0,"GCL","video counter"
2017,"10-Apr",0,"SPR","video counter"
2017,"11-Apr",0,"SPR","video counter"
2017,"12-Apr",0,"SPR","video counter"
2017,"13-Apr",0,"SPR","video counter"
2017,"14-Apr",0,"SPR","video counter"
2017,"15-Apr",0,"SPR","video counter"
2017,"16-Apr",0,"SPR","video counter"
2017,"17-Apr",0,"SPR","video counter"
2017,"18-Apr",0,"SPR","video counter"
2017,"19-Apr",0,"SPR","video counter"
2017,"20-Apr",0,"SPR","video counter"
2017,"21-Apr",0,"SPR","video counter"
2017,"22-Apr",0,"SPR","video counter"
2017,"23-Apr",0,"SPR","video counter"
2017,"24-Apr",0,"SPR","video counter"
2017,"25-Apr",2.01,"SPR","video counter"
2017,"26-Apr",2.01,"SPR","video counter"
2017,"27-Apr",2.01,"SPR","video counter"
2017,"28-Apr",2.01,"SPR","video counter"
2017,"29-Apr",3.99,"SPR","video counter"
2017,"30-Apr",1,"SPR","video counter"
2017,"1-May",8,"SPR","video counter"
2017,"2-May",16.99,"SPR","video counter"
2017,"3-May",5,"SPR","video counter"
2017,"4-May",7,"SPR","video counter"
2017,"5-May",10.01,"SPR","video counter"
2017,"6-May",12,"SPR","video counter"
2017,"7-May",15.01,"SPR","video counter"
2017,"8-May",8,"SPR","video counter"
2017,"9-May",2.01,"SPR","video counter"
2017,"10-May",14,"SPR","video counter"
2017,"11-May",21.01,"SPR","video counter"
2017,"12-May",12,"SPR","video counter"
2017,"13-May",19,"SPR","video counter"
2017,"14-May",32,"SPR","video counter"
2017,"15-May",45,"SPR","video counter"
2017,"16-May",50.02,"SPR","video counter"
2017,"17-May",56.01,"SPR","video counter"
2017,"18-May",81.01,"SPR","video counter"
2017,"19-May",64,"SPR","video counter"
2017,"20-May",82.01,"SPR","video counter"
2017,"21-May",41.01,"SPR","video counter"
2017,"22-May",102.02,"SPR","video counter"
2017,"23-May",174.02,"SPR","video counter"
2017,"24-May",183.03,"SPR","video counter"
2017,"25-May",233,"SPR","video counter"
2017,"26-May",154,"SPR","video counter"
2017,"27-May",177.02,"SPR","video counter"
2017,"28-May",336.97,"SPR","video counter"
2017,"29-May",271.01,"SPR","video counter"
2017,"30-May",539.95,"SPR","video counter"
2017,"31-May",447.99,"SPR","video counter"
2017,"1-Jun",341.99,"SPR","video counter"
2017,"2-Jun",574.05,"SPR","video counter"
2017,"3-Jun",334,"SPR","video counter"
2017,"4-Jun",588,"SPR","video counter"
2017,"5-Jun",549.95,"SPR","video counter"
2017,"6-Jun",622,"SPR","video counter"
2017,"7-Jun",776.01,"SPR","video counter"
2017,"8-Jun",371.03,"SPR","video counter"
2017,"9-Jun",354.99,"SPR","video counter"
2017,"10-Jun",301,"SPR","video counter"
2017,"11-Jun",664.06,"SPR","video counter"
2017,"12-Jun",1096.1,"SPR","video counter"
2017,"13-Jun",2519,"SPR","video counter"
2017,"14-Jun",4743.53,"SPR","video counter"
2017,"15-Jun",6878.31,"SPR","video counter"
2017,"16-Jun",7268,"SPR","video counter"
2017,"17-Jun",5605.56,"SPR","video counter"
2017,"18-Jun",4063,"SPR","video counter"
2017,"19-Jun",2919,"SPR","video counter"
2017,"20-Jun",3912.39,"SPR","video counter"
2017,"21-Jun",6081.6,"SPR","video counter"
2017,"22-Jun",6127,"SPR","video counter"
2017,"23-Jun",8066,"SPR","video counter"
2017,"24-Jun",7853,"SPR","video counter"
2017,"25-Jun",6184.01,"SPR","video counter"
2017,"26-Jun",3626.72,"SPR","video counter"
2017,"27-Jun",6421.99,"SPR","video counter"
2017,"28-Jun",10592.12,"SPR","video counter"
2017,"29-Jun",11198.12,"SPR","video counter"
2017,"30-Jun",7762.22,"SPR","video counter"
2017,"1-Jul",5439.98,"SPR","video counter"
2017,"2-Jul",7201.02,"SPR","video counter"
2017,"3-Jul",6245.98,"SPR","video counter"
2017,"4-Jul",8457.85,"SPR","video counter"
2017,"5-Jul",7900,"SPR","video counter"
2017,"6-Jul",6443.01,"SPR","video counter"
2017,"7-Jul",10300,"SPR","video counter"
2017,"8-Jul",4223.99,"SPR","video counter"
2017,"9-Jul",4290.01,"SPR","video counter"
2017,"10-Jul",9141.99,"SPR","video counter"
2017,"11-Jul",3464,"SPR","video counter"
2017,"12-Jul",5166.01,"SPR","video counter"
2017,"13-Jul",10030.01,"SPR","video counter"
2017,"14-Jul",7964.2,"SPR","video counter"
2017,"15-Jul",7534.75,"SPR","video counter"
2017,"16-Jul",5044,"SPR","video counter"
2017,"17-Jul",3900.22,"SPR","video counter"
2017,"18-Jul",7981,"SPR","video counter"
2017,"19-Jul",7558.01,"SPR","video counter"
2017,"20-Jul",6326,"SPR","video counter"
2017,"21-Jul",4821.52,"SPR","video counter"
2017,"22-Jul",4630.06,"SPR","video counter"
2017,"23-Jul",1975.21,"SPR","video counter"
2017,"24-Jul",2310.24,"SPR","video counter"
2017,"25-Jul",3204,"SPR","video counter"
2017,"26-Jul",3178.68,"SPR","video counter"
2017,"27-Jul",2139.01,"SPR","video counter"
2017,"28-Jul",2009.99,"SPR","video counter"
2017,"29-Jul",1498.01,"SPR","video counter"
2017,"30-Jul",981.99,"SPR","video counter"
2017,"31-Jul",1328.01,"SPR","video counter"
2017,"1-Aug",746.01,"SPR","video counter"
2017,"2-Aug",526,"SPR","video counter"
2017,"3-Aug",292,"SPR","video counter"
2017,"4-Aug",226.97,"SPR","video counter"
2017,"5-Aug",275.01,"SPR","video counter"
2017,"6-Aug",531,"SPR","video counter"
2017,"7-Aug",2054,"SPR","video counter"
2017,"8-Aug",869.08,"SPR","video counter"
2017,"9-Aug",625.99,"SPR","video counter"
2017,"10-Aug",446.01,"SPR","video counter"
2017,"11-Aug",341.01,"SPR","video counter"
2017,"12-Aug",422.01,"SPR","video counter"
2017,"13-Aug",408.99,"SPR","video counter"
2017,"14-Aug",327.98,"SPR","video counter"
2017,"15-Aug",324.01,"SPR","video counter"
2017,"16-Aug",917.99,"SPR","video counter"
2017,"17-Aug",508.01,"SPR","video counter"
2017,"18-Aug",314.01,"SPR","video counter"
2017,"19-Aug",302.99,"SPR","video counter"
2017,"20-Aug",206.01,"SPR","video counter"
2017,"21-Aug",302,"SPR","video counter"
2017,"22-Aug",238.02,"SPR","video counter"
2017,"23-Aug",148.01,"SPR","video counter"
2017,"24-Aug",125.99,"SPR","video counter"
2017,"25-Aug",116.01,"SPR","video counter"
2017,"26-Aug",68,"SPR","video counter"
2017,"27-Aug",53.99,"SPR","video counter"
2017,"28-Aug",31.01,"SPR","video counter"
2017,"29-Aug",36.99,"SPR","video counter"
2017,"30-Aug",31.01,"SPR","video counter"
2017,"31-Aug",33.01,"SPR","video counter"
2017,"1-Sep",28.99,"SPR","video counter"
2017,"2-Sep",8.99,"SPR","video counter"
2017,"3-Sep",2,"SPR","video counter"
2017,"4-Sep",2.99,"SPR","video counter"
2017,"5-Sep",0,"SPR","video counter"
2017,"6-Sep",0.99,"SPR","video counter"
2017,"7-Sep",2.99,"SPR","video counter"
2017,"8-Sep",5.01,"SPR","video counter"
2017,"9-Sep",7.01,"SPR","video counter"
2017,"10-Sep",2,"SPR","video counter"
2017,"11-Sep",2,"SPR","video counter"
2017,"12-Sep",2,"SPR","video counter"
2017,"13-Sep",2,"SPR","video counter"
2017,"14-Sep",0.99,"SPR","video counter"
2017,"15-Sep",2,"SPR","video counter"
2017,"16-Sep",2.99,"SPR","video counter"
2017,"17-Sep",2,"SPR","video counter"
2017,"18-Sep",2,"SPR","video counter"
2017,"19-Sep",0,"SPR","video counter"
2017,"20-Sep",0.99,"SPR","video counter"
2017,"21-Sep",2,"SPR","video counter"
2017,"22-Sep",0.99,"SPR","video counter"
2017,"23-Sep",2,"SPR","video counter"
2017,"24-Sep",0,"SPR","video counter"
2017,"25-Sep",0,"SPR","video counter"
2017,"26-Sep",2,"SPR","video counter"
2017,"27-Sep",0,"SPR","video counter"
2017,"28-Sep",0,"SPR","video counter"
2017,"29-Sep",0,"SPR","video counter"
2017,"30-Sep",0,"SPR","video counter"
2017,"1-Oct",0,"SPR","video counter"
2017,"2-Oct",0,"SPR","video counter"
2017,"3-Oct",0,"SPR","video counter"
2017,"4-Oct",0,"SPR","video counter"
2017,"5-Oct",0.99,"SPR","video counter"
2017,"6-Oct",2.99,"SPR","video counter"
2017,"7-Oct",0,"SPR","video counter"
2017,"8-Oct",2,"SPR","video counter"
2017,"9-Oct",0,"SPR","video counter"
2017,"10-Oct",0,"SPR","video counter"
2017,"11-Oct",0,"SPR","video counter"
2017,"12-Oct",4,"SPR","video counter"
2017,"13-Oct",0,"SPR","video counter"
2017,"14-Oct",4,"SPR","video counter"
2017,"15-Oct",8.01,"SPR","video counter"
2017,"16-Oct",13,"SPR","video counter"
2017,"17-Oct",19,"SPR","video counter"
2017,"18-Oct",24.01,"SPR","video counter"
2017,"19-Oct",16.01,"SPR","video counter"
2017,"20-Oct",13,"SPR","video counter"
2017,"21-Oct",15,"SPR","video counter"
2017,"22-Oct",8.01,"SPR","video counter"
2017,"23-Oct",5.01,"SPR","video counter"
2017,"24-Oct",7.01,"SPR","video counter"
2017,"25-Oct",4,"SPR","video counter"
2017,"26-Oct",0.99,"SPR","video counter"
2017,"27-Oct",4,"SPR","video counter"
2017,"28-Oct",2,"SPR","video counter"
2017,"29-Oct",2,"SPR","video counter"
2017,"30-Oct",2.99,"SPR","video counter"
2017,"31-Oct",2,"SPR","video counter"
2017,"1-Nov",4,"SPR","video counter"
2017,"2-Nov",6.01,"SPR","video counter"
2017,"3-Nov",5.01,"SPR","video counter"
2017,"4-Nov",8.99,"SPR","video counter"
2017,"5-Nov",9.99,"SPR","video counter"
2017,"6-Nov",10.99,"SPR","video counter"
2017,"7-Nov",11.99,"SPR","video counter"
2017,"8-Nov",4,"SPR","video counter"
2017,"9-Nov",0,"SPR","video counter"
2017,"10-Nov",0,"SPR","video counter"
2017,"11-Nov",0,"SPR","video counter"
2017,"12-Nov",0,"SPR","video counter"
2017,"13-Nov",0,"SPR","video counter"
2017,"14-Nov",0,"SPR","video counter"
2017,"15-Nov",0,"SPR","video counter"
2016,"1-May",0,"GCL","video counter"
2016,"2-May",0,"GCL","video counter"
2016,"3-May",0,"GCL","video counter"
2016,"4-May",0,"GCL","video counter"
2016,"5-May",0,"GCL","video counter"
2016,"6-May",0,"GCL","video counter"
2016,"7-May",0,"GCL","video counter"
2016,"8-May",0,"GCL","video counter"
2016,"9-May",0,"GCL","video counter"
2016,"10-May",0,"GCL","video counter"
2016,"11-May",0,"GCL","video counter"
2016,"12-May",0,"GCL","video counter"
2016,"13-May",0,"GCL","video counter"
2016,"14-May",0,"GCL","video counter"
2016,"15-May",0,"GCL","video counter"
2016,"16-May",0,"GCL","video counter"
2016,"17-May",0,"GCL","video counter"
2016,"18-May",10.01,"GCL","video counter"
2016,"19-May",22.98,"GCL","video counter"
2016,"20-May",19.99,"GCL","video counter"
2016,"21-May",5.01,"GCL","video counter"
2016,"22-May",27.99,"GCL","video counter"
2016,"23-May",34,"GCL","video counter"
2016,"24-May",35.01,"GCL","video counter"
2016,"25-May",22.01,"GCL","video counter"
2016,"26-May",63,"GCL","video counter"
2016,"27-May",118,"GCL","video counter"
2016,"28-May",95.99,"GCL","video counter"
2016,"29-May",93.98,"GCL","video counter"
2016,"30-May",78.99,"GCL","video counter"
2016,"31-May",150.99,"GCL","video counter"
2016,"1-Jun",214.97,"GCL","video counter"
2016,"2-Jun",306.96,"GCL","video counter"
2016,"3-Jun",94.98,"GCL","video counter"
2016,"4-Jun",72.98,"GCL","video counter"
2016,"5-Jun",683.94,"GCL","video counter"
2016,"6-Jun",2203.78,"GCL","video counter"
2016,"7-Jun",1150.89,"GCL","video counter"
2016,"8-Jun",469.95,"GCL","video counter"
2016,"9-Jun",506.96,"GCL","video counter"
2016,"10-Jun",1559.84,"GCL","video counter"
2016,"11-Jun",1581,"GCL","video counter"
2016,"12-Jun",1729,"GCL","video counter"
2016,"13-Jun",4768.99,"GCL","video counter"
2016,"14-Jun",2962,"GCL","video counter"
2016,"15-Jun",2864,"GCL","video counter"
2016,"16-Jun",4030.01,"GCL","video counter"
2016,"17-Jun",3234.32,"GCL","video counter"
2016,"18-Jun",7580.76,"GCL","video counter"
2016,"19-Jun",7570.25,"GCL","video counter"
2016,"20-Jun",10507.95,"GCL","video counter"
2016,"21-Jun",13141.31,"GCL","video counter"
2016,"22-Jun",12689.27,"GCL","video counter"
2016,"23-Jun",10962.01,"GCL","video counter"
2016,"24-Jun",8353.16,"GCL","video counter"
2016,"25-Jun",9216.01,"GCL","video counter"
2016,"26-Jun",7698,"GCL","video counter"
2016,"27-Jun",7098.01,"GCL","video counter"
2016,"28-Jun",9060,"GCL","video counter"
2016,"29-Jun",7332,"GCL","video counter"
2016,"30-Jun",7340,"GCL","video counter"
2016,"1-Jul",7322.01,"GCL","video counter"
2016,"2-Jul",7165.29,"GCL","video counter"
2016,"3-Jul",5819.42,"GCL","video counter"
2016,"4-Jul",4316.57,"GCL","video counter"
2016,"5-Jul",1462,"GCL","video counter"
2016,"6-Jul",4050.01,"GCL","video counter"
2016,"7-Jul",7197.27,"GCL","video counter"
2016,"8-Jul",6989.31,"GCL","video counter"
2016,"9-Jul",3465,"GCL","video counter"
2016,"10-Jul",4440,"GCL","video counter"
2016,"11-Jul",2913.71,"GCL","video counter"
2016,"12-Jul",2648.26,"GCL","video counter"
2016,"13-Jul",2341.77,"GCL","video counter"
2016,"14-Jul",2448.24,"GCL","video counter"
2016,"15-Jul",2107.01,"GCL","video counter"
2016,"16-Jul",916,"GCL","video counter"
2016,"17-Jul",358,"GCL","video counter"
2016,"18-Jul",358.97,"GCL","video counter"
2016,"19-Jul",207,"GCL","video counter"
2016,"20-Jul",54,"GCL","video counter"
2016,"21-Jul",205.03,"GCL","video counter"
2016,"22-Jul",971.1,"GCL","video counter"
2016,"23-Jul",541.06,"GCL","video counter"
2016,"24-Jul",438.03,"GCL","video counter"
2016,"25-Jul",552.06,"GCL","video counter"
2016,"26-Jul",193.03,"GCL","video counter"
2016,"27-Jul",170.02,"GCL","video counter"
2016,"28-Jul",340.04,"GCL","video counter"
2016,"29-Jul",244.01,"GCL","video counter"
2016,"30-Jul",99.02,"GCL","video counter"
2016,"31-Jul",94.01,"GCL","video counter"
2016,"1-Aug",101.01,"GCL","video counter"
2016,"2-Aug",433.06,"GCL","video counter"
2016,"3-Aug",244.01,"GCL","video counter"
2016,"4-Aug",372.03,"GCL","video counter"
2016,"5-Aug",280.04,"GCL","video counter"
2016,"6-Aug",177.02,"GCL","video counter"
2016,"7-Aug",160.01,"GCL","video counter"
2016,"8-Aug",174.03,"GCL","video counter"
2016,"9-Aug",212.02,"GCL","video counter"
2016,"10-Aug",149.01,"GCL","video counter"
2016,"11-Aug",141.02,"GCL","video counter"
2016,"12-Aug",229.03,"GCL","video counter"
2016,"13-Aug",140.02,"GCL","video counter"
2016,"14-Aug",30,"GCL","video counter"
2016,"15-Aug",31,"GCL","video counter"
2016,"16-Aug",87.02,"GCL","video counter"
2016,"17-Aug",82.01,"GCL","video counter"
2016,"18-Aug",118.01,"GCL","video counter"
2016,"19-Aug",84,"GCL","video counter"
2016,"20-Aug",41.01,"GCL","video counter"
2016,"21-Aug",54,"GCL","video counter"
2016,"22-Aug",31.99,"GCL","video counter"
2016,"23-Aug",72,"GCL","video counter"
2016,"24-Aug",167.01,"GCL","video counter"
2016,"25-Aug",105.02,"GCL","video counter"
2016,"26-Aug",69.02,"GCL","video counter"
2016,"27-Aug",90,"GCL","video counter"
2016,"28-Aug",93.02,"GCL","video counter"
2016,"29-Aug",68.02,"GCL","video counter"
2016,"30-Aug",87.02,"GCL","video counter"
2016,"31-Aug",108,"GCL","video counter"
2016,"1-Sep",112.01,"GCL","video counter"
2016,"2-Sep",57.02,"GCL","video counter"
2016,"3-Sep",132,"GCL","video counter"
2016,"4-Sep",105.02,"GCL","video counter"
2016,"5-Sep",191.01,"GCL","video counter"
2016,"6-Sep",182.02,"GCL","video counter"
2016,"7-Sep",162.03,"GCL","video counter"
2016,"8-Sep",183.02,"GCL","video counter"
2016,"9-Sep",75.02,"GCL","video counter"
2016,"10-Sep",86.02,"GCL","video counter"
2016,"11-Sep",87.02,"GCL","video counter"
2016,"12-Sep",29.01,"GCL","video counter"
2016,"13-Sep",45.02,"GCL","video counter"
2016,"14-Sep",37.99,"GCL","video counter"
2016,"15-Sep",31,"GCL","video counter"
2016,"16-Sep",36,"GCL","video counter"
2016,"17-Sep",43.99,"GCL","video counter"
2016,"18-Sep",64.01,"GCL","video counter"
2016,"19-Sep",62.02,"GCL","video counter"
2016,"20-Sep",59.01,"GCL","video counter"
2016,"21-Sep",54,"GCL","video counter"
2016,"22-Sep",35.01,"GCL","video counter"
2016,"23-Sep",15.02,"GCL","video counter"
2016,"24-Sep",21.02,"GCL","video counter"
2016,"25-Sep",5.01,"GCL","video counter"
2016,"26-Sep",4.01,"GCL","video counter"
2016,"27-Sep",1.99,"GCL","video counter"
2016,"28-Sep",0,"GCL","video counter"
2016,"29-Sep",1,"GCL","video counter"
2016,"30-Sep",0,"GCL","video counter"
2016,"1-Oct",1.99,"GCL","video counter"
2016,"2-Oct",1,"GCL","video counter"
2016,"3-Oct",0,"GCL","video counter"
2016,"4-Oct",1.99,"GCL","video counter"
2016,"5-Oct",3.02,"GCL","video counter"
2016,"6-Oct",4.01,"GCL","video counter"
2016,"7-Oct",13.99,"GCL","video counter"
2016,"8-Oct",0,"GCL","video counter"
2016,"9-Oct",0,"GCL","video counter"
2016,"10-Oct",0,"GCL","video counter"
2016,"11-Oct",0,"GCL","video counter"
2016,"12-Oct",0,"GCL","video counter"
2016,"13-Oct",0,"GCL","video counter"
2016,"14-Oct",0,"GCL","video counter"
2016,"15-Oct",0,"GCL","video counter"
2016,"16-Oct",0,"GCL","video counter"
2016,"17-Oct",0,"GCL","video counter"
2016,"18-Oct",0,"GCL","video counter"
2016,"19-Oct",0,"GCL","video counter"
2016,"20-Oct",0,"GCL","video counter"
2016,"21-Oct",0,"GCL","video counter"
2016,"22-Oct",0,"GCL","video counter"
2016,"23-Oct",0,"GCL","video counter"
2016,"24-Oct",0,"GCL","video counter"
2016,"25-Oct",0,"GCL","video counter"
2016,"26-Oct",0,"GCL","video counter"
2016,"27-Oct",0,"GCL","video counter"
2016,"28-Oct",0,"GCL","video counter"
2016,"29-Oct",0,"GCL","video counter"
2016,"30-Oct",0,"GCL","video counter"
2016,"31-Oct",0,"GCL","video counter"
2016,"1-Nov",0,"GCL","video counter"
2016,"2-Nov",0,"GCL","video counter"
2016,"3-Nov",0,"GCL","video counter"
2016,"4-Nov",0,"GCL","video counter"
2016,"5-Nov",0,"GCL","video counter"
2016,"6-Nov",0,"GCL","video counter"
2016,"7-Nov",0,"GCL","video counter"
2016,"8-Nov",0,"GCL","video counter"
2016,"9-Nov",0,"GCL","video counter"
2016,"10-Nov",0,"GCL","video counter"
2016,"11-Nov",0,"GCL","video counter"
2016,"12-Nov",0,"GCL","video counter"
2016,"13-Nov",0,"GCL","video counter"
2016,"14-Nov",0,"GCL","video counter"
2016,"15-Nov",0,"GCL","video counter"
2016,"19-Apr",2,"SPR","video counter"
2016,"20-Apr",2,"SPR","video counter"
2016,"21-Apr",6,"SPR","video counter"
2016,"22-Apr",8,"SPR","video counter"
2016,"23-Apr",3,"SPR","video counter"
2016,"24-Apr",5,"SPR","video counter"
2016,"25-Apr",8,"SPR","video counter"
2016,"26-Apr",6,"SPR","video counter"
2016,"27-Apr",7,"SPR","video counter"
2016,"28-Apr",12,"SPR","video counter"
2016,"29-Apr",7,"SPR","video counter"
2016,"30-Apr",14,"SPR","video counter"
2016,"1-May",4,"SPR","video counter"
2016,"2-May",11,"SPR","video counter"
2016,"3-May",19,"SPR","video counter"
2016,"4-May",16,"SPR","video counter"
2016,"5-May",17,"SPR","video counter"
2016,"6-May",11,"SPR","video counter"
2016,"7-May",31,"SPR","video counter"
2016,"8-May",63,"SPR","video counter"
2016,"9-May",21,"SPR","video counter"
2016,"10-May",72,"SPR","video counter"
2016,"11-May",30,"SPR","video counter"
2016,"12-May",81,"SPR","video counter"
2016,"13-May",62,"SPR","video counter"
2016,"14-May",42,"SPR","video counter"
2016,"15-May",35,"SPR","video counter"
2016,"16-May",59,"SPR","video counter"
2016,"17-May",36,"SPR","video counter"
2016,"18-May",46,"SPR","video counter"
2016,"19-May",120,"SPR","video counter"
2016,"20-May",140,"SPR","video counter"
2016,"21-May",104,"SPR","video counter"
2016,"22-May",131,"SPR","video counter"
2016,"23-May",97,"SPR","video counter"
2016,"24-May",124,"SPR","video counter"
2016,"25-May",223,"SPR","video counter"
2016,"26-May",151,"SPR","video counter"
2016,"27-May",236,"SPR","video counter"
2016,"28-May",257,"SPR","video counter"
2016,"29-May",453,"SPR","video counter"
2016,"30-May",208,"SPR","video counter"
2016,"31-May",160,"SPR","video counter"
2016,"1-Jun",873,"SPR","video counter"
2016,"2-Jun",328,"SPR","video counter"
2016,"3-Jun",404,"SPR","video counter"
2016,"4-Jun",252,"SPR","video counter"
2016,"5-Jun",496,"SPR","video counter"
2016,"6-Jun",1665,"SPR","video counter"
2016,"7-Jun",314,"SPR","video counter"
2016,"8-Jun",103,"SPR","video counter"
2016,"9-Jun",1073,"SPR","video counter"
2016,"10-Jun",2322,"SPR","video counter"
2016,"11-Jun",1583,"SPR","video counter"
2016,"12-Jun",1711,"SPR","video counter"
2016,"13-Jun",2291.77,"SPR","video counter"
2016,"14-Jun",2568,"SPR","video counter"
2016,"15-Jun",1743.17,"SPR","video counter"
2016,"16-Jun",3278.34,"SPR","video counter"
2016,"17-Jun",2568.99,"SPR","video counter"
2016,"18-Jun",5240,"SPR","video counter"
2016,"19-Jun",2466,"SPR","video counter"
2016,"20-Jun",8959,"SPR","video counter"
2016,"21-Jun",14862.51,"SPR","video counter"
2016,"22-Jun",14697.48,"SPR","video counter"
2016,"23-Jun",14179.99,"SPR","video counter"
2016,"24-Jun",11062,"SPR","video counter"
2016,"25-Jun",8175.18,"SPR","video counter"
2016,"26-Jun",10522.05,"SPR","video counter"
2016,"27-Jun",16865,"SPR","video counter"
2016,"28-Jun",4732.01,"SPR","video counter"
2016,"29-Jun",3698.37,"SPR","video counter"
2016,"30-Jun",3668.36,"SPR","video counter"
2016,"1-Jul",8415.84,"SPR","video counter"
2016,"2-Jul",3007.7,"SPR","video counter"
2016,"3-Jul",2672.73,"SPR","video counter"
2016,"4-Jul",5796,"SPR","video counter"
2016,"5-Jul",6797,"SPR","video counter"
2016,"6-Jul",10002,"SPR","video counter"
2016,"7-Jul",6492.65,"SPR","video counter"
2016,"8-Jul",5344,"SPR","video counter"
2016,"9-Jul",3314,"SPR","video counter"
2016,"10-Jul",2175.23,"SPR","video counter"
2016,"11-Jul",1279.88,"SPR","video counter"
2016,"12-Jul",2952.3,"SPR","video counter"
2016,"13-Jul",2546,"SPR","video counter"
2016,"14-Jul",1845.99,"SPR","video counter"
2016,"15-Jul",2903.01,"SPR","video counter"
2016,"16-Jul",2898,"SPR","video counter"
2016,"17-Jul",2196.99,"SPR","video counter"
2016,"18-Jul",1874.01,"SPR","video counter"
2016,"19-Jul",2429.24,"SPR","video counter"
2016,"20-Jul",871.09,"SPR","video counter"
2016,"21-Jul",850.92,"SPR","video counter"
2016,"22-Jul",656.01,"SPR","video counter"
2016,"23-Jul",637,"SPR","video counter"
2016,"24-Jul",351,"SPR","video counter"
2016,"25-Jul",565.01,"SPR","video counter"
2016,"26-Jul",263.02,"SPR","video counter"
2016,"27-Jul",199,"SPR","video counter"
2016,"28-Jul",527,"SPR","video counter"
2016,"29-Jul",282.03,"SPR","video counter"
2016,"30-Jul",247.98,"SPR","video counter"
2016,"31-Jul",257.99,"SPR","video counter"
2016,"1-Aug",398.04,"SPR","video counter"
2016,"2-Aug",875.92,"SPR","video counter"
2016,"3-Aug",753.92,"SPR","video counter"
2016,"4-Aug",564,"SPR","video counter"
2016,"5-Aug",590.01,"SPR","video counter"
2016,"6-Aug",274.03,"SPR","video counter"
2016,"7-Aug",161.01,"SPR","video counter"
2016,"8-Aug",261.98,"SPR","video counter"
2016,"9-Aug",408,"SPR","video counter"
2016,"10-Aug",325,"SPR","video counter"
2016,"11-Aug",307,"SPR","video counter"
2016,"12-Aug",190,"SPR","video counter"
2016,"13-Aug",148,"SPR","video counter"
2016,"14-Aug",43,"SPR","video counter"
2016,"15-Aug",36,"SPR","video counter"
2016,"16-Aug",31,"SPR","video counter"
2016,"17-Aug",57,"SPR","video counter"
2016,"18-Aug",54,"SPR","video counter"
2016,"19-Aug",44,"SPR","video counter"
2016,"20-Aug",45,"SPR","video counter"
2016,"21-Aug",30,"SPR","video counter"
2016,"22-Aug",31,"SPR","video counter"
2016,"23-Aug",6,"SPR","video counter"
2016,"24-Aug",9,"SPR","video counter"
2016,"25-Aug",39,"SPR","video counter"
2016,"26-Aug",25,"SPR","video counter"
2016,"27-Aug",12,"SPR","video counter"
2016,"28-Aug",49,"SPR","video counter"
2016,"29-Aug",33,"SPR","video counter"
2016,"30-Aug",8,"SPR","video counter"
2016,"31-Aug",14,"SPR","video counter"
2016,"1-Sep",41,"SPR","video counter"
2016,"2-Sep",89,"SPR","video counter"
2016,"3-Sep",29,"SPR","video counter"
2016,"4-Sep",19,"SPR","video counter"
2016,"5-Sep",39,"SPR","video counter"
2016,"6-Sep",32,"SPR","video counter"
2016,"7-Sep",34,"SPR","video counter"
2016,"8-Sep",52,"SPR","video counter"
2016,"9-Sep",30,"SPR","video counter"
2016,"10-Sep",25,"SPR","video counter"
2016,"11-Sep",35,"SPR","video counter"
2016,"12-Sep",23,"SPR","video counter"
2016,"13-Sep",5,"SPR","video counter"
2016,"14-Sep",11,"SPR","video counter"
2016,"15-Sep",11,"SPR","video counter"
2016,"16-Sep",16,"SPR","video counter"
2016,"17-Sep",7,"SPR","video counter"
2016,"18-Sep",7,"SPR","video counter"
2016,"19-Sep",10,"SPR","video counter"
2016,"20-Sep",27,"SPR","video counter"
2016,"21-Sep",41,"SPR","video counter"
2016,"22-Sep",14,"SPR","video counter"
2016,"23-Sep",16,"SPR","video counter"
2016,"24-Sep",10,"SPR","video counter"
2016,"25-Sep",5,"SPR","video counter"
2016,"26-Sep",5,"SPR","video counter"
2016,"27-Sep",2,"SPR","video counter"
2016,"28-Sep",8,"SPR","video counter"
2016,"29-Sep",5,"SPR","video counter"
2016,"30-Sep",0,"SPR","video counter"
2016,"1-Oct",1,"SPR","video counter"
2016,"2-Oct",1,"SPR","video counter"
2016,"3-Oct",3,"SPR","video counter"
2016,"4-Oct",0,"SPR","video counter"
2016,"5-Oct",5,"SPR","video counter"
2016,"6-Oct",8,"SPR","video counter"
2016,"7-Oct",28,"SPR","video counter"
2016,"8-Oct",42,"SPR","video counter"
2016,"9-Oct",28,"SPR","video counter"
2016,"10-Oct",21,"SPR","video counter"
2016,"11-Oct",14,"SPR","video counter"
2016,"12-Oct",16,"SPR","video counter"
2016,"13-Oct",22,"SPR","video counter"
2016,"14-Oct",0,"SPR","video counter"
2016,"15-Oct",0,"SPR","video counter"
2016,"16-Oct",0,"SPR","video counter"
2016,"17-Oct",0,"SPR","video counter"
2016,"18-Oct",0,"SPR","video counter"
2016,"19-Oct",0,"SPR","video counter"
2016,"20-Oct",0,"SPR","video counter"
2016,"21-Oct",0,"SPR","video counter"
2016,"22-Oct",0,"SPR","video counter"
2016,"23-Oct",0,"SPR","video counter"
2016,"24-Oct",0,"SPR","video counter"
2016,"25-Oct",0,"SPR","video counter"
2016,"26-Oct",0,"SPR","video counter"
2016,"27-Oct",0,"SPR","video counter"
2016,"28-Oct",0,"SPR","video counter"
2016,"29-Oct",0,"SPR","video counter"
2016,"30-Oct",0,"SPR","video counter"
2016,"31-Oct",0,"SPR","video counter"
2016,"1-Nov",0,"SPR","video counter"
2016,"2-Nov",0,"SPR","video counter"
2016,"3-Nov",0,"SPR","video counter"
2016,"4-Nov",0,"SPR","video counter"
2016,"5-Nov",0,"SPR","video counter"
2016,"6-Nov",0,"SPR","video counter"
2016,"7-Nov",0,"SPR","video counter"
2016,"8-Nov",0,"SPR","video counter"
2016,"9-Nov",0,"SPR","video counter"
2016,"10-Nov",0,"SPR","video counter"
2016,"11-Nov",0,"SPR","video counter"
2016,"12-Nov",0,"SPR","video counter"
2016,"13-Nov",0,"SPR","video counter"
2016,"14-Nov",0,"SPR","video counter"
2016,"15-Nov",0,"SPR","video counter"
2015,"1-May",0,"GCL","video counter"
2015,"2-May",0,"GCL","video counter"
2015,"3-May",0,"GCL","video counter"
2015,"4-May",0,"GCL","video counter"
2015,"5-May",0,"GCL","video counter"
2015,"6-May",0,"GCL","video counter"
2015,"7-May",0,"GCL","video counter"
2015,"8-May",0,"GCL","video counter"
2015,"9-May",0,"GCL","video counter"
2015,"10-May",0,"GCL","video counter"
2015,"11-May",0,"GCL","video counter"
2015,"12-May",0,"GCL","video counter"
2015,"13-May",0,"GCL","video counter"
2015,"14-May",0,"GCL","video counter"
2015,"15-May",0,"GCL","video counter"
2015,"16-May",0,"GCL","video counter"
2015,"17-May",0,"GCL","video counter"
2015,"18-May",0,"GCL","video counter"
2015,"19-May",0,"GCL","video counter"
2015,"20-May",0,"GCL","video counter"
2015,"21-May",0,"GCL","video counter"
2015,"22-May",15.01,"GCL","video counter"
2015,"23-May",13.99,"GCL","video counter"
2015,"24-May",13.99,"GCL","video counter"
2015,"25-May",13,"GCL","video counter"
2015,"26-May",13,"GCL","video counter"
2015,"27-May",12,"GCL","video counter"
2015,"28-May",13.99,"GCL","video counter"
2015,"29-May",37.99,"GCL","video counter"
2015,"30-May",95,"GCL","video counter"
2015,"31-May",152,"GCL","video counter"
2015,"1-Jun",59.99,"GCL","video counter"
2015,"2-Jun",96.99,"GCL","video counter"
2015,"3-Jun",25,"GCL","video counter"
2015,"4-Jun",18,"GCL","video counter"
2015,"5-Jun",30.99,"GCL","video counter"
2015,"6-Jun",558,"GCL","video counter"
2015,"7-Jun",1006,"GCL","video counter"
2015,"8-Jun",454.99,"GCL","video counter"
2015,"9-Jun",98.01,"GCL","video counter"
2015,"10-Jun",35,"GCL","video counter"
2015,"11-Jun",120,"GCL","video counter"
2015,"12-Jun",199,"GCL","video counter"
2015,"13-Jun",450.01,"GCL","video counter"
2015,"14-Jun",539,"GCL","video counter"
2015,"15-Jun",241.99,"GCL","video counter"
2015,"16-Jun",136,"GCL","video counter"
2015,"17-Jun",592.05,"GCL","video counter"
2015,"18-Jun",1534.01,"GCL","video counter"
2015,"19-Jun",3003.01,"GCL","video counter"
2015,"20-Jun",948.01,"GCL","video counter"
2015,"21-Jun",1055,"GCL","video counter"
2015,"22-Jun",1817.18,"GCL","video counter"
2015,"23-Jun",1810,"GCL","video counter"
2015,"24-Jun",5628.56,"GCL","video counter"
2015,"25-Jun",3884,"GCL","video counter"
2015,"26-Jun",3694.38,"GCL","video counter"
2015,"27-Jun",3551.01,"GCL","video counter"
2015,"28-Jun",2651.01,"GCL","video counter"
2015,"29-Jun",1752.17,"GCL","video counter"
2015,"30-Jun",876.99,"GCL","video counter"
2015,"1-Jul",268,"GCL","video counter"
2015,"2-Jul",242.97,"GCL","video counter"
2015,"3-Jul",186,"GCL","video counter"
2015,"4-Jul",568.06,"GCL","video counter"
2015,"5-Jul",952.1,"GCL","video counter"
2015,"6-Jul",1182,"GCL","video counter"
2015,"7-Jul",1852.99,"GCL","video counter"
2015,"8-Jul",3066.69,"GCL","video counter"
2015,"9-Jul",9083.09,"GCL","video counter"
2015,"10-Jul",13117.69,"GCL","video counter"
2015,"11-Jul",16249.39,"GCL","video counter"
2015,"12-Jul",12307.23,"GCL","video counter"
2015,"13-Jul",8284.35,"GCL","video counter"
2015,"14-Jul",6275.37,"GCL","video counter"
2015,"15-Jul",5832,"GCL","video counter"
2015,"16-Jul",5052.01,"GCL","video counter"
2015,"17-Jul",6447,"GCL","video counter"
2015,"18-Jul",4268.58,"GCL","video counter"
2015,"19-Jul",2146.99,"GCL","video counter"
2015,"20-Jul",1246.87,"GCL","video counter"
2015,"21-Jul",750.08,"GCL","video counter"
2015,"22-Jul",1472.01,"GCL","video counter"
2015,"23-Jul",2520,"GCL","video counter"
2015,"24-Jul",6613.33,"GCL","video counter"
2015,"25-Jul",7497,"GCL","video counter"
2015,"26-Jul",5855.42,"GCL","video counter"
2015,"27-Jul",5967.59,"GCL","video counter"
2015,"28-Jul",4749,"GCL","video counter"
2015,"29-Jul",4556.55,"GCL","video counter"
2015,"30-Jul",4575.46,"GCL","video counter"
2015,"31-Jul",4082.6,"GCL","video counter"
2015,"1-Aug",2177.99,"GCL","video counter"
2015,"2-Aug",1095.01,"GCL","video counter"
2015,"3-Aug",924,"GCL","video counter"
2015,"4-Aug",1777,"GCL","video counter"
2015,"5-Aug",3345.33,"GCL","video counter"
2015,"6-Aug",3095.99,"GCL","video counter"
2015,"7-Aug",3971.61,"GCL","video counter"
2015,"8-Aug",4491.01,"GCL","video counter"
2015,"9-Aug",4376.56,"GCL","video counter"
2015,"10-Aug",3317.67,"GCL","video counter"
2015,"11-Aug",1692,"GCL","video counter"
2015,"12-Aug",1064.1,"GCL","video counter"
2015,"13-Aug",796.01,"GCL","video counter"
2015,"14-Aug",631,"GCL","video counter"
2015,"15-Aug",925.99,"GCL","video counter"
2015,"16-Aug",1410.01,"GCL","video counter"
2015,"17-Aug",1872.19,"GCL","video counter"
2015,"18-Aug",2059,"GCL","video counter"
2015,"19-Aug",1273,"GCL","video counter"
2015,"20-Aug",1186.88,"GCL","video counter"
2015,"21-Aug",1208,"GCL","video counter"
2015,"22-Aug",2351,"GCL","video counter"
2015,"23-Aug",3136,"GCL","video counter"
2015,"24-Aug",2995,"GCL","video counter"
2015,"25-Aug",2661.01,"GCL","video counter"
2015,"26-Aug",2451.24,"GCL","video counter"
2015,"27-Aug",2200,"GCL","video counter"
2015,"28-Aug",2219.99,"GCL","video counter"
2015,"29-Aug",2015,"GCL","video counter"
2015,"30-Aug",1968.2,"GCL","video counter"
2015,"31-Aug",4356.01,"GCL","video counter"
2015,"1-Sep",6892,"GCL","video counter"
2015,"2-Sep",8165.19,"GCL","video counter"
2015,"3-Sep",9474,"GCL","video counter"
2015,"4-Sep",9312,"GCL","video counter"
2015,"5-Sep",9126.01,"GCL","video counter"
2015,"6-Sep",9156,"GCL","video counter"
2015,"7-Sep",10050.01,"GCL","video counter"
2015,"8-Sep",8922,"GCL","video counter"
2015,"9-Sep",8813.99,"GCL","video counter"
2015,"10-Sep",7198.27,"GCL","video counter"
2015,"11-Sep",6593.34,"GCL","video counter"
2015,"12-Sep",5772.01,"GCL","video counter"
2015,"13-Sep",4379.99,"GCL","video counter"
2015,"14-Sep",2083,"GCL","video counter"
2015,"15-Sep",2011,"GCL","video counter"
2015,"16-Sep",2737.99,"GCL","video counter"
2015,"17-Sep",3199,"GCL","video counter"
2015,"18-Sep",2235,"GCL","video counter"
2015,"19-Sep",2867,"GCL","video counter"
2015,"20-Sep",2379,"GCL","video counter"
2015,"21-Sep",6207,"GCL","video counter"
2015,"22-Sep",7172.29,"GCL","video counter"
2015,"23-Sep",6180.62,"GCL","video counter"
2015,"24-Sep",3348,"GCL","video counter"
2015,"25-Sep",3665.63,"GCL","video counter"
2015,"26-Sep",3294,"GCL","video counter"
2015,"27-Sep",3850.61,"GCL","video counter"
2015,"28-Sep",4643.99,"GCL","video counter"
2015,"29-Sep",2518.25,"GCL","video counter"
2015,"30-Sep",2020.2,"GCL","video counter"
2015,"1-Oct",1597,"GCL","video counter"
2015,"2-Oct",1598.16,"GCL","video counter"
2015,"3-Oct",434,"GCL","video counter"
2015,"4-Oct",237.97,"GCL","video counter"
2015,"5-Oct",463,"GCL","video counter"
2015,"6-Oct",404,"GCL","video counter"
2015,"7-Oct",287,"GCL","video counter"
2015,"8-Oct",266,"GCL","video counter"
2015,"9-Oct",313.97,"GCL","video counter"
2015,"10-Oct",507,"GCL","video counter"
2015,"11-Oct",157,"GCL","video counter"
2015,"12-Oct",386,"GCL","video counter"
2015,"13-Oct",150.01,"GCL","video counter"
2015,"14-Oct",109,"GCL","video counter"
2015,"15-Oct",23,"GCL","video counter"
2015,"16-Oct",39,"GCL","video counter"
2015,"17-Oct",53,"GCL","video counter"
2015,"18-Oct",23,"GCL","video counter"
2015,"19-Oct",21,"GCL","video counter"
2015,"20-Oct",75,"GCL","video counter"
2015,"21-Oct",47,"GCL","video counter"
2015,"22-Oct",42.01,"GCL","video counter"
2015,"23-Oct",84,"GCL","video counter"
2015,"24-Oct",71.99,"GCL","video counter"
2015,"25-Oct",95,"GCL","video counter"
2015,"26-Oct",101,"GCL","video counter"
2015,"27-Oct",34,"GCL","video counter"
2015,"28-Oct",87.01,"GCL","video counter"
2015,"29-Oct",239,"GCL","video counter"
2015,"30-Oct",279,"GCL","video counter"
2015,"31-Oct",264,"GCL","video counter"
2015,"1-Nov",684,"GCL","video counter"
2015,"2-Nov",153,"GCL","video counter"
2015,"3-Nov",185.01,"GCL","video counter"
2015,"4-Nov",97,"GCL","video counter"
2015,"5-Nov",80,"GCL","video counter"
2015,"6-Nov",26.01,"GCL","video counter"
2015,"7-Nov",0,"GCL","video counter"
2015,"8-Nov",0,"GCL","video counter"
2015,"9-Nov",0,"GCL","video counter"
2015,"10-Nov",0,"GCL","video counter"
2015,"11-Nov",0,"GCL","video counter"
2015,"12-Nov",0,"GCL","video counter"
2015,"13-Nov",0,"GCL","video counter"
2015,"14-Nov",0,"GCL","video counter"
2015,"15-Nov",0,"GCL","video counter"
2015,"1-May",0,"SPR","video counter"
2015,"2-May",0,"SPR","video counter"
2015,"3-May",0,"SPR","video counter"
2015,"4-May",0,"SPR","video counter"
2015,"5-May",0,"SPR","video counter"
2015,"6-May",0,"SPR","video counter"
2015,"7-May",0,"SPR","video counter"
2015,"8-May",0,"SPR","video counter"
2015,"9-May",0,"SPR","video counter"
2015,"10-May",0,"SPR","video counter"
2015,"11-May",0,"SPR","video counter"
2015,"12-May",0,"SPR","video counter"
2015,"13-May",0,"SPR","video counter"
2015,"14-May",41,"SPR","video counter"
2015,"15-May",92,"SPR","video counter"
2015,"16-May",66,"SPR","video counter"
2015,"17-May",58,"SPR","video counter"
2015,"18-May",147,"SPR","video counter"
2015,"19-May",111,"SPR","video counter"
2015,"20-May",51,"SPR","video counter"
2015,"21-May",82,"SPR","video counter"
2015,"22-May",64,"SPR","video counter"
2015,"23-May",174,"SPR","video counter"
2015,"24-May",55,"SPR","video counter"
2015,"25-May",70,"SPR","video counter"
2015,"26-May",99,"SPR","video counter"
2015,"27-May",34,"SPR","video counter"
2015,"28-May",134,"SPR","video counter"
2015,"29-May",254,"SPR","video counter"
2015,"30-May",542,"SPR","video counter"
2015,"31-May",2370,"SPR","video counter"
2015,"1-Jun",1404.86,"SPR","video counter"
2015,"2-Jun",277.98,"SPR","video counter"
2015,"3-Jun",424,"SPR","video counter"
2015,"4-Jun",169,"SPR","video counter"
2015,"5-Jun",913,"SPR","video counter"
2015,"6-Jun",1932.19,"SPR","video counter"
2015,"7-Jun",2005,"SPR","video counter"
2015,"8-Jun",350.01,"SPR","video counter"
2015,"9-Jun",28,"SPR","video counter"
2015,"10-Jun",80,"SPR","video counter"
2015,"11-Jun",271,"SPR","video counter"
2015,"12-Jun",849.01,"SPR","video counter"
2015,"13-Jun",493,"SPR","video counter"
2015,"14-Jun",620,"SPR","video counter"
2015,"15-Jun",304,"SPR","video counter"
2015,"16-Jun",92.99,"SPR","video counter"
2015,"17-Jun",295.05,"SPR","video counter"
2015,"18-Jun",6337,"SPR","video counter"
2015,"19-Jun",5175.48,"SPR","video counter"
2015,"20-Jun",1777,"SPR","video counter"
2015,"21-Jun",810.01,"SPR","video counter"
2015,"22-Jun",1910.01,"SPR","video counter"
2015,"23-Jun",1784,"SPR","video counter"
2015,"24-Jun",4817,"SPR","video counter"
2015,"25-Jun",4533,"SPR","video counter"
2015,"26-Jun",2872,"SPR","video counter"
2015,"27-Jun",1023.02,"SPR","video counter"
2015,"28-Jun",339,"SPR","video counter"
2015,"29-Jun",397.01,"SPR","video counter"
2015,"30-Jun",155,"SPR","video counter"
2015,"1-Jul",80.99,"SPR","video counter"
2015,"2-Jul",80.99,"SPR","video counter"
2015,"3-Jul",48,"SPR","video counter"
2015,"4-Jul",68.99,"SPR","video counter"
2015,"5-Jul",55.99,"SPR","video counter"
2015,"6-Jul",53,"SPR","video counter"
2015,"7-Jul",107,"SPR","video counter"
2015,"8-Jul",1059,"SPR","video counter"
2015,"9-Jul",1734,"SPR","video counter"
2015,"10-Jul",3707,"SPR","video counter"
2015,"11-Jul",10954,"SPR","video counter"
2015,"12-Jul",14417,"SPR","video counter"
2015,"13-Jul",9628.97,"SPR","video counter"
2015,"14-Jul",4199,"SPR","video counter"
2015,"15-Jul",5438.54,"SPR","video counter"
2015,"16-Jul",3527.01,"SPR","video counter"
2015,"17-Jul",6105.39,"SPR","video counter"
2015,"18-Jul",2252.77,"SPR","video counter"
2015,"19-Jul",661.93,"SPR","video counter"
2015,"20-Jul",15,"SPR","video counter"
2015,"21-Jul",38.01,"SPR","video counter"
2015,"22-Jul",668,"SPR","video counter"
2015,"23-Jul",2859.29,"SPR","video counter"
2015,"24-Jul",6294.99,"SPR","video counter"
2015,"25-Jul",7378,"SPR","video counter"
2015,"26-Jul",6558,"SPR","video counter"
2015,"27-Jul",6344.99,"SPR","video counter"
2015,"28-Jul",5066.99,"SPR","video counter"
2015,"29-Jul",2055.01,"SPR","video counter"
2015,"30-Jul",1245.12,"SPR","video counter"
2015,"31-Jul",410.01,"SPR","video counter"
2015,"1-Aug",105.99,"SPR","video counter"
2015,"2-Aug",134.99,"SPR","video counter"
2015,"3-Aug",76,"SPR","video counter"
2015,"4-Aug",252,"SPR","video counter"
2015,"5-Aug",2583,"SPR","video counter"
2015,"6-Aug",3282,"SPR","video counter"
2015,"7-Aug",3256,"SPR","video counter"
2015,"8-Aug",2306.76,"SPR","video counter"
2015,"9-Aug",4843,"SPR","video counter"
2015,"10-Aug",3706.64,"SPR","video counter"
2015,"11-Aug",1504,"SPR","video counter"
2015,"12-Aug",593,"SPR","video counter"
2015,"13-Aug",519.96,"SPR","video counter"
2015,"14-Aug",271.98,"SPR","video counter"
2015,"15-Aug",372.04,"SPR","video counter"
2015,"16-Aug",896,"SPR","video counter"
2015,"17-Aug",1570,"SPR","video counter"
2015,"18-Aug",1097.12,"SPR","video counter"
2015,"19-Aug",650.94,"SPR","video counter"
2015,"20-Aug",455.01,"SPR","video counter"
2015,"21-Aug",398,"SPR","video counter"
2015,"22-Aug",408.01,"SPR","video counter"
2015,"23-Aug",1060.01,"SPR","video counter"
2015,"24-Aug",799.08,"SPR","video counter"
2015,"25-Aug",868,"SPR","video counter"
2015,"26-Aug",1179,"SPR","video counter"
2015,"27-Aug",711.93,"SPR","video counter"
2015,"28-Aug",595.06,"SPR","video counter"
2015,"29-Aug",594,"SPR","video counter"
2015,"30-Aug",1099.01,"SPR","video counter"
2015,"31-Aug",2398,"SPR","video counter"
2015,"1-Sep",4699,"SPR","video counter"
2015,"2-Sep",5569.45,"SPR","video counter"
2015,"3-Sep",7520,"SPR","video counter"
2015,"4-Sep",9138.01,"SPR","video counter"
2015,"5-Sep",14035,"SPR","video counter"
2015,"6-Sep",15842.58,"SPR","video counter"
2015,"7-Sep",15822.01,"SPR","video counter"
2015,"8-Sep",13168.01,"SPR","video counter"
2015,"9-Sep",11593,"SPR","video counter"
2015,"10-Sep",5367.01,"SPR","video counter"
2015,"11-Sep",4357.99,"SPR","video counter"
2015,"12-Sep",2463,"SPR","video counter"
2015,"13-Sep",1950.21,"SPR","video counter"
2015,"14-Sep",697.99,"SPR","video counter"
2015,"15-Sep",684.07,"SPR","video counter"
2015,"16-Sep",684.93,"SPR","video counter"
2015,"17-Sep",1304.01,"SPR","video counter"
2015,"18-Sep",1248.87,"SPR","video counter"
2015,"19-Sep",1705.01,"SPR","video counter"
2015,"20-Sep",2224,"SPR","video counter"
2015,"21-Sep",2311.24,"SPR","video counter"
2015,"22-Sep",2417.99,"SPR","video counter"
2015,"23-Sep",1833.01,"SPR","video counter"
2015,"24-Sep",1804.99,"SPR","video counter"
2015,"25-Sep",1716.01,"SPR","video counter"
2015,"26-Sep",1487.86,"SPR","video counter"
2015,"27-Sep",1197,"SPR","video counter"
2015,"28-Sep",1107,"SPR","video counter"
2015,"29-Sep",900.09,"SPR","video counter"
2015,"30-Sep",645.01,"SPR","video counter"
2015,"1-Oct",360.03,"SPR","video counter"
2015,"2-Oct",332,"SPR","video counter"
2015,"3-Oct",435.01,"SPR","video counter"
2015,"4-Oct",153.99,"SPR","video counter"
2015,"5-Oct",158.01,"SPR","video counter"
2015,"6-Oct",112,"SPR","video counter"
2015,"7-Oct",119.01,"SPR","video counter"
2015,"8-Oct",133,"SPR","video counter"
2015,"9-Oct",118,"SPR","video counter"
2015,"10-Oct",105,"SPR","video counter"
2015,"11-Oct",638,"SPR","video counter"
2015,"12-Oct",808.01,"SPR","video counter"
2015,"13-Oct",525.01,"SPR","video counter"
2015,"14-Oct",323,"SPR","video counter"
2015,"15-Oct",242.99,"SPR","video counter"
2015,"16-Oct",204,"SPR","video counter"
2015,"17-Oct",182,"SPR","video counter"
2015,"18-Oct",145,"SPR","video counter"
2015,"19-Oct",104,"SPR","video counter"
2015,"20-Oct",73,"SPR","video counter"
2015,"21-Oct",46.01,"SPR","video counter"
2015,"22-Oct",51,"SPR","video counter"
2015,"23-Oct",34,"SPR","video counter"
2015,"24-Oct",20.99,"SPR","video counter"
2015,"25-Oct",19.99,"SPR","video counter"
2015,"26-Oct",30.01,"SPR","video counter"
2015,"27-Oct",28,"SPR","video counter"
2015,"28-Oct",23,"SPR","video counter"
2015,"29-Oct",28,"SPR","video counter"
2015,"30-Oct",35.01,"SPR","video counter"
2015,"31-Oct",37,"SPR","video counter"
2015,"1-Nov",78,"SPR","video counter"
2015,"2-Nov",69.01,"SPR","video counter"
2015,"3-Nov",79.01,"SPR","video counter"
2015,"4-Nov",83,"SPR","video counter"
2015,"5-Nov",60,"SPR","video counter"
2015,"6-Nov",48,"SPR","video counter"
2015,"7-Nov",19.99,"SPR","video counter"
2015,"8-Nov",16,"SPR","video counter"
2015,"9-Nov",41,"SPR","video counter"
2015,"10-Nov",51,"SPR","video counter"
2015,"11-Nov",2.01,"SPR","video counter"
2015,"12-Nov",0,"SPR","video counter"
2015,"13-Nov",0,"SPR","video counter"
2015,"14-Nov",0,"SPR","video counter"
2015,"15-Nov",0,"SPR","video counter"
2014,"1-May",0,"GCL","video counter"
2014,"2-May",0,"GCL","video counter"
2014,"3-May",0,"GCL","video counter"
2014,"4-May",0,"GCL","video counter"
2014,"5-May",0,"GCL","video counter"
2014,"6-May",0,"GCL","video counter"
2014,"7-May",0,"GCL","video counter"
2014,"8-May",0,"GCL","video counter"
2014,"9-May",0,"GCL","video counter"
2014,"10-May",0,"GCL","video counter"
2014,"11-May",0,"GCL","video counter"
2014,"12-May",0,"GCL","video counter"
2014,"13-May",0,"GCL","video counter"
2014,"14-May",0,"GCL","video counter"
2014,"15-May",0,"GCL","video counter"
2014,"16-May",0,"GCL","video counter"
2014,"17-May",0,"GCL","video counter"
2014,"18-May",0,"GCL","video counter"
2014,"19-May",0,"GCL","video counter"
2014,"20-May",0,"GCL","video counter"
2014,"21-May",2,"GCL","video counter"
2014,"22-May",1,"GCL","video counter"
2014,"23-May",0,"GCL","video counter"
2014,"24-May",2,"GCL","video counter"
2014,"25-May",3,"GCL","video counter"
2014,"26-May",27,"GCL","video counter"
2014,"27-May",11,"GCL","video counter"
2014,"28-May",10,"GCL","video counter"
2014,"29-May",6,"GCL","video counter"
2014,"30-May",4,"GCL","video counter"
2014,"31-May",15,"GCL","video counter"
2014,"1-Jun",45,"GCL","video counter"
2014,"2-Jun",59,"GCL","video counter"
2014,"3-Jun",157,"GCL","video counter"
2014,"4-Jun",175,"GCL","video counter"
2014,"5-Jun",70,"GCL","video counter"
2014,"6-Jun",62,"GCL","video counter"
2014,"7-Jun",88,"GCL","video counter"
2014,"8-Jun",123,"GCL","video counter"
2014,"9-Jun",209.5,"GCL","video counter"
2014,"10-Jun",425,"GCL","video counter"
2014,"11-Jun",477,"GCL","video counter"
2014,"12-Jun",359,"GCL","video counter"
2014,"13-Jun",290,"GCL","video counter"
2014,"14-Jun",239,"GCL","video counter"
2014,"15-Jun",272,"GCL","video counter"
2014,"16-Jun",296,"GCL","video counter"
2014,"17-Jun",312,"GCL","video counter"
2014,"18-Jun",633,"GCL","video counter"
2014,"19-Jun",481,"GCL","video counter"
2014,"20-Jun",529,"GCL","video counter"
2014,"21-Jun",561,"GCL","video counter"
2014,"22-Jun",3081,"GCL","video counter"
2014,"23-Jun",9867,"GCL","video counter"
2014,"24-Jun",4073,"GCL","video counter"
2014,"25-Jun",4829,"GCL","video counter"
2014,"26-Jun",8676,"GCL","video counter"
2014,"27-Jun",4973,"GCL","video counter"
2014,"28-Jun",3447,"GCL","video counter"
2014,"29-Jun",4254,"GCL","video counter"
2014,"30-Jun",4293,"GCL","video counter"
2014,"1-Jul",4092,"GCL","video counter"
2014,"2-Jul",3642,"GCL","video counter"
2014,"3-Jul",4182,"GCL","video counter"
2014,"4-Jul",2568,"GCL","video counter"
2014,"5-Jul",4590,"GCL","video counter"
2014,"6-Jul",9876,"GCL","video counter"
2014,"7-Jul",5850,"GCL","video counter"
2014,"8-Jul",5568,"GCL","video counter"
2014,"9-Jul",3036,"GCL","video counter"
2014,"10-Jul",1416,"GCL","video counter"
2014,"11-Jul",1072.479,"GCL","video counter"
2014,"12-Jul",1176,"GCL","video counter"
2014,"13-Jul",311,"GCL","video counter"
2014,"14-Jul",768,"GCL","video counter"
2014,"15-Jul",1017,"GCL","video counter"
2014,"16-Jul",1760,"GCL","video counter"
2014,"17-Jul",1416,"GCL","video counter"
2014,"18-Jul",1605,"GCL","video counter"
2014,"19-Jul",1014,"GCL","video counter"
2014,"20-Jul",2039,"GCL","video counter"
2014,"21-Jul",1746,"GCL","video counter"
2014,"22-Jul",2768,"GCL","video counter"
2014,"23-Jul",3370,"GCL","video counter"
2014,"24-Jul",2907,"GCL","video counter"
2014,"25-Jul",2886,"GCL","video counter"
2014,"26-Jul",2424,"GCL","video counter"
2014,"27-Jul",2295,"GCL","video counter"
2014,"28-Jul",2496,"GCL","video counter"
2014,"29-Jul",1200,"GCL","video counter"
2014,"30-Jul",975,"GCL","video counter"
2014,"31-Jul",1443,"GCL","video counter"
2014,"1-Aug",1728,"GCL","video counter"
2014,"2-Aug",828,"GCL","video counter"
2014,"3-Aug",370,"GCL","video counter"
2014,"4-Aug",497,"GCL","video counter"
2014,"5-Aug",328,"GCL","video counter"
2014,"6-Aug",1160,"GCL","video counter"
2014,"7-Aug",1761,"GCL","video counter"
2014,"8-Aug",1386,"GCL","video counter"
2014,"9-Aug",1539,"GCL","video counter"
2014,"10-Aug",2520,"GCL","video counter"
2014,"11-Aug",2854,"GCL","video counter"
2014,"12-Aug",2998,"GCL","video counter"
2014,"13-Aug",1569,"GCL","video counter"
2014,"14-Aug",1386,"GCL","video counter"
2014,"15-Aug",2565,"GCL","video counter"
2014,"16-Aug",1312,"GCL","video counter"
2014,"17-Aug",1176,"GCL","video counter"
2014,"18-Aug",1434,"GCL","video counter"
2014,"19-Aug",1696,"GCL","video counter"
2014,"20-Aug",947,"GCL","video counter"
2014,"21-Aug",810,"GCL","video counter"
2014,"22-Aug",375,"GCL","video counter"
2014,"23-Aug",406,"GCL","video counter"
2014,"24-Aug",396,"GCL","video counter"
2014,"25-Aug",468,"GCL","video counter"
2014,"26-Aug",368,"GCL","video counter"
2014,"27-Aug",327.181818181818,"GCL","video counter"
2014,"28-Aug",299.763636363636,"GCL","video counter"
2014,"29-Aug",272.345454545455,"GCL","video counter"
2014,"30-Aug",244.927272727273,"GCL","video counter"
2014,"31-Aug",217.509090909091,"GCL","video counter"
2014,"1-Sep",190.090909090909,"GCL","video counter"
2014,"2-Sep",162.672727272727,"GCL","video counter"
2014,"3-Sep",135.254545454545,"GCL","video counter"
2014,"4-Sep",107.836363636364,"GCL","video counter"
2014,"5-Sep",52.1909090909091,"GCL","video counter"
2014,"6-Sep",53,"GCL","video counter"
2014,"7-Sep",60,"GCL","video counter"
2014,"8-Sep",86,"GCL","video counter"
2014,"9-Sep",37,"GCL","video counter"
2014,"10-Sep",34,"GCL","video counter"
2014,"11-Sep",18,"GCL","video counter"
2014,"12-Sep",12,"GCL","video counter"
2014,"13-Sep",12,"GCL","video counter"
2014,"14-Sep",13,"GCL","video counter"
2014,"15-Sep",19,"GCL","video counter"
2014,"16-Sep",17,"GCL","video counter"
2014,"17-Sep",22,"GCL","video counter"
2014,"18-Sep",8,"GCL","video counter"
2014,"19-Sep",5,"GCL","video counter"
2014,"20-Sep",6,"GCL","video counter"
2014,"21-Sep",5,"GCL","video counter"
2014,"22-Sep",11,"GCL","video counter"
2014,"23-Sep",5,"GCL","video counter"
2014,"24-Sep",22,"GCL","video counter"
2014,"25-Sep",30,"GCL","video counter"
2014,"26-Sep",3,"GCL","video counter"
2014,"27-Sep",3,"GCL","video counter"
2014,"28-Sep",3,"GCL","video counter"
2014,"29-Sep",7,"GCL","video counter"
2014,"30-Sep",5,"GCL","video counter"
2014,"1-Oct",7,"GCL","video counter"
2014,"2-Oct",4,"GCL","video counter"
2014,"3-Oct",2,"GCL","video counter"
2014,"4-Oct",11,"GCL","video counter"
2014,"5-Oct",30,"GCL","video counter"
2014,"6-Oct",34.5,"GCL","video counter"
2014,"7-Oct",30,"GCL","video counter"
2014,"8-Oct",28,"GCL","video counter"
2014,"9-Oct",26,"GCL","video counter"
2014,"10-Oct",21,"GCL","video counter"
2014,"11-Oct",38,"GCL","video counter"
2014,"12-Oct",18,"GCL","video counter"
2014,"13-Oct",10,"GCL","video counter"
2014,"14-Oct",58,"GCL","video counter"
2014,"15-Oct",148,"GCL","video counter"
2014,"16-Oct",88,"GCL","video counter"
2014,"17-Oct",42,"GCL","video counter"
2014,"18-Oct",4,"GCL","video counter"
2014,"19-Oct",4,"GCL","video counter"
2014,"20-Oct",0,"GCL","video counter"
2014,"21-Oct",0,"GCL","video counter"
2014,"22-Oct",0,"GCL","video counter"
2014,"23-Oct",0,"GCL","video counter"
2014,"24-Oct",0,"GCL","video counter"
2014,"25-Oct",0,"GCL","video counter"
2014,"26-Oct",0,"GCL","video counter"
2014,"27-Oct",0,"GCL","video counter"
2014,"28-Oct",0,"GCL","video counter"
2014,"29-Oct",0,"GCL","video counter"
2014,"30-Oct",0,"GCL","video counter"
2014,"31-Oct",0,"GCL","video counter"
2014,"1-Nov",0,"GCL","video counter"
2014,"2-Nov",0,"GCL","video counter"
2014,"3-Nov",0,"GCL","video counter"
2014,"4-Nov",0,"GCL","video counter"
2014,"5-Nov",0,"GCL","video counter"
2014,"6-Nov",0,"GCL","video counter"
2014,"7-Nov",0,"GCL","video counter"
2014,"8-Nov",0,"GCL","video counter"
2014,"9-Nov",0,"GCL","video counter"
2014,"10-Nov",0,"GCL","video counter"
2014,"11-Nov",0,"GCL","video counter"
2014,"12-Nov",0,"GCL","video counter"
2014,"13-Nov",0,"GCL","video counter"
2014,"14-Nov",0,"GCL","video counter"
2014,"15-Nov",0,"GCL","video counter"
2014,"1-May",0,"SPR","video counter"
2014,"2-May",4,"SPR","video counter"
2014,"3-May",7,"SPR","video counter"
2014,"4-May",5,"SPR","video counter"
2014,"5-May",4,"SPR","video counter"
2014,"6-May",4,"SPR","video counter"
2014,"7-May",4,"SPR","video counter"
2014,"8-May",4,"SPR","video counter"
2014,"9-May",3,"SPR","video counter"
2014,"10-May",6,"SPR","video counter"
2014,"11-May",3,"SPR","video counter"
2014,"12-May",14,"SPR","video counter"
2014,"13-May",25,"SPR","video counter"
2014,"14-May",43,"SPR","video counter"
2014,"15-May",122,"SPR","video counter"
2014,"16-May",103,"SPR","video counter"
2014,"17-May",55,"SPR","video counter"
2014,"18-May",60,"SPR","video counter"
2014,"19-May",42,"SPR","video counter"
2014,"20-May",36,"SPR","video counter"
2014,"21-May",29,"SPR","video counter"
2014,"22-May",37,"SPR","video counter"
2014,"23-May",13,"SPR","video counter"
2014,"24-May",241,"SPR","video counter"
2014,"25-May",154,"SPR","video counter"
2014,"26-May",175,"SPR","video counter"
2014,"27-May",109,"SPR","video counter"
2014,"28-May",63,"SPR","video counter"
2014,"29-May",171,"SPR","video counter"
2014,"30-May",475,"SPR","video counter"
2014,"31-May",621,"SPR","video counter"
2014,"1-Jun",422,"SPR","video counter"
2014,"2-Jun",1205,"SPR","video counter"
2014,"3-Jun",1023,"SPR","video counter"
2014,"4-Jun",1532,"SPR","video counter"
2014,"5-Jun",807,"SPR","video counter"
2014,"6-Jun",886,"SPR","video counter"
2014,"7-Jun",806,"SPR","video counter"
2014,"8-Jun",672,"SPR","video counter"
2014,"9-Jun",1545,"SPR","video counter"
2014,"10-Jun",4283.3681156015,"SPR","video counter"
2014,"11-Jun",1538.86271929825,"SPR","video counter"
2014,"12-Jun",3427.34478905597,"SPR","video counter"
2014,"13-Jun",1920.80208333333,"SPR","video counter"
2014,"14-Jun",1499.91212753822,"SPR","video counter"
2014,"15-Jun",902.75836983801,"SPR","video counter"
2014,"16-Jun",1508.4469028063,"SPR","video counter"
2014,"17-Jun",3856.1666338695,"SPR","video counter"
2014,"18-Jun",6863.70880675337,"SPR","video counter"
2014,"19-Jun",1789.28627654881,"SPR","video counter"
2014,"20-Jun",2041.32938894409,"SPR","video counter"
2014,"21-Jun",1518.61044629071,"SPR","video counter"
2014,"22-Jun",13761.8895118375,"SPR","video counter"
2014,"23-Jun",22402.8071208757,"SPR","video counter"
2014,"24-Jun",17712.453982567,"SPR","video counter"
2014,"25-Jun",11762.9284597046,"SPR","video counter"
2014,"26-Jun",9660.68920007614,"SPR","video counter"
2014,"27-Jun",16657.0680070885,"SPR","video counter"
2014,"28-Jun",10895.3139774295,"SPR","video counter"
2014,"29-Jun",12656.7416608147,"SPR","video counter"
2014,"30-Jun",9734.88116232305,"SPR","video counter"
2014,"1-Jul",9524.83011139728,"SPR","video counter"
2014,"2-Jul",4807.67691264222,"SPR","video counter"
2014,"3-Jul",14801.1821738338,"SPR","video counter"
2014,"4-Jul",6392.17360032781,"SPR","video counter"
2014,"5-Jul",11228.1968808979,"SPR","video counter"
2014,"6-Jul",19986.4764617802,"SPR","video counter"
2014,"7-Jul",13862.7626523209,"SPR","video counter"
2014,"8-Jul",7445.06699875467,"SPR","video counter"
2014,"9-Jul",3961.67028850145,"SPR","video counter"
2014,"10-Jul",4057.15764694894,"SPR","video counter"
2014,"11-Jul",4735.59933333333,"SPR","video counter"
2014,"12-Jul",3006.26944444444,"SPR","video counter"
2014,"13-Jul",2346.03153153153,"SPR","video counter"
2014,"14-Jul",1330.80916854354,"SPR","video counter"
2014,"15-Jul",2973.21029362696,"SPR","video counter"
2014,"16-Jul",3749.04239818172,"SPR","video counter"
2014,"17-Jul",3117.61838410238,"SPR","video counter"
2014,"18-Jul",2026.36000461177,"SPR","video counter"
2014,"19-Jul",3112.00277195703,"SPR","video counter"
2014,"20-Jul",3030.62957861002,"SPR","video counter"
2014,"21-Jul",6749.34357349003,"SPR","video counter"
2014,"22-Jul",10959.1818871687,"SPR","video counter"
2014,"23-Jul",8895.62644413225,"SPR","video counter"
2014,"24-Jul",9487.89044179168,"SPR","video counter"
2014,"25-Jul",9015.61060870088,"SPR","video counter"
2014,"26-Jul",8040.73592632841,"SPR","video counter"
2014,"27-Jul",5113.01328403164,"SPR","video counter"
2014,"28-Jul",4466.85084275826,"SPR","video counter"
2014,"29-Jul",1750.26467029643,"SPR","video counter"
2014,"30-Jul",1295.65283693635,"SPR","video counter"
2014,"31-Jul",1151.02159956542,"SPR","video counter"
2014,"1-Aug",1044.08538587849,"SPR","video counter"
2014,"2-Aug",1528.30454111469,"SPR","video counter"
2014,"3-Aug",777.056526784943,"SPR","video counter"
2014,"4-Aug",364.794992407126,"SPR","video counter"
2014,"5-Aug",106.666666666667,"SPR","video counter"
2014,"6-Aug",221.208289148109,"SPR","video counter"
2014,"7-Aug",2048.56344998233,"SPR","video counter"
2014,"8-Aug",3341.01935312831,"SPR","video counter"
2014,"9-Aug",1073.43544538706,"SPR","video counter"
2014,"10-Aug",433.676829268293,"SPR","video counter"
2014,"11-Aug",35.8317500294568,"SPR","video counter"
2014,"12-Aug",47,"SPR","video counter"
2014,"13-Aug",1101.95555555556,"SPR","video counter"
2014,"14-Aug",794.066666666667,"SPR","video counter"
2014,"15-Aug",168.933333333333,"SPR","video counter"
2014,"16-Aug",343.863492063492,"SPR","video counter"
2014,"17-Aug",174.803174603175,"SPR","video counter"
2014,"18-Aug",323.792857142857,"SPR","video counter"
2014,"19-Aug",443.412698412698,"SPR","video counter"
2014,"20-Aug",604.241178102065,"SPR","video counter"
2014,"21-Aug",319.306259600614,"SPR","video counter"
2014,"22-Aug",156.957661290323,"SPR","video counter"
2014,"23-Aug",112.983870967742,"SPR","video counter"
2014,"24-Aug",223.588709677419,"SPR","video counter"
2014,"25-Aug",209.676411290323,"SPR","video counter"
2014,"26-Aug",85,"SPR","video counter"
2014,"27-Aug",53.4388674388674,"SPR","video counter"
2014,"28-Aug",48.5456885456885,"SPR","video counter"
2014,"29-Aug",30.3243243243243,"SPR","video counter"
2014,"30-Aug",39.984555984556,"SPR","video counter"
2014,"31-Aug",52.3642213642214,"SPR","video counter"
2014,"1-Sep",25.6525096525097,"SPR","video counter"
2014,"2-Sep",37.0045045045045,"SPR","video counter"
2014,"3-Sep",46.2261904761905,"SPR","video counter"
2014,"4-Sep",28.7104247104247,"SPR","video counter"
2014,"5-Sep",28.5743243243243,"SPR","video counter"
2014,"6-Sep",9.91441441441442,"SPR","video counter"
2014,"7-Sep",8.83204633204633,"SPR","video counter"
2014,"8-Sep",7.63835263835264,"SPR","video counter"
2014,"9-Sep",1.58333333333333,"SPR","video counter"
2014,"10-Sep",6.24447771386547,"SPR","video counter"
2014,"11-Sep",6.15562209439761,"SPR","video counter"
2014,"12-Sep",1.51669161873244,"SPR","video counter"
2014,"13-Sep",10.4613439970583,"SPR","video counter"
2014,"14-Sep",7.36131904499252,"SPR","video counter"
2014,"15-Sep",2.90009980826307,"SPR","video counter"
2014,"16-Sep",12.8505239933811,"SPR","video counter"
2014,"17-Sep",4.07044799901943,"SPR","video counter"
2014,"18-Sep",26.4261199975486,"SPR","video counter"
2014,"19-Sep",71.5,"SPR","video counter"
2014,"20-Sep",16.5625,"SPR","video counter"
2014,"21-Sep",29.5208333333333,"SPR","video counter"
2014,"22-Sep",3.5625,"SPR","video counter"
2014,"23-Sep",11.625,"SPR","video counter"
2014,"24-Sep",27.9437830687831,"SPR","video counter"
2014,"25-Sep",795.621031746032,"SPR","video counter"
2014,"26-Sep",525.446428571429,"SPR","video counter"
2014,"27-Sep",245.77849025974,"SPR","video counter"
2014,"28-Sep",121.508658008658,"SPR","video counter"
2014,"29-Sep",81.0245490620491,"SPR","video counter"
2014,"30-Sep",57.8181818181818,"SPR","video counter"
2014,"1-Oct",39.5257575757576,"SPR","video counter"
2014,"2-Oct",25.6833333333333,"SPR","video counter"
2014,"3-Oct",27.4431818181818,"SPR","video counter"
2014,"4-Oct",48.3380681818182,"SPR","video counter"
2014,"5-Oct",89.6875,"SPR","video counter"
2014,"6-Oct",263.480113636364,"SPR","video counter"
2014,"7-Oct",207.954545454545,"SPR","video counter"
2014,"8-Oct",145.389277389277,"SPR","video counter"
2014,"9-Oct",292.487179487179,"SPR","video counter"
2014,"10-Oct",267.622377622378,"SPR","video counter"
2014,"11-Oct",117.344951923077,"SPR","video counter"
2014,"12-Oct",103.578185703186,"SPR","video counter"
2014,"13-Oct",123.702068764569,"SPR","video counter"
2014,"14-Oct",1335.20833333333,"SPR","video counter"
2014,"15-Oct",1977.63888888889,"SPR","video counter"
2014,"16-Oct",1140.86805555556,"SPR","video counter"
2014,"17-Oct",727.013888888889,"SPR","video counter"
2014,"18-Oct",463.194444444444,"SPR","video counter"
2014,"19-Oct",349.409722222222,"SPR","video counter"
2014,"20-Oct",252.743055555556,"SPR","video counter"
2014,"21-Oct",77.5347222222222,"SPR","video counter"
2014,"22-Oct",0,"SPR","video counter"
2014,"23-Oct",0,"SPR","video counter"
2014,"24-Oct",0,"SPR","video counter"
2014,"25-Oct",0,"SPR","video counter"
2014,"26-Oct",0,"SPR","video counter"
2014,"27-Oct",0,"SPR","video counter"
2014,"28-Oct",0,"SPR","video counter"
2014,"29-Oct",0,"SPR","video counter"
2014,"30-Oct",0,"SPR","video counter"
2014,"31-Oct",0,"SPR","video counter"
2014,"1-Nov",0,"SPR","video counter"
2014,"2-Nov",0,"SPR","video counter"
2014,"3-Nov",0,"SPR","video counter"
2014,"4-Nov",0,"SPR","video counter"
2014,"5-Nov",0,"SPR","video counter"
2014,"6-Nov",0,"SPR","video counter"
2014,"7-Nov",0,"SPR","video counter"
2014,"8-Nov",0,"SPR","video counter"
2014,"9-Nov",0,"SPR","video counter"
2014,"10-Nov",0,"SPR","video counter"
2014,"11-Nov",0,"SPR","video counter"
2014,"12-Nov",0,"SPR","video counter"
2014,"13-Nov",0,"SPR","video counter"
2014,"14-Nov",0,"SPR","video counter"
2014,"15-Nov",0,"SPR","video counter"
2013,"1-May",0,"GCL","video counter"
2013,"2-May",0,"GCL","video counter"
2013,"3-May",0,"GCL","video counter"
2013,"4-May",0,"GCL","video counter"
2013,"5-May",0,"GCL","video counter"
2013,"6-May",0,"GCL","video counter"
2013,"7-May",0,"GCL","video counter"
2013,"8-May",0,"GCL","video counter"
2013,"9-May",0,"GCL","video counter"
2013,"10-May",0,"GCL","video counter"
2013,"11-May",0,"GCL","video counter"
2013,"12-May",0,"GCL","video counter"
2013,"13-May",0,"GCL","video counter"
2013,"14-May",0,"GCL","video counter"
2013,"15-May",0,"GCL","video counter"
2013,"16-May",0,"GCL","video counter"
2013,"17-May",0,"GCL","video counter"
2013,"18-May",0,"GCL","video counter"
2013,"19-May",0,"GCL","video counter"
2013,"20-May",0,"GCL","video counter"
2013,"21-May",0,"GCL","video counter"
2013,"22-May",0,"GCL","video counter"
2013,"23-May",0,"GCL","video counter"
2013,"24-May",0,"GCL","video counter"
2013,"25-May",0,"GCL","video counter"
2013,"26-May",0,"GCL","video counter"
2013,"27-May",0,"GCL","video counter"
2013,"28-May",0,"GCL","video counter"
2013,"29-May",0,"GCL","video counter"
2013,"30-May",0,"GCL","video counter"
2013,"31-May",0,"GCL","video counter"
2013,"1-Jun",0,"GCL","video counter"
2013,"2-Jun",0,"GCL","video counter"
2013,"3-Jun",0,"GCL","video counter"
2013,"4-Jun",357,"GCL","video counter"
2013,"5-Jun",615,"GCL","video counter"
2013,"6-Jun",522,"GCL","video counter"
2013,"7-Jun",666,"GCL","video counter"
2013,"8-Jun",798,"GCL","video counter"
2013,"9-Jun",771,"GCL","video counter"
2013,"10-Jun",786,"GCL","video counter"
2013,"11-Jun",978,"GCL","video counter"
2013,"12-Jun",813,"GCL","video counter"
2013,"13-Jun",1524,"GCL","video counter"
2013,"14-Jun",1602,"GCL","video counter"
2013,"15-Jun",1290,"GCL","video counter"
2013,"16-Jun",1383,"GCL","video counter"
2013,"17-Jun",1110,"GCL","video counter"
2013,"18-Jun",757.5,"GCL","video counter"
2013,"19-Jun",834,"GCL","video counter"
2013,"20-Jun",903,"GCL","video counter"
2013,"21-Jun",2121,"GCL","video counter"
2013,"22-Jun",1923,"GCL","video counter"
2013,"23-Jun",4377,"GCL","video counter"
2013,"24-Jun",7923,"GCL","video counter"
2013,"25-Jun",4158,"GCL","video counter"
2013,"26-Jun",2250,"GCL","video counter"
2013,"27-Jun",2937,"GCL","video counter"
2013,"28-Jun",1740,"GCL","video counter"
2013,"29-Jun",1848,"GCL","video counter"
2013,"30-Jun",2346,"GCL","video counter"
2013,"1-Jul",6765,"GCL","video counter"
2013,"2-Jul",6516,"GCL","video counter"
2013,"3-Jul",5778,"GCL","video counter"
2013,"4-Jul",6192,"GCL","video counter"
2013,"5-Jul",1782,"GCL","video counter"
2013,"6-Jul",1750.5,"GCL","video counter"
2013,"7-Jul",1308,"GCL","video counter"
2013,"8-Jul",609,"GCL","video counter"
2013,"9-Jul",621,"GCL","video counter"
2013,"10-Jul",849,"GCL","video counter"
2013,"11-Jul",1533,"GCL","video counter"
2013,"12-Jul",1254,"GCL","video counter"
2013,"13-Jul",1650,"GCL","video counter"
2013,"14-Jul",2484,"GCL","video counter"
2013,"15-Jul",1365,"GCL","video counter"
2013,"16-Jul",2025,"GCL","video counter"
2013,"17-Jul",2205,"GCL","video counter"
2013,"18-Jul",4290,"GCL","video counter"
2013,"19-Jul",9201,"GCL","video counter"
2013,"20-Jul",12285,"GCL","video counter"
2013,"21-Jul",14832,"GCL","video counter"
2013,"22-Jul",7668,"GCL","video counter"
2013,"23-Jul",3906,"GCL","video counter"
2013,"24-Jul",3270,"GCL","video counter"
2013,"25-Jul",4122,"GCL","video counter"
2013,"26-Jul",4299,"GCL","video counter"
2013,"27-Jul",2892,"GCL","video counter"
2013,"28-Jul",2196,"GCL","video counter"
2013,"29-Jul",2547,"GCL","video counter"
2013,"30-Jul",1440,"GCL","video counter"
2013,"31-Jul",1491,"GCL","video counter"
2013,"1-Aug",1554,"GCL","video counter"
2013,"2-Aug",789,"GCL","video counter"
2013,"3-Aug",384,"GCL","video counter"
2013,"4-Aug",540,"GCL","video counter"
2013,"5-Aug",849,"GCL","video counter"
2013,"6-Aug",1065,"GCL","video counter"
2013,"7-Aug",633,"GCL","video counter"
2013,"8-Aug",2124,"GCL","video counter"
2013,"9-Aug",1311,"GCL","video counter"
2013,"10-Aug",1899,"GCL","video counter"
2013,"11-Aug",969,"GCL","video counter"
2013,"12-Aug",780,"GCL","video counter"
2013,"13-Aug",732,"GCL","video counter"
2013,"14-Aug",417,"GCL","video counter"
2013,"15-Aug",393,"GCL","video counter"
2013,"16-Aug",612,"GCL","video counter"
2013,"17-Aug",675,"GCL","video counter"
2013,"18-Aug",210,"GCL","video counter"
2013,"19-Aug",312,"GCL","video counter"
2013,"20-Aug",204,"GCL","video counter"
2013,"21-Aug",78,"GCL","video counter"
2013,"22-Aug",144,"GCL","video counter"
2013,"23-Aug",147,"GCL","video counter"
2013,"24-Aug",117,"GCL","video counter"
2013,"25-Aug",132,"GCL","video counter"
2013,"26-Aug",63,"GCL","video counter"
2013,"27-Aug",96,"GCL","video counter"
2013,"28-Aug",72,"GCL","video counter"
2013,"29-Aug",213,"GCL","video counter"
2013,"30-Aug",157.5,"GCL","video counter"
2013,"31-Aug",57,"GCL","video counter"
2013,"1-Sep",48,"GCL","video counter"
2013,"2-Sep",39,"GCL","video counter"
2013,"3-Sep",24,"GCL","video counter"
2013,"4-Sep",9,"GCL","video counter"
2013,"5-Sep",6,"GCL","video counter"
2013,"6-Sep",0,"GCL","video counter"
2013,"7-Sep",9,"GCL","video counter"
2013,"8-Sep",12,"GCL","video counter"
2013,"9-Sep",21,"GCL","video counter"
2013,"10-Sep",14,"GCL","video counter"
2013,"11-Sep",7,"GCL","video counter"
2013,"12-Sep",1,"GCL","video counter"
2013,"13-Sep",8,"GCL","video counter"
2013,"14-Sep",0,"GCL","video counter"
2013,"15-Sep",0,"GCL","video counter"
2013,"16-Sep",0,"GCL","video counter"
2013,"17-Sep",5,"GCL","video counter"
2013,"18-Sep",4,"GCL","video counter"
2013,"19-Sep",7,"GCL","video counter"
2013,"20-Sep",0,"GCL","video counter"
2013,"21-Sep",4,"GCL","video counter"
2013,"22-Sep",0,"GCL","video counter"
2013,"23-Sep",2,"GCL","video counter"
2013,"24-Sep",0,"GCL","video counter"
2013,"25-Sep",5,"GCL","video counter"
2013,"26-Sep",1,"GCL","video counter"
2013,"27-Sep",0,"GCL","video counter"
2013,"28-Sep",1,"GCL","video counter"
2013,"29-Sep",1,"GCL","video counter"
2013,"30-Sep",18.5,"GCL","video counter"
2013,"1-Oct",18.5,"GCL","video counter"
2013,"2-Oct",18.5,"GCL","video counter"
2013,"3-Oct",18.5,"GCL","video counter"
2013,"4-Oct",22,"GCL","video counter"
2013,"5-Oct",36,"GCL","video counter"
2013,"6-Oct",18,"GCL","video counter"
2013,"7-Oct",13,"GCL","video counter"
2013,"8-Oct",17,"GCL","video counter"
2013,"9-Oct",4,"GCL","video counter"
2013,"10-Oct",10,"GCL","video counter"
2013,"11-Oct",9,"GCL","video counter"
2013,"12-Oct",14,"GCL","video counter"
2013,"13-Oct",5,"GCL","video counter"
2013,"14-Oct",9,"GCL","video counter"
2013,"15-Oct",3,"GCL","video counter"
2013,"16-Oct",4.5,"GCL","video counter"
2013,"17-Oct",2,"GCL","video counter"
2013,"18-Oct",2,"GCL","video counter"
2013,"19-Oct",3,"GCL","video counter"
2013,"20-Oct",1,"GCL","video counter"
2013,"21-Oct",1,"GCL","video counter"
2013,"22-Oct",4,"GCL","video counter"
2013,"23-Oct",2,"GCL","video counter"
2013,"24-Oct",3,"GCL","video counter"
2013,"25-Oct",3,"GCL","video counter"
2013,"26-Oct",3,"GCL","video counter"
2013,"27-Oct",2,"GCL","video counter"
2013,"28-Oct",0,"GCL","video counter"
2013,"29-Oct",0,"GCL","video counter"
2013,"30-Oct",0,"GCL","video counter"
2013,"31-Oct",5,"GCL","video counter"
2013,"1-Nov",11,"GCL","video counter"
2013,"2-Nov",11.5,"GCL","video counter"
2013,"3-Nov",5,"GCL","video counter"
2013,"4-Nov",4,"GCL","video counter"
2013,"5-Nov",5,"GCL","video counter"
2013,"6-Nov",3,"GCL","video counter"
2013,"7-Nov",9,"GCL","video counter"
2013,"8-Nov",0,"GCL","video counter"
2013,"9-Nov",0,"GCL","video counter"
2013,"10-Nov",0,"GCL","video counter"
2013,"11-Nov",0,"GCL","video counter"
2013,"12-Nov",0,"GCL","video counter"
2013,"13-Nov",0,"GCL","video counter"
2013,"14-Nov",0,"GCL","video counter"
2013,"15-Nov",0,"GCL","video counter"
2013,"1-May",0,"SPR","video counter"
2013,"2-May",0,"SPR","video counter"
2013,"3-May",0,"SPR","video counter"
2013,"4-May",0,"SPR","video counter"
2013,"5-May",0,"SPR","video counter"
2013,"6-May",0,"SPR","video counter"
2013,"7-May",0,"SPR","video counter"
2013,"8-May",0,"SPR","video counter"
2013,"9-May",0,"SPR","video counter"
2013,"10-May",0,"SPR","video counter"
2013,"11-May",0,"SPR","video counter"
2013,"12-May",0,"SPR","video counter"
2013,"13-May",0,"SPR","video counter"
2013,"14-May",0,"SPR","video counter"
2013,"15-May",0,"SPR","video counter"
2013,"16-May",0,"SPR","video counter"
2013,"17-May",0,"SPR","video counter"
2013,"18-May",0,"SPR","video counter"
2013,"19-May",0,"SPR","video counter"
2013,"20-May",0,"SPR","video counter"
2013,"21-May",0,"SPR","video counter"
2013,"22-May",0,"SPR","video counter"
2013,"23-May",0,"SPR","video counter"
2013,"24-May",0,"SPR","video counter"
2013,"25-May",0,"SPR","video counter"
2013,"26-May",0,"SPR","video counter"
2013,"27-May",0,"SPR","video counter"
2013,"28-May",0,"SPR","video counter"
2013,"29-May",0,"SPR","video counter"
2013,"30-May",0,"SPR","video counter"
2013,"31-May",45.76,"SPR","video counter"
2013,"1-Jun",29.12,"SPR","video counter"
2013,"2-Jun",81.12,"SPR","video counter"
2013,"3-Jun",312,"SPR","video counter"
2013,"4-Jun",1163.76,"SPR","video counter"
2013,"5-Jun",1372.8,"SPR","video counter"
2013,"6-Jun",907.92,"SPR","video counter"
2013,"7-Jun",2170.395,"SPR","video counter"
2013,"8-Jun",2088.84,"SPR","video counter"
2013,"9-Jun",2057.175,"SPR","video counter"
2013,"10-Jun",1193.4,"SPR","video counter"
2013,"11-Jun",1498.14,"SPR","video counter"
2013,"12-Jun",3272.4,"SPR","video counter"
2013,"13-Jun",2803.95,"SPR","video counter"
2013,"14-Jun",1839,"SPR","video counter"
2013,"15-Jun",1927.73248066326,"SPR","video counter"
2013,"16-Jun",2504.60518174005,"SPR","video counter"
2013,"17-Jun",1979.67025933977,"SPR","video counter"
2013,"18-Jun",3341.05588190688,"SPR","video counter"
2013,"19-Jun",5714.69212881047,"SPR","video counter"
2013,"20-Jun",6839.1454002853,"SPR","video counter"
2013,"21-Jun",3928.26086956522,"SPR","video counter"
2013,"22-Jun",6722.12826086957,"SPR","video counter"
2013,"23-Jun",15961.7201863354,"SPR","video counter"
2013,"24-Jun",21870.4789596273,"SPR","video counter"
2013,"25-Jun",9892.20621118012,"SPR","video counter"
2013,"26-Jun",11307.6620082816,"SPR","video counter"
2013,"27-Jun",8049.40434782609,"SPR","video counter"
2013,"28-Jun",8904.66666666667,"SPR","video counter"
2013,"29-Jun",10677.6989174586,"SPR","video counter"
2013,"30-Jun",12835.0101350394,"SPR","video counter"
2013,"1-Jul",13443.4210435362,"SPR","video counter"
2013,"2-Jul",9861.02176488552,"SPR","video counter"
2013,"3-Jul",9840.21818181818,"SPR","video counter"
2013,"4-Jul",11024.6566558442,"SPR","video counter"
2013,"5-Jul",8690.70974025974,"SPR","video counter"
2013,"6-Jul",7571.99659090909,"SPR","video counter"
2013,"7-Jul",4762.65681818182,"SPR","video counter"
2013,"8-Jul",2694.52621753247,"SPR","video counter"
2013,"9-Jul",2513.57142857143,"SPR","video counter"
2013,"10-Jul",2366.49752475248,"SPR","video counter"
2013,"11-Jul",6368.891354314,"SPR","video counter"
2013,"12-Jul",7654.63366336634,"SPR","video counter"
2013,"13-Jul",7928.37517621659,"SPR","video counter"
2013,"14-Jul",12418.760380595,"SPR","video counter"
2013,"15-Jul",5995.01106451253,"SPR","video counter"
2013,"16-Jul",7605.57248983777,"SPR","video counter"
2013,"17-Jul",9301.59662296714,"SPR","video counter"
2013,"18-Jul",14364.5227970461,"SPR","video counter"
2013,"19-Jul",17962.1413043478,"SPR","video counter"
2013,"20-Jul",18169.9740303143,"SPR","video counter"
2013,"21-Jul",16900.7003741694,"SPR","video counter"
2013,"22-Jul",14675.6742341598,"SPR","video counter"
2013,"23-Jul",9213.30803608266,"SPR","video counter"
2013,"24-Jul",983.002012943407,"SPR","video counter"
2013,"25-Jul",449.065515629526,"SPR","video counter"
2013,"26-Jul",7149.27277352768,"SPR","video counter"
2013,"27-Jul",10997.9909356648,"SPR","video counter"
2013,"28-Jul",4500.95740567311,"SPR","video counter"
2013,"29-Jul",3866.97852476321,"SPR","video counter"
2013,"30-Jul",6790.58036090885,"SPR","video counter"
2013,"31-Jul",7276.91859117004,"SPR","video counter"
2013,"1-Aug",4569.35133694226,"SPR","video counter"
2013,"2-Aug",2279.64137458078,"SPR","video counter"
2013,"3-Aug",495.948447069116,"SPR","video counter"
2013,"4-Aug",2664.94426263123,"SPR","video counter"
2013,"5-Aug",1179.21285679134,"SPR","video counter"
2013,"6-Aug",3691.39130030621,"SPR","video counter"
2013,"7-Aug",1383,"SPR","video counter"
2013,"8-Aug",102,"SPR","video counter"
2013,"9-Aug",57,"SPR","video counter"
2013,"10-Aug",219.621515151515,"SPR","video counter"
2013,"11-Aug",4156.84515151515,"SPR","video counter"
2013,"12-Aug",1044.03272727273,"SPR","video counter"
2013,"13-Aug",4406.00181818182,"SPR","video counter"
2013,"14-Aug",1434.41439393939,"SPR","video counter"
2013,"15-Aug",2089.15656565657,"SPR","video counter"
2013,"16-Aug",1278.21043771044,"SPR","video counter"
2013,"17-Aug",1783.38484848485,"SPR","video counter"
2013,"18-Aug",1925.24503367003,"SPR","video counter"
2013,"19-Aug",623.272053872054,"SPR","video counter"
2013,"20-Aug",966.183585858586,"SPR","video counter"
2013,"21-Aug",449.940572390572,"SPR","video counter"
2013,"22-Aug",346.250757575758,"SPR","video counter"
2013,"23-Aug",646.8,"SPR","video counter"
2013,"24-Aug",703.05,"SPR","video counter"
2013,"25-Aug",315,"SPR","video counter"
2013,"26-Aug",285.975,"SPR","video counter"
2013,"27-Aug",357,"SPR","video counter"
2013,"28-Aug",459,"SPR","video counter"
2013,"29-Aug",714,"SPR","video counter"
2013,"30-Aug",2775,"SPR","video counter"
2013,"31-Aug",1365,"SPR","video counter"
2013,"1-Sep",843,"SPR","video counter"
2013,"2-Sep",390,"SPR","video counter"
2013,"3-Sep",321,"SPR","video counter"
2013,"4-Sep",192,"SPR","video counter"
2013,"5-Sep",159,"SPR","video counter"
2013,"6-Sep",138,"SPR","video counter"
2013,"7-Sep",354,"SPR","video counter"
2013,"8-Sep",78,"SPR","video counter"
2013,"9-Sep",33,"SPR","video counter"
2013,"10-Sep",60,"SPR","video counter"
2013,"11-Sep",25,"SPR","video counter"
2013,"12-Sep",27,"SPR","video counter"
2013,"13-Sep",6,"SPR","video counter"
2013,"14-Sep",9,"SPR","video counter"
2013,"15-Sep",6,"SPR","video counter"
2013,"16-Sep",3,"SPR","video counter"
2013,"17-Sep",62,"SPR","video counter"
2013,"18-Sep",78,"SPR","video counter"
2013,"19-Sep",26,"SPR","video counter"
2013,"20-Sep",11,"SPR","video counter"
2013,"21-Sep",19,"SPR","video counter"
2013,"22-Sep",26,"SPR","video counter"
2013,"23-Sep",46,"SPR","video counter"
2013,"24-Sep",70.0909090909091,"SPR","video counter"
2013,"25-Sep",56,"SPR","video counter"
2013,"26-Sep",31,"SPR","video counter"
2013,"27-Sep",44,"SPR","video counter"
2013,"28-Sep",34,"SPR","video counter"
2013,"29-Sep",143,"SPR","video counter"
2013,"30-Sep",391,"SPR","video counter"
2013,"1-Oct",442,"SPR","video counter"
2013,"2-Oct",383,"SPR","video counter"
2013,"3-Oct",265,"SPR","video counter"
2013,"4-Oct",179,"SPR","video counter"
2013,"5-Oct",160,"SPR","video counter"
2013,"6-Oct",116,"SPR","video counter"
2013,"7-Oct",79,"SPR","video counter"
2013,"8-Oct",79,"SPR","video counter"
2013,"9-Oct",54,"SPR","video counter"
2013,"10-Oct",58,"SPR","video counter"
2013,"11-Oct",31,"SPR","video counter"
2013,"12-Oct",37,"SPR","video counter"
2013,"13-Oct",24,"SPR","video counter"
2013,"14-Oct",29,"SPR","video counter"
2013,"15-Oct",28,"SPR","video counter"
2013,"16-Oct",18,"SPR","video counter"
2013,"17-Oct",15,"SPR","video counter"
2013,"18-Oct",9,"SPR","video counter"
2013,"19-Oct",23,"SPR","video counter"
2013,"20-Oct",15,"SPR","video counter"
2013,"21-Oct",13,"SPR","video counter"
2013,"22-Oct",15,"SPR","video counter"
2013,"23-Oct",15,"SPR","video counter"
2013,"24-Oct",18,"SPR","video counter"
2013,"25-Oct",17,"SPR","video counter"
2013,"26-Oct",19,"SPR","video counter"
2013,"27-Oct",24,"SPR","video counter"
2013,"28-Oct",19,"SPR","video counter"
2013,"29-Oct",25,"SPR","video counter"
2013,"30-Oct",12,"SPR","video counter"
2013,"31-Oct",20,"SPR","video counter"
2013,"1-Nov",28,"SPR","video counter"
2013,"2-Nov",62,"SPR","video counter"
2013,"3-Nov",86,"SPR","video counter"
2013,"4-Nov",77,"SPR","video counter"
2013,"5-Nov",50,"SPR","video counter"
2013,"6-Nov",60,"SPR","video counter"
2013,"7-Nov",39,"SPR","video counter"
2013,"8-Nov",0,"SPR","video counter"
2013,"9-Nov",0,"SPR","video counter"
2013,"10-Nov",0,"SPR","video counter"
2013,"11-Nov",0,"SPR","video counter"
2013,"12-Nov",0,"SPR","video counter"
2013,"13-Nov",0,"SPR","video counter"
2013,"14-Nov",0,"SPR","video counter"
2013,"15-Nov",0,"SPR","video counter"
2012,"1-May",0,"GCL","video counter"
2012,"2-May",0,"GCL","video counter"
2012,"3-May",0,"GCL","video counter"
2012,"4-May",0,"GCL","video counter"
2012,"5-May",0,"GCL","video counter"
2012,"6-May",0,"GCL","video counter"
2012,"7-May",0,"GCL","video counter"
2012,"8-May",0,"GCL","video counter"
2012,"9-May",0,"GCL","video counter"
2012,"10-May",0,"GCL","video counter"
2012,"11-May",0,"GCL","video counter"
2012,"12-May",0,"GCL","video counter"
2012,"13-May",0,"GCL","video counter"
2012,"14-May",0,"GCL","video counter"
2012,"15-May",0,"GCL","video counter"
2012,"16-May",0,"GCL","video counter"
2012,"17-May",0,"GCL","video counter"
2012,"18-May",0,"GCL","video counter"
2012,"19-May",0,"GCL","video counter"
2012,"20-May",0,"GCL","video counter"
2012,"21-May",0,"GCL","video counter"
2012,"22-May",0,"GCL","video counter"
2012,"23-May",0,"GCL","video counter"
2012,"24-May",2,"GCL","video counter"
2012,"25-May",2,"GCL","video counter"
2012,"26-May",3,"GCL","video counter"
2012,"27-May",6,"GCL","video counter"
2012,"28-May",4,"GCL","video counter"
2012,"29-May",9,"GCL","video counter"
2012,"30-May",8,"GCL","video counter"
2012,"31-May",26,"GCL","video counter"
2012,"1-Jun",77,"GCL","video counter"
2012,"2-Jun",55,"GCL","video counter"
2012,"3-Jun",67,"GCL","video counter"
2012,"4-Jun",40,"GCL","video counter"
2012,"5-Jun",12,"GCL","video counter"
2012,"6-Jun",19,"GCL","video counter"
2012,"7-Jun",41,"GCL","video counter"
2012,"8-Jun",66,"GCL","video counter"
2012,"9-Jun",150,"GCL","video counter"
2012,"10-Jun",148,"GCL","video counter"
2012,"11-Jun",223,"GCL","video counter"
2012,"12-Jun",454,"GCL","video counter"
2012,"13-Jun",467,"GCL","video counter"
2012,"14-Jun",151,"GCL","video counter"
2012,"15-Jun",320,"GCL","video counter"
2012,"16-Jun",1036,"GCL","video counter"
2012,"17-Jun",1603,"GCL","video counter"
2012,"18-Jun",1241,"GCL","video counter"
2012,"19-Jun",781,"GCL","video counter"
2012,"20-Jun",889,"GCL","video counter"
2012,"21-Jun",749,"GCL","video counter"
2012,"22-Jun",1208,"GCL","video counter"
2012,"23-Jun",1145,"GCL","video counter"
2012,"24-Jun",1034,"GCL","video counter"
2012,"25-Jun",1268,"GCL","video counter"
2012,"26-Jun",3758,"GCL","video counter"
2012,"27-Jun",2236,"GCL","video counter"
2012,"28-Jun",8371,"GCL","video counter"
2012,"29-Jun",11128,"GCL","video counter"
2012,"30-Jun",12473,"GCL","video counter"
2012,"1-Jul",5203,"GCL","video counter"
2012,"2-Jul",4163,"GCL","video counter"
2012,"3-Jul",3762,"GCL","video counter"
2012,"4-Jul",2245,"GCL","video counter"
2012,"5-Jul",6938,"GCL","video counter"
2012,"6-Jul",4974,"GCL","video counter"
2012,"7-Jul",7240,"GCL","video counter"
2012,"8-Jul",13081,"GCL","video counter"
2012,"9-Jul",10698,"GCL","video counter"
2012,"10-Jul",6203,"GCL","video counter"
2012,"11-Jul",7237,"GCL","video counter"
2012,"12-Jul",6996,"GCL","video counter"
2012,"13-Jul",2208,"GCL","video counter"
2012,"14-Jul",2475,"GCL","video counter"
2012,"15-Jul",1674,"GCL","video counter"
2012,"16-Jul",1020,"GCL","video counter"
2012,"17-Jul",1134,"GCL","video counter"
2012,"18-Jul",757,"GCL","video counter"
2012,"19-Jul",615,"GCL","video counter"
2012,"20-Jul",822,"GCL","video counter"
2012,"21-Jul",644,"GCL","video counter"
2012,"22-Jul",693,"GCL","video counter"
2012,"23-Jul",408,"GCL","video counter"
2012,"24-Jul",259,"GCL","video counter"
2012,"25-Jul",318,"GCL","video counter"
2012,"26-Jul",716,"GCL","video counter"
2012,"27-Jul",666,"GCL","video counter"
2012,"28-Jul",442,"GCL","video counter"
2012,"29-Jul",624,"GCL","video counter"
2012,"30-Jul",534,"GCL","video counter"
2012,"31-Jul",348,"GCL","video counter"
2012,"1-Aug",384,"GCL","video counter"
2012,"2-Aug",287,"GCL","video counter"
2012,"3-Aug",219,"GCL","video counter"
2012,"4-Aug",177,"GCL","video counter"
2012,"5-Aug",185,"GCL","video counter"
2012,"6-Aug",340,"GCL","video counter"
2012,"7-Aug",169,"GCL","video counter"
2012,"8-Aug",173,"GCL","video counter"
2012,"9-Aug",140,"GCL","video counter"
2012,"10-Aug",80,"GCL","video counter"
2012,"11-Aug",87,"GCL","video counter"
2012,"12-Aug",89,"GCL","video counter"
2012,"13-Aug",99,"GCL","video counter"
2012,"14-Aug",25,"GCL","video counter"
2012,"15-Aug",27,"GCL","video counter"
2012,"16-Aug",48,"GCL","video counter"
2012,"17-Aug",32,"GCL","video counter"
2012,"18-Aug",30,"GCL","video counter"
2012,"19-Aug",18,"GCL","video counter"
2012,"20-Aug",27,"GCL","video counter"
2012,"21-Aug",45,"GCL","video counter"
2012,"22-Aug",40,"GCL","video counter"
2012,"23-Aug",28,"GCL","video counter"
2012,"24-Aug",16,"GCL","video counter"
2012,"25-Aug",8,"GCL","video counter"
2012,"26-Aug",8,"GCL","video counter"
2012,"27-Aug",2,"GCL","video counter"
2012,"28-Aug",0,"GCL","video counter"
2012,"29-Aug",2,"GCL","video counter"
2012,"30-Aug",6,"GCL","video counter"
2012,"31-Aug",10,"GCL","video counter"
2012,"1-Sep",9,"GCL","video counter"
2012,"2-Sep",9,"GCL","video counter"
2012,"3-Sep",17,"GCL","video counter"
2012,"4-Sep",6,"GCL","video counter"
2012,"5-Sep",0,"GCL","video counter"
2012,"6-Sep",95,"GCL","video counter"
2012,"7-Sep",0,"GCL","video counter"
2012,"8-Sep",0,"GCL","video counter"
2012,"9-Sep",0,"GCL","video counter"
2012,"10-Sep",9,"GCL","video counter"
2012,"11-Sep",6,"GCL","video counter"
2012,"12-Sep",0,"GCL","video counter"
2012,"13-Sep",3,"GCL","video counter"
2012,"14-Sep",3,"GCL","video counter"
2012,"15-Sep",3,"GCL","video counter"
2012,"16-Sep",0,"GCL","video counter"
2012,"17-Sep",0,"GCL","video counter"
2012,"18-Sep",0,"GCL","video counter"
2012,"19-Sep",3,"GCL","video counter"
2012,"20-Sep",0,"GCL","video counter"
2012,"21-Sep",0,"GCL","video counter"
2012,"22-Sep",0,"GCL","video counter"
2012,"23-Sep",0,"GCL","video counter"
2012,"24-Sep",0,"GCL","video counter"
2012,"25-Sep",1,"GCL","video counter"
2012,"26-Sep",0,"GCL","video counter"
2012,"27-Sep",0,"GCL","video counter"
2012,"28-Sep",1,"GCL","video counter"
2012,"29-Sep",0,"GCL","video counter"
2012,"30-Sep",0,"GCL","video counter"
2012,"1-Oct",0,"GCL","video counter"
2012,"2-Oct",0,"GCL","video counter"
2012,"3-Oct",0,"GCL","video counter"
2012,"4-Oct",0,"GCL","video counter"
2012,"5-Oct",0,"GCL","video counter"
2012,"6-Oct",1,"GCL","video counter"
2012,"7-Oct",0,"GCL","video counter"
2012,"8-Oct",1,"GCL","video counter"
2012,"9-Oct",0,"GCL","video counter"
2012,"10-Oct",0,"GCL","video counter"
2012,"11-Oct",0,"GCL","video counter"
2012,"12-Oct",0,"GCL","video counter"
2012,"13-Oct",0,"GCL","video counter"
2012,"14-Oct",1,"GCL","video counter"
2012,"15-Oct",0,"GCL","video counter"
2012,"16-Oct",0,"GCL","video counter"
2012,"17-Oct",0,"GCL","video counter"
2012,"18-Oct",0,"GCL","video counter"
2012,"19-Oct",0,"GCL","video counter"
2012,"20-Oct",1,"GCL","video counter"
2012,"21-Oct",1,"GCL","video counter"
2012,"22-Oct",0,"GCL","video counter"
2012,"23-Oct",0,"GCL","video counter"
2012,"24-Oct",0,"GCL","video counter"
2012,"25-Oct",0,"GCL","video counter"
2012,"26-Oct",0,"GCL","video counter"
2012,"27-Oct",0,"GCL","video counter"
2012,"28-Oct",0,"GCL","video counter"
2012,"29-Oct",1,"GCL","video counter"
2012,"30-Oct",0,"GCL","video counter"
2012,"31-Oct",2,"GCL","video counter"
2012,"1-Nov",1,"GCL","video counter"
2012,"2-Nov",0,"GCL","video counter"
2012,"3-Nov",1,"GCL","video counter"
2012,"4-Nov",0,"GCL","video counter"
2012,"5-Nov",1,"GCL","video counter"
2012,"6-Nov",0,"GCL","video counter"
2012,"7-Nov",0,"GCL","video counter"
2012,"8-Nov",0,"GCL","video counter"
2012,"9-Nov",0,"GCL","video counter"
2012,"10-Nov",0,"GCL","video counter"
2012,"11-Nov",0,"GCL","video counter"
2012,"12-Nov",0,"GCL","video counter"
2012,"13-Nov",0,"GCL","video counter"
2012,"14-Nov",0,"GCL","video counter"
2012,"15-Nov",0,"GCL","video counter"
2012,"1-May",0,"SPR","resistivity counter"
2012,"2-May",0,"SPR","resistivity counter"
2012,"3-May",0,"SPR","resistivity counter"
2012,"4-May",0,"SPR","resistivity counter"
2012,"5-May",0,"SPR","resistivity counter"
2012,"6-May",0,"SPR","resistivity counter"
2012,"7-May",0,"SPR","resistivity counter"
2012,"8-May",0,"SPR","resistivity counter"
2012,"9-May",0,"SPR","resistivity counter"
2012,"10-May",30,"SPR","resistivity counter"
2012,"11-May",7,"SPR","resistivity counter"
2012,"12-May",12,"SPR","resistivity counter"
2012,"13-May",15,"SPR","resistivity counter"
2012,"14-May",27,"SPR","resistivity counter"
2012,"15-May",72,"SPR","resistivity counter"
2012,"16-May",97,"SPR","resistivity counter"
2012,"17-May",138,"SPR","resistivity counter"
2012,"18-May",186,"SPR","resistivity counter"
2012,"19-May",185,"SPR","resistivity counter"
2012,"20-May",127,"SPR","resistivity counter"
2012,"21-May",142,"SPR","resistivity counter"
2012,"22-May",164,"SPR","resistivity counter"
2012,"23-May",238,"SPR","resistivity counter"
2012,"24-May",260,"SPR","resistivity counter"
2012,"25-May",333,"SPR","resistivity counter"
2012,"26-May",175,"SPR","resistivity counter"
2012,"27-May",612,"SPR","resistivity counter"
2012,"28-May",384,"SPR","resistivity counter"
2012,"29-May",239,"SPR","resistivity counter"
2012,"30-May",387,"SPR","resistivity counter"
2012,"31-May",922,"SPR","resistivity counter"
2012,"1-Jun",583,"SPR","resistivity counter"
2012,"2-Jun",1022,"SPR","resistivity counter"
2012,"3-Jun",744,"SPR","resistivity counter"
2012,"4-Jun",498,"SPR","resistivity counter"
2012,"5-Jun",511,"SPR","resistivity counter"
2012,"6-Jun",485,"SPR","resistivity counter"
2012,"7-Jun",2450,"SPR","resistivity counter"
2012,"8-Jun",2164,"SPR","resistivity counter"
2012,"9-Jun",1742,"SPR","resistivity counter"
2012,"10-Jun",2479,"SPR","resistivity counter"
2012,"11-Jun",1709,"SPR","resistivity counter"
2012,"12-Jun",1005,"SPR","resistivity counter"
2012,"13-Jun",1366,"SPR","resistivity counter"
2012,"14-Jun",4197,"SPR","resistivity counter"
2012,"15-Jun",1844,"SPR","resistivity counter"
2012,"16-Jun",953,"SPR","resistivity counter"
2012,"17-Jun",3989,"SPR","resistivity counter"
2012,"18-Jun",1519,"SPR","resistivity counter"
2012,"19-Jun",2764,"SPR","resistivity counter"
2012,"20-Jun",3296,"SPR","resistivity counter"
2012,"21-Jun",6252,"SPR","resistivity counter"
2012,"22-Jun",11374,"SPR","resistivity counter"
2012,"23-Jun",6636,"SPR","resistivity counter"
2012,"24-Jun",4132,"SPR","resistivity counter"
2012,"25-Jun",4446,"SPR","resistivity counter"
2012,"26-Jun",5496,"SPR","resistivity counter"
2012,"27-Jun",10822,"SPR","resistivity counter"
2012,"28-Jun",13329,"SPR","resistivity counter"
2012,"29-Jun",10849,"SPR","resistivity counter"
2012,"30-Jun",11306,"SPR","resistivity counter"
2012,"1-Jul",8061,"SPR","resistivity counter"
2012,"2-Jul",2538,"SPR","resistivity counter"
2012,"3-Jul",3818,"SPR","resistivity counter"
2012,"4-Jul",4771,"SPR","resistivity counter"
2012,"5-Jul",6341,"SPR","resistivity counter"
2012,"6-Jul",4141,"SPR","resistivity counter"
2012,"7-Jul",7764,"SPR","resistivity counter"
2012,"8-Jul",6036,"SPR","resistivity counter"
2012,"9-Jul",4202,"SPR","resistivity counter"
2012,"10-Jul",3505,"SPR","resistivity counter"
2012,"11-Jul",6413,"SPR","resistivity counter"
2012,"12-Jul",1739,"SPR","resistivity counter"
2012,"13-Jul",1710,"SPR","resistivity counter"
2012,"14-Jul",1502,"SPR","resistivity counter"
2012,"15-Jul",2069,"SPR","resistivity counter"
2012,"16-Jul",2467,"SPR","resistivity counter"
2012,"17-Jul",1492,"SPR","resistivity counter"
2012,"18-Jul",3875,"SPR","resistivity counter"
2012,"19-Jul",2861,"SPR","resistivity counter"
2012,"20-Jul",1772,"SPR","resistivity counter"
2012,"21-Jul",1130,"SPR","resistivity counter"
2012,"22-Jul",717,"SPR","resistivity counter"
2012,"23-Jul",2898,"SPR","resistivity counter"
2012,"24-Jul",3616,"SPR","resistivity counter"
2012,"25-Jul",3682,"SPR","resistivity counter"
2012,"26-Jul",2994,"SPR","resistivity counter"
2012,"27-Jul",1555,"SPR","resistivity counter"
2012,"28-Jul",913,"SPR","resistivity counter"
2012,"29-Jul",1486,"SPR","resistivity counter"
2012,"30-Jul",1598,"SPR","resistivity counter"
2012,"31-Jul",859,"SPR","resistivity counter"
2012,"1-Aug",1289,"SPR","resistivity counter"
2012,"2-Aug",536,"SPR","resistivity counter"
2012,"3-Aug",257,"SPR","resistivity counter"
2012,"4-Aug",606,"SPR","resistivity counter"
2012,"5-Aug",205,"SPR","resistivity counter"
2012,"6-Aug",128,"SPR","resistivity counter"
2012,"7-Aug",147,"SPR","resistivity counter"
2012,"8-Aug",129,"SPR","resistivity counter"
2012,"9-Aug",195,"SPR","resistivity counter"
2012,"10-Aug",303,"SPR","resistivity counter"
2012,"11-Aug",280,"SPR","resistivity counter"
2012,"12-Aug",161,"SPR","resistivity counter"
2012,"13-Aug",108,"SPR","resistivity counter"
2012,"14-Aug",158,"SPR","resistivity counter"
2012,"15-Aug",184,"SPR","resistivity counter"
2012,"16-Aug",123,"SPR","resistivity counter"
2012,"17-Aug",63,"SPR","resistivity counter"
2012,"18-Aug",37,"SPR","resistivity counter"
2012,"19-Aug",119,"SPR","resistivity counter"
2012,"20-Aug",156,"SPR","resistivity counter"
2012,"21-Aug",192,"SPR","resistivity counter"
2012,"22-Aug",238,"SPR","resistivity counter"
2012,"23-Aug",121,"SPR","resistivity counter"
2012,"24-Aug",130,"SPR","resistivity counter"
2012,"25-Aug",118,"SPR","resistivity counter"
2012,"26-Aug",50,"SPR","resistivity counter"
2012,"27-Aug",28,"SPR","resistivity counter"
2012,"28-Aug",11,"SPR","resistivity counter"
2012,"29-Aug",15,"SPR","resistivity counter"
2012,"30-Aug",17,"SPR","resistivity counter"
2012,"31-Aug",13,"SPR","resistivity counter"
2012,"1-Sep",13,"SPR","resistivity counter"
2012,"2-Sep",6,"SPR","resistivity counter"
2012,"3-Sep",4,"SPR","resistivity counter"
2012,"4-Sep",2,"SPR","resistivity counter"
2012,"5-Sep",0,"SPR","resistivity counter"
2012,"6-Sep",0,"SPR","resistivity counter"
2012,"7-Sep",0,"SPR","resistivity counter"
2012,"8-Sep",0,"SPR","resistivity counter"
2012,"9-Sep",0,"SPR","resistivity counter"
2012,"10-Sep",0,"SPR","resistivity counter"
2012,"11-Sep",0,"SPR","resistivity counter"
2012,"12-Sep",0,"SPR","resistivity counter"
2012,"13-Sep",0,"SPR","resistivity counter"
2012,"14-Sep",0,"SPR","resistivity counter"
2012,"15-Sep",0,"SPR","resistivity counter"
2012,"16-Sep",0,"SPR","resistivity counter"
2012,"17-Sep",0,"SPR","resistivity counter"
2012,"18-Sep",0,"SPR","resistivity counter"
2012,"19-Sep",0,"SPR","resistivity counter"
2012,"20-Sep",0,"SPR","resistivity counter"
2012,"21-Sep",0,"SPR","resistivity counter"
2012,"22-Sep",0,"SPR","resistivity counter"
2012,"23-Sep",0,"SPR","resistivity counter"
2012,"24-Sep",0,"SPR","resistivity counter"
2012,"25-Sep",0,"SPR","resistivity counter"
2012,"26-Sep",0,"SPR","resistivity counter"
2012,"27-Sep",0,"SPR","resistivity counter"
2012,"28-Sep",0,"SPR","resistivity counter"
2012,"29-Sep",0,"SPR","resistivity counter"
2012,"30-Sep",0,"SPR","resistivity counter"
2012,"1-Oct",0,"SPR","resistivity counter"
2012,"2-Oct",0,"SPR","resistivity counter"
2012,"3-Oct",0,"SPR","resistivity counter"
2012,"4-Oct",0,"SPR","resistivity counter"
2012,"5-Oct",0,"SPR","resistivity counter"
2012,"6-Oct",0,"SPR","resistivity counter"
2012,"7-Oct",0,"SPR","resistivity counter"
2012,"8-Oct",0,"SPR","resistivity counter"
2012,"9-Oct",0,"SPR","resistivity counter"
2012,"10-Oct",0,"SPR","resistivity counter"
2012,"11-Oct",0,"SPR","resistivity counter"
2012,"12-Oct",0,"SPR","resistivity counter"
2012,"13-Oct",0,"SPR","resistivity counter"
2012,"14-Oct",0,"SPR","resistivity counter"
2012,"15-Oct",0,"SPR","resistivity counter"
2012,"16-Oct",0,"SPR","resistivity counter"
2012,"17-Oct",0,"SPR","resistivity counter"
2012,"18-Oct",0,"SPR","resistivity counter"
2012,"19-Oct",0,"SPR","resistivity counter"
2012,"20-Oct",0,"SPR","resistivity counter"
2012,"21-Oct",0,"SPR","resistivity counter"
2012,"22-Oct",0,"SPR","resistivity counter"
2012,"23-Oct",0,"SPR","resistivity counter"
2012,"24-Oct",0,"SPR","resistivity counter"
2012,"25-Oct",0,"SPR","resistivity counter"
2012,"26-Oct",0,"SPR","resistivity counter"
2012,"27-Oct",0,"SPR","resistivity counter"
2012,"28-Oct",0,"SPR","resistivity counter"
2012,"29-Oct",0,"SPR","resistivity counter"
2012,"30-Oct",0,"SPR","resistivity counter"
2012,"31-Oct",0,"SPR","resistivity counter"
2012,"1-Nov",0,"SPR","resistivity counter"
2012,"2-Nov",0,"SPR","resistivity counter"
2012,"3-Nov",0,"SPR","resistivity counter"
2012,"4-Nov",0,"SPR","resistivity counter"
2012,"5-Nov",0,"SPR","resistivity counter"
2012,"6-Nov",0,"SPR","resistivity counter"
2012,"7-Nov",0,"SPR","resistivity counter"
2012,"8-Nov",0,"SPR","resistivity counter"
2012,"9-Nov",0,"SPR","resistivity counter"
2012,"10-Nov",0,"SPR","resistivity counter"
2012,"11-Nov",0,"SPR","resistivity counter"
2012,"12-Nov",0,"SPR","resistivity counter"
2012,"13-Nov",0,"SPR","resistivity counter"
2012,"14-Nov",0,"SPR","resistivity counter"
2012,"15-Nov",0,"SPR","resistivity counter"
2011,"1-May",0,"GCL","video counter"
2011,"2-May",0,"GCL","video counter"
2011,"3-May",0,"GCL","video counter"
2011,"4-May",0,"GCL","video counter"
2011,"5-May",0,"GCL","video counter"
2011,"6-May",0,"GCL","video counter"
2011,"7-May",0,"GCL","video counter"
2011,"8-May",0,"GCL","video counter"
2011,"9-May",0,"GCL","video counter"
2011,"10-May",3,"GCL","video counter"
2011,"11-May",6,"GCL","video counter"
2011,"12-May",3,"GCL","video counter"
2011,"13-May",0,"GCL","video counter"
2011,"14-May",5,"GCL","video counter"
2011,"15-May",3,"GCL","video counter"
2011,"16-May",4,"GCL","video counter"
2011,"17-May",1,"GCL","video counter"
2011,"18-May",2,"GCL","video counter"
2011,"19-May",3,"GCL","video counter"
2011,"20-May",2,"GCL","video counter"
2011,"21-May",4,"GCL","video counter"
2011,"22-May",5,"GCL","video counter"
2011,"23-May",4,"GCL","video counter"
2011,"24-May",3,"GCL","video counter"
2011,"25-May",1,"GCL","video counter"
2011,"26-May",4,"GCL","video counter"
2011,"27-May",2,"GCL","video counter"
2011,"28-May",5,"GCL","video counter"
2011,"29-May",2,"GCL","video counter"
2011,"30-May",10,"GCL","video counter"
2011,"31-May",5,"GCL","video counter"
2011,"1-Jun",13,"GCL","video counter"
2011,"2-Jun",17,"GCL","video counter"
2011,"3-Jun",28,"GCL","video counter"
2011,"4-Jun",26,"GCL","video counter"
2011,"5-Jun",31,"GCL","video counter"
2011,"6-Jun",42,"GCL","video counter"
2011,"7-Jun",40,"GCL","video counter"
2011,"8-Jun",18,"GCL","video counter"
2011,"9-Jun",29,"GCL","video counter"
2011,"10-Jun",45,"GCL","video counter"
2011,"11-Jun",28,"GCL","video counter"
2011,"12-Jun",71,"GCL","video counter"
2011,"13-Jun",77,"GCL","video counter"
2011,"14-Jun",83,"GCL","video counter"
2011,"15-Jun",149,"GCL","video counter"
2011,"16-Jun",354,"GCL","video counter"
2011,"17-Jun",402,"GCL","video counter"
2011,"18-Jun",819,"GCL","video counter"
2011,"19-Jun",1482,"GCL","video counter"
2011,"20-Jun",359,"GCL","video counter"
2011,"21-Jun",17350,"GCL","video counter"
2011,"22-Jun",11236,"GCL","video counter"
2011,"23-Jun",9615,"GCL","video counter"
2011,"24-Jun",12587,"GCL","video counter"
2011,"25-Jun",6235,"GCL","video counter"
2011,"26-Jun",13494,"GCL","video counter"
2011,"27-Jun",12729,"GCL","video counter"
2011,"28-Jun",17409,"GCL","video counter"
2011,"29-Jun",6536,"GCL","video counter"
2011,"30-Jun",8598,"GCL","video counter"
2011,"1-Jul",10627,"GCL","video counter"
2011,"2-Jul",19048,"GCL","video counter"
2011,"3-Jul",26023,"GCL","video counter"
2011,"4-Jul",28446,"GCL","video counter"
2011,"5-Jul",28812,"GCL","video counter"
2011,"6-Jul",35172,"GCL","video counter"
2011,"7-Jul",26162,"GCL","video counter"
2011,"8-Jul",10997,"GCL","video counter"
2011,"9-Jul",17797,"GCL","video counter"
2011,"10-Jul",13813,"GCL","video counter"
2011,"11-Jul",17692,"GCL","video counter"
2011,"12-Jul",10743,"GCL","video counter"
2011,"13-Jul",17458,"GCL","video counter"
2011,"14-Jul",6824,"GCL","video counter"
2011,"15-Jul",3140,"GCL","video counter"
2011,"16-Jul",3411,"GCL","video counter"
2011,"17-Jul",2790,"GCL","video counter"
2011,"18-Jul",2027,"GCL","video counter"
2011,"19-Jul",2360,"GCL","video counter"
2011,"20-Jul",3317,"GCL","video counter"
2011,"21-Jul",3500,"GCL","video counter"
2011,"22-Jul",2894,"GCL","video counter"
2011,"23-Jul",2743,"GCL","video counter"
2011,"24-Jul",3616,"GCL","video counter"
2011,"25-Jul",2345,"GCL","video counter"
2011,"26-Jul",3693,"GCL","video counter"
2011,"27-Jul",2534,"GCL","video counter"
2011,"28-Jul",1743,"GCL","video counter"
2011,"29-Jul",1460,"GCL","video counter"
2011,"30-Jul",1295,"GCL","video counter"
2011,"31-Jul",1014,"GCL","video counter"
2011,"1-Aug",759,"GCL","video counter"
2011,"2-Aug",1193,"GCL","video counter"
2011,"3-Aug",927,"GCL","video counter"
2011,"4-Aug",669,"GCL","video counter"
2011,"5-Aug",601,"GCL","video counter"
2011,"6-Aug",643,"GCL","video counter"
2011,"7-Aug",411,"GCL","video counter"
2011,"8-Aug",573,"GCL","video counter"
2011,"9-Aug",451,"GCL","video counter"
2011,"10-Aug",463,"GCL","video counter"
2011,"11-Aug",402,"GCL","video counter"
2011,"12-Aug",310,"GCL","video counter"
2011,"13-Aug",257,"GCL","video counter"
2011,"14-Aug",281,"GCL","video counter"
2011,"15-Aug",386,"GCL","video counter"
2011,"16-Aug",406,"GCL","video counter"
2011,"17-Aug",260,"GCL","video counter"
2011,"18-Aug",332,"GCL","video counter"
2011,"19-Aug",337,"GCL","video counter"
2011,"20-Aug",326,"GCL","video counter"
2011,"21-Aug",316,"GCL","video counter"
2011,"22-Aug",436,"GCL","video counter"
2011,"23-Aug",277,"GCL","video counter"
2011,"24-Aug",181,"GCL","video counter"
2011,"25-Aug",77,"GCL","video counter"
2011,"26-Aug",82,"GCL","video counter"
2011,"27-Aug",70,"GCL","video counter"
2011,"28-Aug",92,"GCL","video counter"
2011,"29-Aug",73,"GCL","video counter"
2011,"30-Aug",80,"GCL","video counter"
2011,"31-Aug",69,"GCL","video counter"
2011,"1-Sep",422,"GCL","video counter"
2011,"2-Sep",18,"GCL","video counter"
2011,"3-Sep",14,"GCL","video counter"
2011,"4-Sep",10,"GCL","video counter"
2011,"5-Sep",13,"GCL","video counter"
2011,"6-Sep",7,"GCL","video counter"
2011,"7-Sep",11,"GCL","video counter"
2011,"8-Sep",4,"GCL","video counter"
2011,"9-Sep",7,"GCL","video counter"
2011,"10-Sep",6,"GCL","video counter"
2011,"11-Sep",10,"GCL","video counter"
2011,"12-Sep",1,"GCL","video counter"
2011,"13-Sep",1,"GCL","video counter"
2011,"14-Sep",2,"GCL","video counter"
2011,"15-Sep",1,"GCL","video counter"
2011,"16-Sep",2,"GCL","video counter"
2011,"17-Sep",0,"GCL","video counter"
2011,"18-Sep",1,"GCL","video counter"
2011,"19-Sep",5,"GCL","video counter"
2011,"20-Sep",2,"GCL","video counter"
2011,"21-Sep",1,"GCL","video counter"
2011,"22-Sep",1,"GCL","video counter"
2011,"23-Sep",3,"GCL","video counter"
2011,"24-Sep",3,"GCL","video counter"
2011,"25-Sep",0,"GCL","video counter"
2011,"26-Sep",0,"GCL","video counter"
2011,"27-Sep",0,"GCL","video counter"
2011,"28-Sep",0,"GCL","video counter"
2011,"29-Sep",0,"GCL","video counter"
2011,"30-Sep",0,"GCL","video counter"
2011,"1-Oct",2,"GCL","video counter"
2011,"2-Oct",0,"GCL","video counter"
2011,"3-Oct",1,"GCL","video counter"
2011,"4-Oct",0,"GCL","video counter"
2011,"5-Oct",0,"GCL","video counter"
2011,"6-Oct",0,"GCL","video counter"
2011,"7-Oct",1,"GCL","video counter"
2011,"8-Oct",0,"GCL","video counter"
2011,"9-Oct",1,"GCL","video counter"
2011,"10-Oct",1,"GCL","video counter"
2011,"11-Oct",0,"GCL","video counter"
2011,"12-Oct",0,"GCL","video counter"
2011,"13-Oct",0,"GCL","video counter"
2011,"14-Oct",2,"GCL","video counter"
2011,"15-Oct",0,"GCL","video counter"
2011,"16-Oct",1,"GCL","video counter"
2011,"17-Oct",2,"GCL","video counter"
2011,"18-Oct",1,"GCL","video counter"
2011,"19-Oct",2,"GCL","video counter"
2011,"20-Oct",2,"GCL","video counter"
2011,"21-Oct",4,"GCL","video counter"
2011,"22-Oct",3,"GCL","video counter"
2011,"23-Oct",2,"GCL","video counter"
2011,"24-Oct",0,"GCL","video counter"
2011,"25-Oct",1,"GCL","video counter"
2011,"26-Oct",0,"GCL","video counter"
2011,"27-Oct",4,"GCL","video counter"
2011,"28-Oct",2,"GCL","video counter"
2011,"29-Oct",11,"GCL","video counter"
2011,"30-Oct",4,"GCL","video counter"
2011,"31-Oct",2,"GCL","video counter"
2011,"1-Nov",6,"GCL","video counter"
2011,"2-Nov",0,"GCL","video counter"
2011,"3-Nov",5,"GCL","video counter"
2011,"4-Nov",0,"GCL","video counter"
2011,"5-Nov",0,"GCL","video counter"
2011,"6-Nov",0,"GCL","video counter"
2011,"7-Nov",0,"GCL","video counter"
2011,"8-Nov",0,"GCL","video counter"
2011,"9-Nov",0,"GCL","video counter"
2011,"10-Nov",0,"GCL","video counter"
2011,"11-Nov",0,"GCL","video counter"
2011,"12-Nov",0,"GCL","video counter"
2011,"13-Nov",0,"GCL","video counter"
2011,"14-Nov",0,"GCL","video counter"
2011,"15-Nov",0,"GCL","video counter"
2011,"1-May",0,"SPR","resistivity counter"
2011,"2-May",0,"SPR","resistivity counter"
2011,"3-May",0,"SPR","resistivity counter"
2011,"4-May",0,"SPR","resistivity counter"
2011,"5-May",0,"SPR","resistivity counter"
2011,"6-May",0,"SPR","resistivity counter"
2011,"7-May",0,"SPR","resistivity counter"
2011,"8-May",0,"SPR","resistivity counter"
2011,"9-May",0,"SPR","resistivity counter"
2011,"10-May",0,"SPR","resistivity counter"
2011,"11-May",36,"SPR","resistivity counter"
2011,"12-May",102,"SPR","resistivity counter"
2011,"13-May",80,"SPR","resistivity counter"
2011,"14-May",50,"SPR","resistivity counter"
2011,"15-May",114,"SPR","resistivity counter"
2011,"16-May",116,"SPR","resistivity counter"
2011,"17-May",131,"SPR","resistivity counter"
2011,"18-May",159,"SPR","resistivity counter"
2011,"19-May",63,"SPR","resistivity counter"
2011,"20-May",225,"SPR","resistivity counter"
2011,"21-May",284,"SPR","resistivity counter"
2011,"22-May",219,"SPR","resistivity counter"
2011,"23-May",181,"SPR","resistivity counter"
2011,"24-May",151,"SPR","resistivity counter"
2011,"25-May",152,"SPR","resistivity counter"
2011,"26-May",157,"SPR","resistivity counter"
2011,"27-May",239,"SPR","resistivity counter"
2011,"28-May",421,"SPR","resistivity counter"
2011,"29-May",318,"SPR","resistivity counter"
2011,"30-May",426,"SPR","resistivity counter"
2011,"31-May",680,"SPR","resistivity counter"
2011,"1-Jun",486,"SPR","resistivity counter"
2011,"2-Jun",1124,"SPR","resistivity counter"
2011,"3-Jun",1537,"SPR","resistivity counter"
2011,"4-Jun",898,"SPR","resistivity counter"
2011,"5-Jun",3176,"SPR","resistivity counter"
2011,"6-Jun",5283,"SPR","resistivity counter"
2011,"7-Jun",3013,"SPR","resistivity counter"
2011,"8-Jun",1823,"SPR","resistivity counter"
2011,"9-Jun",3377,"SPR","resistivity counter"
2011,"10-Jun",4090,"SPR","resistivity counter"
2011,"11-Jun",5279,"SPR","resistivity counter"
2011,"12-Jun",4606,"SPR","resistivity counter"
2011,"13-Jun",2610,"SPR","resistivity counter"
2011,"14-Jun",5502,"SPR","resistivity counter"
2011,"15-Jun",11253,"SPR","resistivity counter"
2011,"16-Jun",9213,"SPR","resistivity counter"
2011,"17-Jun",6566,"SPR","resistivity counter"
2011,"18-Jun",5051,"SPR","resistivity counter"
2011,"19-Jun",6363,"SPR","resistivity counter"
2011,"20-Jun",2810,"SPR","resistivity counter"
2011,"21-Jun",2405,"SPR","resistivity counter"
2011,"22-Jun",3209,"SPR","resistivity counter"
2011,"23-Jun",6728,"SPR","resistivity counter"
2011,"24-Jun",10560,"SPR","resistivity counter"
2011,"25-Jun",6060,"SPR","resistivity counter"
2011,"26-Jun",2219,"SPR","resistivity counter"
2011,"27-Jun",2119,"SPR","resistivity counter"
2011,"28-Jun",6036,"SPR","resistivity counter"
2011,"29-Jun",21810,"SPR","resistivity counter"
2011,"30-Jun",20633,"SPR","resistivity counter"
2011,"1-Jul",26026,"SPR","resistivity counter"
2011,"2-Jul",23399,"SPR","resistivity counter"
2011,"3-Jul",22572,"SPR","resistivity counter"
2011,"4-Jul",9722,"SPR","resistivity counter"
2011,"5-Jul",14745,"SPR","resistivity counter"
2011,"6-Jul",14359,"SPR","resistivity counter"
2011,"7-Jul",22477,"SPR","resistivity counter"
2011,"8-Jul",17545,"SPR","resistivity counter"
2011,"9-Jul",11548,"SPR","resistivity counter"
2011,"10-Jul",10856,"SPR","resistivity counter"
2011,"11-Jul",5883,"SPR","resistivity counter"
2011,"12-Jul",5463,"SPR","resistivity counter"
2011,"13-Jul",4156,"SPR","resistivity counter"
2011,"14-Jul",5954,"SPR","resistivity counter"
2011,"15-Jul",5786,"SPR","resistivity counter"
2011,"16-Jul",3868,"SPR","resistivity counter"
2011,"17-Jul",3070,"SPR","resistivity counter"
2011,"18-Jul",2407,"SPR","resistivity counter"
2011,"19-Jul",2356,"SPR","resistivity counter"
2011,"20-Jul",3432,"SPR","resistivity counter"
2011,"21-Jul",6036,"SPR","resistivity counter"
2011,"22-Jul",2577,"SPR","resistivity counter"
2011,"23-Jul",2060,"SPR","resistivity counter"
2011,"24-Jul",2796,"SPR","resistivity counter"
2011,"25-Jul",4053,"SPR","resistivity counter"
2011,"26-Jul",4210,"SPR","resistivity counter"
2011,"27-Jul",2388,"SPR","resistivity counter"
2011,"28-Jul",1977,"SPR","resistivity counter"
2011,"29-Jul",2945,"SPR","resistivity counter"
2011,"30-Jul",1792,"SPR","resistivity counter"
2011,"31-Jul",1036,"SPR","resistivity counter"
2011,"1-Aug",1126,"SPR","resistivity counter"
2011,"2-Aug",1056,"SPR","resistivity counter"
2011,"3-Aug",1144,"SPR","resistivity counter"
2011,"4-Aug",736,"SPR","resistivity counter"
2011,"5-Aug",1197,"SPR","resistivity counter"
2011,"6-Aug",1198,"SPR","resistivity counter"
2011,"7-Aug",893,"SPR","resistivity counter"
2011,"8-Aug",1034,"SPR","resistivity counter"
2011,"9-Aug",717,"SPR","resistivity counter"
2011,"10-Aug",650,"SPR","resistivity counter"
2011,"11-Aug",428,"SPR","resistivity counter"
2011,"12-Aug",367,"SPR","resistivity counter"
2011,"13-Aug",403,"SPR","resistivity counter"
2011,"14-Aug",416,"SPR","resistivity counter"
2011,"15-Aug",317,"SPR","resistivity counter"
2011,"16-Aug",739,"SPR","resistivity counter"
2011,"17-Aug",457,"SPR","resistivity counter"
2011,"18-Aug",396,"SPR","resistivity counter"
2011,"19-Aug",240,"SPR","resistivity counter"
2011,"20-Aug",194,"SPR","resistivity counter"
2011,"21-Aug",207,"SPR","resistivity counter"
2011,"22-Aug",185,"SPR","resistivity counter"
2011,"23-Aug",138,"SPR","resistivity counter"
2011,"24-Aug",84,"SPR","resistivity counter"
2011,"25-Aug",117,"SPR","resistivity counter"
2011,"26-Aug",112,"SPR","resistivity counter"
2011,"27-Aug",125,"SPR","resistivity counter"
2011,"28-Aug",226,"SPR","resistivity counter"
2011,"29-Aug",202,"SPR","resistivity counter"
2011,"30-Aug",256,"SPR","resistivity counter"
2011,"31-Aug",145,"SPR","resistivity counter"
2011,"1-Sep",209,"SPR","resistivity counter"
2011,"2-Sep",99,"SPR","resistivity counter"
2011,"3-Sep",148,"SPR","resistivity counter"
2011,"4-Sep",146,"SPR","resistivity counter"
2011,"5-Sep",72,"SPR","resistivity counter"
2011,"6-Sep",119,"SPR","resistivity counter"
2011,"7-Sep",99,"SPR","resistivity counter"
2011,"8-Sep",81,"SPR","resistivity counter"
2011,"9-Sep",98,"SPR","resistivity counter"
2011,"10-Sep",90,"SPR","resistivity counter"
2011,"11-Sep",45,"SPR","resistivity counter"
2011,"12-Sep",48,"SPR","resistivity counter"
2011,"13-Sep",81,"SPR","resistivity counter"
2011,"14-Sep",314,"SPR","resistivity counter"
2011,"15-Sep",105,"SPR","resistivity counter"
2011,"16-Sep",156,"SPR","resistivity counter"
2011,"17-Sep",116,"SPR","resistivity counter"
2011,"18-Sep",678,"SPR","resistivity counter"
2011,"19-Sep",468,"SPR","resistivity counter"
2011,"20-Sep",325,"SPR","resistivity counter"
2011,"21-Sep",146,"SPR","resistivity counter"
2011,"22-Sep",929,"SPR","resistivity counter"
2011,"23-Sep",453,"SPR","resistivity counter"
2011,"24-Sep",463,"SPR","resistivity counter"
2011,"25-Sep",81,"SPR","resistivity counter"
2011,"26-Sep",54,"SPR","resistivity counter"
2011,"27-Sep",75,"SPR","resistivity counter"
2011,"28-Sep",88,"SPR","resistivity counter"
2011,"29-Sep",97,"SPR","resistivity counter"
2011,"30-Sep",89,"SPR","resistivity counter"
2011,"1-Oct",40,"SPR","resistivity counter"
2011,"2-Oct",24,"SPR","resistivity counter"
2011,"3-Oct",18,"SPR","resistivity counter"
2011,"4-Oct",10,"SPR","resistivity counter"
2011,"5-Oct",5,"SPR","resistivity counter"
2011,"6-Oct",3,"SPR","resistivity counter"
2011,"7-Oct",0,"SPR","resistivity counter"
2011,"8-Oct",0,"SPR","resistivity counter"
2011,"9-Oct",0,"SPR","resistivity counter"
2011,"10-Oct",0,"SPR","resistivity counter"
2011,"11-Oct",0,"SPR","resistivity counter"
2011,"12-Oct",0,"SPR","resistivity counter"
2011,"13-Oct",0,"SPR","resistivity counter"
2011,"14-Oct",0,"SPR","resistivity counter"
2011,"15-Oct",0,"SPR","resistivity counter"
2011,"16-Oct",0,"SPR","resistivity counter"
2011,"17-Oct",0,"SPR","resistivity counter"
2011,"18-Oct",0,"SPR","resistivity counter"
2011,"19-Oct",0,"SPR","resistivity counter"
2011,"20-Oct",0,"SPR","resistivity counter"
2011,"21-Oct",0,"SPR","resistivity counter"
2011,"22-Oct",0,"SPR","resistivity counter"
2011,"23-Oct",0,"SPR","resistivity counter"
2011,"24-Oct",0,"SPR","resistivity counter"
2011,"25-Oct",0,"SPR","resistivity counter"
2011,"26-Oct",0,"SPR","resistivity counter"
2011,"27-Oct",0,"SPR","resistivity counter"
2011,"28-Oct",0,"SPR","resistivity counter"
2011,"29-Oct",0,"SPR","resistivity counter"
2011,"30-Oct",0,"SPR","resistivity counter"
2011,"31-Oct",0,"SPR","resistivity counter"
2011,"1-Nov",0,"SPR","resistivity counter"
2011,"2-Nov",0,"SPR","resistivity counter"
2011,"3-Nov",0,"SPR","resistivity counter"
2011,"4-Nov",0,"SPR","resistivity counter"
2011,"5-Nov",0,"SPR","resistivity counter"
2011,"6-Nov",0,"SPR","resistivity counter"
2011,"7-Nov",0,"SPR","resistivity counter"
2011,"8-Nov",0,"SPR","resistivity counter"
2011,"9-Nov",0,"SPR","resistivity counter"
2011,"10-Nov",0,"SPR","resistivity counter"
2011,"11-Nov",0,"SPR","resistivity counter"
2011,"12-Nov",0,"SPR","resistivity counter"
2011,"13-Nov",0,"SPR","resistivity counter"
2011,"14-Nov",0,"SPR","resistivity counter"
2011,"15-Nov",0,"SPR","resistivity counter"
2010,"1-May",0,"GCL","video counter"
2010,"2-May",0,"GCL","video counter"
2010,"3-May",0,"GCL","video counter"
2010,"4-May",0,"GCL","video counter"
2010,"5-May",0,"GCL","video counter"
2010,"6-May",0,"GCL","video counter"
2010,"7-May",0,"GCL","video counter"
2010,"8-May",0,"GCL","video counter"
2010,"9-May",0,"GCL","video counter"
2010,"10-May",0,"GCL","video counter"
2010,"11-May",0,"GCL","video counter"
2010,"12-May",0,"GCL","video counter"
2010,"13-May",0,"GCL","video counter"
2010,"14-May",0,"GCL","video counter"
2010,"15-May",0,"GCL","video counter"
2010,"16-May",0,"GCL","video counter"
2010,"17-May",0,"GCL","video counter"
2010,"18-May",0,"GCL","video counter"
2010,"19-May",0,"GCL","video counter"
2010,"20-May",0,"GCL","video counter"
2010,"21-May",0,"GCL","video counter"
2010,"22-May",0,"GCL","video counter"
2010,"23-May",0,"GCL","video counter"
2010,"24-May",0,"GCL","video counter"
2010,"25-May",0,"GCL","video counter"
2010,"26-May",0,"GCL","video counter"
2010,"27-May",0,"GCL","video counter"
2010,"28-May",0,"GCL","video counter"
2010,"29-May",1,"GCL","video counter"
2010,"30-May",2,"GCL","video counter"
2010,"31-May",6,"GCL","video counter"
2010,"1-Jun",2,"GCL","video counter"
2010,"2-Jun",10,"GCL","video counter"
2010,"3-Jun",0,"GCL","video counter"
2010,"4-Jun",2,"GCL","video counter"
2010,"5-Jun",13,"GCL","video counter"
2010,"6-Jun",9,"GCL","video counter"
2010,"7-Jun",11,"GCL","video counter"
2010,"8-Jun",29,"GCL","video counter"
2010,"9-Jun",122,"GCL","video counter"
2010,"10-Jun",138,"GCL","video counter"
2010,"11-Jun",84,"GCL","video counter"
2010,"12-Jun",127,"GCL","video counter"
2010,"13-Jun",284,"GCL","video counter"
2010,"14-Jun",1035,"GCL","video counter"
2010,"15-Jun",453,"GCL","video counter"
2010,"16-Jun",12130,"GCL","video counter"
2010,"17-Jun",9688,"GCL","video counter"
2010,"18-Jun",5235,"GCL","video counter"
2010,"19-Jun",2363,"GCL","video counter"
2010,"20-Jun",1925,"GCL","video counter"
2010,"21-Jun",1257,"GCL","video counter"
2010,"22-Jun",3813,"GCL","video counter"
2010,"23-Jun",11586,"GCL","video counter"
2010,"24-Jun",3899,"GCL","video counter"
2010,"25-Jun",4563,"GCL","video counter"
2010,"26-Jun",1122,"GCL","video counter"
2010,"27-Jun",980,"GCL","video counter"
2010,"28-Jun",819,"GCL","video counter"
2010,"29-Jun",1021,"GCL","video counter"
2010,"30-Jun",1129,"GCL","video counter"
2010,"1-Jul",2437,"GCL","video counter"
2010,"2-Jul",5659,"GCL","video counter"
2010,"3-Jul",4148,"GCL","video counter"
2010,"4-Jul",2958,"GCL","video counter"
2010,"5-Jul",4799,"GCL","video counter"
2010,"6-Jul",6053,"GCL","video counter"
2010,"7-Jul",12176,"GCL","video counter"
2010,"8-Jul",17352,"GCL","video counter"
2010,"9-Jul",13451,"GCL","video counter"
2010,"10-Jul",4339,"GCL","video counter"
2010,"11-Jul",1580,"GCL","video counter"
2010,"12-Jul",1061,"GCL","video counter"
2010,"13-Jul",1639,"GCL","video counter"
2010,"14-Jul",8570,"GCL","video counter"
2010,"15-Jul",18151,"GCL","video counter"
2010,"16-Jul",12009,"GCL","video counter"
2010,"17-Jul",8844,"GCL","video counter"
2010,"18-Jul",6030,"GCL","video counter"
2010,"19-Jul",5090,"GCL","video counter"
2010,"20-Jul",5395,"GCL","video counter"
2010,"21-Jul",10979,"GCL","video counter"
2010,"22-Jul",13698,"GCL","video counter"
2010,"23-Jul",6945,"GCL","video counter"
2010,"24-Jul",8579,"GCL","video counter"
2010,"25-Jul",6048,"GCL","video counter"
2010,"26-Jul",3882,"GCL","video counter"
2010,"27-Jul",924,"GCL","video counter"
2010,"28-Jul",427,"GCL","video counter"
2010,"29-Jul",1186,"GCL","video counter"
2010,"30-Jul",3604,"GCL","video counter"
2010,"31-Jul",4432,"GCL","video counter"
2010,"1-Aug",3535,"GCL","video counter"
2010,"2-Aug",2639,"GCL","video counter"
2010,"3-Aug",3850,"GCL","video counter"
2010,"4-Aug",4464,"GCL","video counter"
2010,"5-Aug",2856,"GCL","video counter"
2010,"6-Aug",2586,"GCL","video counter"
2010,"7-Aug",2054,"GCL","video counter"
2010,"8-Aug",1548,"GCL","video counter"
2010,"9-Aug",1235,"GCL","video counter"
2010,"10-Aug",662,"GCL","video counter"
2010,"11-Aug",509,"GCL","video counter"
2010,"12-Aug",491,"GCL","video counter"
2010,"13-Aug",466,"GCL","video counter"
2010,"14-Aug",520,"GCL","video counter"
2010,"15-Aug",425,"GCL","video counter"
2010,"16-Aug",370,"GCL","video counter"
2010,"17-Aug",270,"GCL","video counter"
2010,"18-Aug",107,"GCL","video counter"
2010,"19-Aug",147,"GCL","video counter"
2010,"20-Aug",172,"GCL","video counter"
2010,"21-Aug",172,"GCL","video counter"
2010,"22-Aug",710,"GCL","video counter"
2010,"23-Aug",756,"GCL","video counter"
2010,"24-Aug",926,"GCL","video counter"
2010,"25-Aug",764,"GCL","video counter"
2010,"26-Aug",1947,"GCL","video counter"
2010,"27-Aug",901,"GCL","video counter"
2010,"28-Aug",649,"GCL","video counter"
2010,"29-Aug",606,"GCL","video counter"
2010,"30-Aug",682,"GCL","video counter"
2010,"31-Aug",899,"GCL","video counter"
2010,"1-Sep",2270,"GCL","video counter"
2010,"2-Sep",7975,"GCL","video counter"
2010,"3-Sep",3966.19146256913,"GCL","video counter"
2010,"4-Sep",4618.91974043256,"GCL","video counter"
2010,"5-Sep",3588.01638055691,"GCL","video counter"
2010,"6-Sep",3370.29960848321,"GCL","video counter"
2010,"7-Sep",3599.39317108238,"GCL","video counter"
2010,"8-Sep",2442.57253398339,"GCL","video counter"
2010,"9-Sep",2191.17099111843,"GCL","video counter"
2010,"10-Sep",1689.27169616228,"GCL","video counter"
2010,"11-Sep",1196.24254398739,"GCL","video counter"
2010,"12-Sep",1315.73661211522,"GCL","video counter"
2010,"13-Sep",1956.99142577408,"GCL","video counter"
2010,"14-Sep",1072.07232626345,"GCL","video counter"
2010,"15-Sep",899.272912977532,"GCL","video counter"
2010,"16-Sep",480.579593934637,"GCL","video counter"
2010,"17-Sep",227.309947473981,"GCL","video counter"
2010,"18-Sep",269.515529945598,"GCL","video counter"
2010,"19-Sep",137.788813363222,"GCL","video counter"
2010,"20-Sep",170.099822178351,"GCL","video counter"
2010,"21-Sep",57.1016704027768,"GCL","video counter"
2010,"22-Sep",40.9642418106877,"GCL","video counter"
2010,"23-Sep",31.10581978515,"GCL","video counter"
2010,"24-Sep",54.6189890809169,"GCL","video counter"
2010,"25-Sep",65.8272066602371,"GCL","video counter"
2010,"26-Sep",89.3765275869549,"GCL","video counter"
2010,"27-Sep",69.5512286430269,"GCL","video counter"
2010,"28-Sep",41.0003934416385,"GCL","video counter"
2010,"29-Sep",29.8283274932692,"GCL","video counter"
2010,"30-Sep",17.4149208839699,"GCL","video counter"
2010,"1-Oct",4.96536264371972,"GCL","video counter"
2010,"2-Oct",17.4149208839699,"GCL","video counter"
2010,"3-Oct",7.44804396557958,"GCL","video counter"
2010,"4-Oct",7.44804396557958,"GCL","video counter"
2010,"5-Oct",4.96536264371972,"GCL","video counter"
2010,"6-Oct",2.48268132185986,"GCL","video counter"
2010,"7-Oct",3.72402198278979,"GCL","video counter"
2010,"8-Oct",3.72402198278979,"GCL","video counter"
2010,"9-Oct",11.1720659483694,"GCL","video counter"
2010,"10-Oct",24.8629648495494,"GCL","video counter"
2010,"11-Oct",45.9296044544074,"GCL","video counter"
2010,"12-Oct",9.96687691839029,"GCL","video counter"
2010,"13-Oct",6.20670330464965,"GCL","video counter"
2010,"14-Oct",7.44804396557958,"GCL","video counter"
2010,"15-Oct",3.72402198278979,"GCL","video counter"
2010,"16-Oct",0,"GCL","video counter"
2010,"17-Oct",1.24134066092993,"GCL","video counter"
2010,"18-Oct",2.48268132185986,"GCL","video counter"
2010,"19-Oct",1.24134066092993,"GCL","video counter"
2010,"20-Oct",2.48268132185986,"GCL","video counter"
2010,"21-Oct",1.24134066092993,"GCL","video counter"
2010,"22-Oct",0,"GCL","video counter"
2010,"23-Oct",2.48268132185986,"GCL","video counter"
2010,"24-Oct",0,"GCL","video counter"
2010,"25-Oct",0,"GCL","video counter"
2010,"26-Oct",0,"GCL","video counter"
2010,"27-Oct",2.48268132185986,"GCL","video counter"
2010,"28-Oct",39.7229011497578,"GCL","video counter"
2010,"29-Oct",8.68938462650951,"GCL","video counter"
2010,"30-Oct",14.8960879311592,"GCL","video counter"
2010,"31-Oct",0,"GCL","video counter"
2010,"1-Nov",0,"GCL","video counter"
2010,"2-Nov",0,"GCL","video counter"
2010,"3-Nov",0,"GCL","video counter"
2010,"4-Nov",0,"GCL","video counter"
2010,"5-Nov",1.24134066092993,"GCL","video counter"
2010,"6-Nov",6.20670330464965,"GCL","video counter"
2010,"7-Nov",0,"GCL","video counter"
2010,"8-Nov",0,"GCL","video counter"
2010,"9-Nov",0,"GCL","video counter"
2010,"10-Nov",0,"GCL","video counter"
2010,"11-Nov",0,"GCL","video counter"
2010,"12-Nov",0,"GCL","video counter"
2010,"13-Nov",0,"GCL","video counter"
2010,"14-Nov",0,"GCL","video counter"
2010,"15-Nov",0,"GCL","video counter"
2010,"1-May",0,"SPR","resistivity counter"
2010,"2-May",0,"SPR","resistivity counter"
2010,"3-May",0,"SPR","resistivity counter"
2010,"4-May",0,"SPR","resistivity counter"
2010,"5-May",0,"SPR","resistivity counter"
2010,"6-May",0,"SPR","resistivity counter"
2010,"7-May",0,"SPR","resistivity counter"
2010,"8-May",0,"SPR","resistivity counter"
2010,"9-May",0,"SPR","resistivity counter"
2010,"10-May",0,"SPR","resistivity counter"
2010,"11-May",0,"SPR","resistivity counter"
2010,"12-May",0,"SPR","resistivity counter"
2010,"13-May",0,"SPR","resistivity counter"
2010,"14-May",0,"SPR","resistivity counter"
2010,"15-May",0,"SPR","resistivity counter"
2010,"16-May",0,"SPR","resistivity counter"
2010,"17-May",0,"SPR","resistivity counter"
2010,"18-May",0,"SPR","resistivity counter"
2010,"19-May",0,"SPR","resistivity counter"
2010,"20-May",108,"SPR","resistivity counter"
2010,"21-May",314,"SPR","resistivity counter"
2010,"22-May",293,"SPR","resistivity counter"
2010,"23-May",330,"SPR","resistivity counter"
2010,"24-May",502,"SPR","resistivity counter"
2010,"25-May",337,"SPR","resistivity counter"
2010,"26-May",483,"SPR","resistivity counter"
2010,"27-May",606,"SPR","resistivity counter"
2010,"28-May",782,"SPR","resistivity counter"
2010,"29-May",557,"SPR","resistivity counter"
2010,"30-May",1018,"SPR","resistivity counter"
2010,"31-May",904,"SPR","resistivity counter"
2010,"1-Jun",792,"SPR","resistivity counter"
2010,"2-Jun",858,"SPR","resistivity counter"
2010,"3-Jun",2258,"SPR","resistivity counter"
2010,"4-Jun",967,"SPR","resistivity counter"
2010,"5-Jun",2000,"SPR","resistivity counter"
2010,"6-Jun",3202,"SPR","resistivity counter"
2010,"7-Jun",2665,"SPR","resistivity counter"
2010,"8-Jun",2969,"SPR","resistivity counter"
2010,"9-Jun",6278,"SPR","resistivity counter"
2010,"10-Jun",5496,"SPR","resistivity counter"
2010,"11-Jun",4454,"SPR","resistivity counter"
2010,"12-Jun",5857,"SPR","resistivity counter"
2010,"13-Jun",6420,"SPR","resistivity counter"
2010,"14-Jun",4424,"SPR","resistivity counter"
2010,"15-Jun",4520,"SPR","resistivity counter"
2010,"16-Jun",3113,"SPR","resistivity counter"
2010,"17-Jun",3549,"SPR","resistivity counter"
2010,"18-Jun",1846,"SPR","resistivity counter"
2010,"19-Jun",1577,"SPR","resistivity counter"
2010,"20-Jun",4249,"SPR","resistivity counter"
2010,"21-Jun",2735,"SPR","resistivity counter"
2010,"22-Jun",4960,"SPR","resistivity counter"
2010,"23-Jun",2101,"SPR","resistivity counter"
2010,"24-Jun",1662,"SPR","resistivity counter"
2010,"25-Jun",1137,"SPR","resistivity counter"
2010,"26-Jun",1132,"SPR","resistivity counter"
2010,"27-Jun",1964,"SPR","resistivity counter"
2010,"28-Jun",2045,"SPR","resistivity counter"
2010,"29-Jun",7920,"SPR","resistivity counter"
2010,"30-Jun",10501,"SPR","resistivity counter"
2010,"1-Jul",7989,"SPR","resistivity counter"
2010,"2-Jul",3745,"SPR","resistivity counter"
2010,"3-Jul",5998,"SPR","resistivity counter"
2010,"4-Jul",11950,"SPR","resistivity counter"
2010,"5-Jul",11755,"SPR","resistivity counter"
2010,"6-Jul",10674,"SPR","resistivity counter"
2010,"7-Jul",10679,"SPR","resistivity counter"
2010,"8-Jul",10529,"SPR","resistivity counter"
2010,"9-Jul",5980,"SPR","resistivity counter"
2010,"10-Jul",2137,"SPR","resistivity counter"
2010,"11-Jul",3637,"SPR","resistivity counter"
2010,"12-Jul",7157,"SPR","resistivity counter"
2010,"13-Jul",12246,"SPR","resistivity counter"
2010,"14-Jul",11521,"SPR","resistivity counter"
2010,"15-Jul",10757,"SPR","resistivity counter"
2010,"16-Jul",9944,"SPR","resistivity counter"
2010,"17-Jul",9954,"SPR","resistivity counter"
2010,"18-Jul",7886,"SPR","resistivity counter"
2010,"19-Jul",9522,"SPR","resistivity counter"
2010,"20-Jul",9295,"SPR","resistivity counter"
2010,"21-Jul",9013,"SPR","resistivity counter"
2010,"22-Jul",8712,"SPR","resistivity counter"
2010,"23-Jul",8397,"SPR","resistivity counter"
2010,"24-Jul",8267,"SPR","resistivity counter"
2010,"25-Jul",8102,"SPR","resistivity counter"
2010,"26-Jul",7879,"SPR","resistivity counter"
2010,"27-Jul",7614,"SPR","resistivity counter"
2010,"28-Jul",7311,"SPR","resistivity counter"
2010,"29-Jul",6962,"SPR","resistivity counter"
2010,"30-Jul",6564,"SPR","resistivity counter"
2010,"31-Jul",6116,"SPR","resistivity counter"
2010,"1-Aug",5699,"SPR","resistivity counter"
2010,"2-Aug",5283,"SPR","resistivity counter"
2010,"3-Aug",6906,"SPR","resistivity counter"
2010,"4-Aug",4882,"SPR","resistivity counter"
2010,"5-Aug",5182,"SPR","resistivity counter"
2010,"6-Aug",3403,"SPR","resistivity counter"
2010,"7-Aug",962,"SPR","resistivity counter"
2010,"8-Aug",3526,"SPR","resistivity counter"
2010,"9-Aug",2822,"SPR","resistivity counter"
2010,"10-Aug",804,"SPR","resistivity counter"
2010,"11-Aug",1999,"SPR","resistivity counter"
2010,"12-Aug",1612,"SPR","resistivity counter"
2010,"13-Aug",873,"SPR","resistivity counter"
2010,"14-Aug",640,"SPR","resistivity counter"
2010,"15-Aug",390,"SPR","resistivity counter"
2010,"16-Aug",269,"SPR","resistivity counter"
2010,"17-Aug",68,"SPR","resistivity counter"
2010,"18-Aug",79,"SPR","resistivity counter"
2010,"19-Aug",469,"SPR","resistivity counter"
2010,"20-Aug",986,"SPR","resistivity counter"
2010,"21-Aug",1319,"SPR","resistivity counter"
2010,"22-Aug",1056,"SPR","resistivity counter"
2010,"23-Aug",809,"SPR","resistivity counter"
2010,"24-Aug",1562,"SPR","resistivity counter"
2010,"25-Aug",1050,"SPR","resistivity counter"
2010,"26-Aug",623,"SPR","resistivity counter"
2010,"27-Aug",278,"SPR","resistivity counter"
2010,"28-Aug",945,"SPR","resistivity counter"
2010,"29-Aug",1665,"SPR","resistivity counter"
2010,"30-Aug",2438,"SPR","resistivity counter"
2010,"31-Aug",3263,"SPR","resistivity counter"
2010,"1-Sep",4140,"SPR","resistivity counter"
2010,"2-Sep",5068,"SPR","resistivity counter"
2010,"3-Sep",3601,"SPR","resistivity counter"
2010,"4-Sep",1960,"SPR","resistivity counter"
2010,"5-Sep",1079,"SPR","resistivity counter"
2010,"6-Sep",294,"SPR","resistivity counter"
2010,"7-Sep",1273,"SPR","resistivity counter"
2010,"8-Sep",829,"SPR","resistivity counter"
2010,"9-Sep",751,"SPR","resistivity counter"
2010,"10-Sep",326,"SPR","resistivity counter"
2010,"11-Sep",119,"SPR","resistivity counter"
2010,"12-Sep",330,"SPR","resistivity counter"
2010,"13-Sep",709,"SPR","resistivity counter"
2010,"14-Sep",543,"SPR","resistivity counter"
2010,"15-Sep",348,"SPR","resistivity counter"
2010,"16-Sep",300,"SPR","resistivity counter"
2010,"17-Sep",88,"SPR","resistivity counter"
2010,"18-Sep",35,"SPR","resistivity counter"
2010,"19-Sep",127,"SPR","resistivity counter"
2010,"20-Sep",104,"SPR","resistivity counter"
2010,"21-Sep",93,"SPR","resistivity counter"
2010,"22-Sep",136,"SPR","resistivity counter"
2010,"23-Sep",275,"SPR","resistivity counter"
2010,"24-Sep",399,"SPR","resistivity counter"
2010,"25-Sep",520,"SPR","resistivity counter"
2010,"26-Sep",630,"SPR","resistivity counter"
2010,"27-Sep",732,"SPR","resistivity counter"
2010,"28-Sep",479,"SPR","resistivity counter"
2010,"29-Sep",296,"SPR","resistivity counter"
2010,"30-Sep",216,"SPR","resistivity counter"
2010,"1-Oct",158,"SPR","resistivity counter"
2010,"2-Oct",98,"SPR","resistivity counter"
2010,"3-Oct",64,"SPR","resistivity counter"
2010,"4-Oct",34,"SPR","resistivity counter"
2010,"5-Oct",24,"SPR","resistivity counter"
2010,"6-Oct",30,"SPR","resistivity counter"
2010,"7-Oct",20,"SPR","resistivity counter"
2010,"8-Oct",14,"SPR","resistivity counter"
2010,"9-Oct",50,"SPR","resistivity counter"
2010,"10-Oct",63,"SPR","resistivity counter"
2010,"11-Oct",23,"SPR","resistivity counter"
2010,"12-Oct",10,"SPR","resistivity counter"
2010,"13-Oct",6,"SPR","resistivity counter"
2010,"14-Oct",3,"SPR","resistivity counter"
2010,"15-Oct",0,"SPR","resistivity counter"
2010,"16-Oct",0,"SPR","resistivity counter"
2010,"17-Oct",0,"SPR","resistivity counter"
2010,"18-Oct",0,"SPR","resistivity counter"
2010,"19-Oct",0,"SPR","resistivity counter"
2010,"20-Oct",0,"SPR","resistivity counter"
2010,"21-Oct",0,"SPR","resistivity counter"
2010,"22-Oct",0,"SPR","resistivity counter"
2010,"23-Oct",0,"SPR","resistivity counter"
2010,"24-Oct",0,"SPR","resistivity counter"
2010,"25-Oct",0,"SPR","resistivity counter"
2010,"26-Oct",0,"SPR","resistivity counter"
2010,"27-Oct",0,"SPR","resistivity counter"
2010,"28-Oct",0,"SPR","resistivity counter"
2010,"29-Oct",0,"SPR","resistivity counter"
2010,"30-Oct",0,"SPR","resistivity counter"
2010,"31-Oct",0,"SPR","resistivity counter"
2010,"1-Nov",0,"SPR","resistivity counter"
2010,"2-Nov",0,"SPR","resistivity counter"
2010,"3-Nov",0,"SPR","resistivity counter"
2010,"4-Nov",0,"SPR","resistivity counter"
2010,"5-Nov",0,"SPR","resistivity counter"
2010,"6-Nov",0,"SPR","resistivity counter"
2010,"7-Nov",0,"SPR","resistivity counter"
2010,"8-Nov",0,"SPR","resistivity counter"
2010,"9-Nov",0,"SPR","resistivity counter"
2010,"10-Nov",0,"SPR","resistivity counter"
2010,"11-Nov",0,"SPR","resistivity counter"
2010,"12-Nov",0,"SPR","resistivity counter"
2010,"13-Nov",0,"SPR","resistivity counter"
2010,"14-Nov",0,"SPR","resistivity counter"
2010,"15-Nov",0,"SPR","resistivity counter"
2009,"1-May",0,"GCL","video counter"
2009,"2-May",0,"GCL","video counter"
2009,"3-May",0,"GCL","video counter"
2009,"4-May",0,"GCL","video counter"
2009,"5-May",0,"GCL","video counter"
2009,"6-May",0,"GCL","video counter"
2009,"7-May",0,"GCL","video counter"
2009,"8-May",0,"GCL","video counter"
2009,"9-May",0,"GCL","video counter"
2009,"10-May",0,"GCL","video counter"
2009,"11-May",0,"GCL","video counter"
2009,"12-May",0,"GCL","video counter"
2009,"13-May",0,"GCL","video counter"
2009,"14-May",0,"GCL","video counter"
2009,"15-May",0,"GCL","video counter"
2009,"16-May",0,"GCL","video counter"
2009,"17-May",0,"GCL","video counter"
2009,"18-May",0,"GCL","video counter"
2009,"19-May",0,"GCL","video counter"
2009,"20-May",0,"GCL","video counter"
2009,"21-May",0,"GCL","video counter"
2009,"22-May",0,"GCL","video counter"
2009,"23-May",0,"GCL","video counter"
2009,"24-May",0,"GCL","video counter"
2009,"25-May",0,"GCL","video counter"
2009,"26-May",12,"GCL","video counter"
2009,"27-May",92,"GCL","video counter"
2009,"28-May",78,"GCL","video counter"
2009,"29-May",142,"GCL","video counter"
2009,"30-May",113,"GCL","video counter"
2009,"31-May",191,"GCL","video counter"
2009,"1-Jun",227,"GCL","video counter"
2009,"2-Jun",324,"GCL","video counter"
2009,"3-Jun",873,"GCL","video counter"
2009,"4-Jun",1029,"GCL","video counter"
2009,"5-Jun",940,"GCL","video counter"
2009,"6-Jun",226,"GCL","video counter"
2009,"7-Jun",212,"GCL","video counter"
2009,"8-Jun",352,"GCL","video counter"
2009,"9-Jun",547,"GCL","video counter"
2009,"10-Jun",1493,"GCL","video counter"
2009,"11-Jun",2415,"GCL","video counter"
2009,"12-Jun",1479,"GCL","video counter"
2009,"13-Jun",852,"GCL","video counter"
2009,"14-Jun",811,"GCL","video counter"
2009,"15-Jun",735,"GCL","video counter"
2009,"16-Jun",738,"GCL","video counter"
2009,"17-Jun",701,"GCL","video counter"
2009,"18-Jun",1089,"GCL","video counter"
2009,"19-Jun",2288,"GCL","video counter"
2009,"20-Jun",1020,"GCL","video counter"
2009,"21-Jun",935,"GCL","video counter"
2009,"22-Jun",707,"GCL","video counter"
2009,"23-Jun",524,"GCL","video counter"
2009,"24-Jun",761,"GCL","video counter"
2009,"25-Jun",1642,"GCL","video counter"
2009,"26-Jun",1894,"GCL","video counter"
2009,"27-Jun",1062,"GCL","video counter"
2009,"28-Jun",1667,"GCL","video counter"
2009,"29-Jun",5899,"GCL","video counter"
2009,"30-Jun",6541,"GCL","video counter"
2009,"1-Jul",6904,"GCL","video counter"
2009,"2-Jul",4495,"GCL","video counter"
2009,"3-Jul",2719,"GCL","video counter"
2009,"4-Jul",1495,"GCL","video counter"
2009,"5-Jul",1134,"GCL","video counter"
2009,"6-Jul",1003,"GCL","video counter"
2009,"7-Jul",1688,"GCL","video counter"
2009,"8-Jul",13623,"GCL","video counter"
2009,"9-Jul",17873,"GCL","video counter"
2009,"10-Jul",15152,"GCL","video counter"
2009,"11-Jul",13506,"GCL","video counter"
2009,"12-Jul",13356,"GCL","video counter"
2009,"13-Jul",2651,"GCL","video counter"
2009,"14-Jul",1939,"GCL","video counter"
2009,"15-Jul",2302,"GCL","video counter"
2009,"16-Jul",3582,"GCL","video counter"
2009,"17-Jul",3114,"GCL","video counter"
2009,"18-Jul",1376,"GCL","video counter"
2009,"19-Jul",1203,"GCL","video counter"
2009,"20-Jul",511,"GCL","video counter"
2009,"21-Jul",486,"GCL","video counter"
2009,"22-Jul",250,"GCL","video counter"
2009,"23-Jul",176,"GCL","video counter"
2009,"24-Jul",75,"GCL","video counter"
2009,"25-Jul",161,"GCL","video counter"
2009,"26-Jul",350,"GCL","video counter"
2009,"27-Jul",347,"GCL","video counter"
2009,"28-Jul",213,"GCL","video counter"
2009,"29-Jul",69,"GCL","video counter"
2009,"30-Jul",64,"GCL","video counter"
2009,"31-Jul",124,"GCL","video counter"
2009,"1-Aug",143,"GCL","video counter"
2009,"2-Aug",53,"GCL","video counter"
2009,"3-Aug",27,"GCL","video counter"
2009,"4-Aug",21,"GCL","video counter"
2009,"5-Aug",78,"GCL","video counter"
2009,"6-Aug",146,"GCL","video counter"
2009,"7-Aug",236,"GCL","video counter"
2009,"8-Aug",1070,"GCL","video counter"
2009,"9-Aug",1470,"GCL","video counter"
2009,"10-Aug",1368,"GCL","video counter"
2009,"11-Aug",1016,"GCL","video counter"
2009,"12-Aug",1284,"GCL","video counter"
2009,"13-Aug",1613,"GCL","video counter"
2009,"14-Aug",2540,"GCL","video counter"
2009,"15-Aug",1573,"GCL","video counter"
2009,"16-Aug",3169,"GCL","video counter"
2009,"17-Aug",1902,"GCL","video counter"
2009,"18-Aug",2574,"GCL","video counter"
2009,"19-Aug",4306,"GCL","video counter"
2009,"20-Aug",1358,"GCL","video counter"
2009,"21-Aug",797,"GCL","video counter"
2009,"22-Aug",937,"GCL","video counter"
2009,"23-Aug",705,"GCL","video counter"
2009,"24-Aug",629,"GCL","video counter"
2009,"25-Aug",801,"GCL","video counter"
2009,"26-Aug",937,"GCL","video counter"
2009,"27-Aug",713,"GCL","video counter"
2009,"28-Aug",922,"GCL","video counter"
2009,"29-Aug",616,"GCL","video counter"
2009,"30-Aug",622,"GCL","video counter"
2009,"31-Aug",491,"GCL","video counter"
2009,"1-Sep",482,"GCL","video counter"
2009,"2-Sep",554,"GCL","video counter"
2009,"3-Sep",3097,"GCL","video counter"
2009,"4-Sep",735.864343880092,"GCL","video counter"
2009,"5-Sep",710.754098045437,"GCL","video counter"
2009,"6-Sep",663.686981435013,"GCL","video counter"
2009,"7-Sep",714.53930277946,"GCL","video counter"
2009,"8-Sep",1196.61518271754,"GCL","video counter"
2009,"9-Sep",2085.27125936181,"GCL","video counter"
2009,"10-Sep",1891.02716006653,"GCL","video counter"
2009,"11-Sep",3013.07021718439,"GCL","video counter"
2009,"12-Sep",3998.36759828098,"GCL","video counter"
2009,"13-Sep",3203.45626027516,"GCL","video counter"
2009,"14-Sep",1843.39353734629,"GCL","video counter"
2009,"15-Sep",500.555507484641,"GCL","video counter"
2009,"16-Sep",2137.27770363792,"GCL","video counter"
2009,"17-Sep",1621.81043715689,"GCL","video counter"
2009,"18-Sep",1286.96101352432,"GCL","video counter"
2009,"19-Sep",1361.54994855846,"GCL","video counter"
2009,"20-Sep",1314.06030015479,"GCL","video counter"
2009,"21-Sep",661.268783709728,"GCL","video counter"
2009,"22-Sep",253.112130214492,"GCL","video counter"
2009,"23-Sep",159.287598665551,"GCL","video counter"
2009,"24-Sep",97.9061367329084,"GCL","video counter"
2009,"25-Sep",65.4175247324854,"GCL","video counter"
2009,"26-Sep",42.1651115725919,"GCL","video counter"
2009,"27-Sep",32.6518271754492,"GCL","video counter"
2009,"28-Sep",27.3733595800525,"GCL","video counter"
2009,"29-Sep",21.0854027861902,"GCL","video counter"
2009,"30-Sep",43.2277407631738,"GCL","video counter"
2009,"1-Oct",49.4151115725919,"GCL","video counter"
2009,"2-Oct",31.1613163739148,"GCL","video counter"
2009,"3-Oct",8.45065520656072,"GCL","video counter"
2009,"4-Oct",9.37460334558864,"GCL","video counter"
2009,"5-Oct",7.88585307191815,"GCL","video counter"
2009,"6-Oct",11.8382688063428,"GCL","video counter"
2009,"7-Oct",13.1824188003141,"GCL","video counter"
2009,"8-Oct",1.00948919846558,"GCL","video counter"
2009,"9-Oct",4.58852999789283,"GCL","video counter"
2009,"10-Oct",30.1518271754492,"GCL","video counter"
2009,"11-Oct",24.6233595800525,"GCL","video counter"
2009,"12-Oct",21.1138703815869,"GCL","video counter"
2009,"13-Oct",61.2562083585706,"GCL","video counter"
2009,"14-Oct",528.884706719352,"GCL","video counter"
2009,"15-Oct",361.192000038457,"GCL","video counter"
2009,"16-Oct",30.2087623662427,"GCL","video counter"
2009,"17-Oct",0,"GCL","video counter"
2009,"18-Oct",0,"GCL","video counter"
2009,"19-Oct",183.873515810524,"GCL","video counter"
2009,"20-Oct",86.2003018853412,"GCL","video counter"
2009,"21-Oct",42.3985463355542,"GCL","video counter"
2009,"22-Oct",27.4530683664542,"GCL","video counter"
2009,"23-Oct",17.1613163739148,"GCL","video counter"
2009,"24-Oct",15.1423379769836,"GCL","video counter"
2009,"25-Oct",2.01897839693115,"GCL","video counter"
2009,"26-Oct",9.08540278619019,"GCL","video counter"
2009,"27-Oct",16.3486871833328,"GCL","video counter"
2009,"28-Oct",7.06642438925903,"GCL","video counter"
2009,"29-Oct",7.06642438925903,"GCL","video counter"
2009,"30-Oct",15.1423379769836,"GCL","video counter"
2009,"31-Oct",0,"GCL","video counter"
2009,"1-Nov",0,"GCL","video counter"
2009,"2-Nov",0,"GCL","video counter"
2009,"3-Nov",44.1954755655543,"GCL","video counter"
2009,"4-Nov",55.7187659234903,"GCL","video counter"
2009,"5-Nov",30.2846759539673,"GCL","video counter"
2009,"6-Nov",0,"GCL","video counter"
2009,"7-Nov",0,"GCL","video counter"
2009,"8-Nov",4.03795679386231,"GCL","video counter"
2009,"9-Nov",0,"GCL","video counter"
2009,"10-Nov",0,"GCL","video counter"
2009,"11-Nov",0,"GCL","video counter"
2009,"12-Nov",0,"GCL","video counter"
2009,"13-Nov",0,"GCL","video counter"
2009,"14-Nov",0,"GCL","video counter"
2009,"15-Nov",0,"GCL","video counter"
2009,"1-May",0,"SPR","resistivity counter"
2009,"2-May",0,"SPR","resistivity counter"
2009,"3-May",0,"SPR","resistivity counter"
2009,"4-May",0,"SPR","resistivity counter"
2009,"5-May",0,"SPR","resistivity counter"
2009,"6-May",0,"SPR","resistivity counter"
2009,"7-May",0,"SPR","resistivity counter"
2009,"8-May",0,"SPR","resistivity counter"
2009,"9-May",0,"SPR","resistivity counter"
2009,"10-May",0,"SPR","resistivity counter"
2009,"11-May",0,"SPR","resistivity counter"
2009,"12-May",0,"SPR","resistivity counter"
2009,"13-May",0,"SPR","resistivity counter"
2009,"14-May",0,"SPR","resistivity counter"
2009,"15-May",0,"SPR","resistivity counter"
2009,"16-May",0,"SPR","resistivity counter"
2009,"17-May",0,"SPR","resistivity counter"
2009,"18-May",0,"SPR","resistivity counter"
2009,"19-May",0,"SPR","resistivity counter"
2009,"20-May",0,"SPR","resistivity counter"
2009,"21-May",0,"SPR","resistivity counter"
2009,"22-May",0,"SPR","resistivity counter"
2009,"23-May",0,"SPR","resistivity counter"
2009,"24-May",0,"SPR","resistivity counter"
2009,"25-May",0,"SPR","resistivity counter"
2009,"26-May",61,"SPR","resistivity counter"
2009,"27-May",295,"SPR","resistivity counter"
2009,"28-May",156,"SPR","resistivity counter"
2009,"29-May",199,"SPR","resistivity counter"
2009,"30-May",323,"SPR","resistivity counter"
2009,"31-May",413,"SPR","resistivity counter"
2009,"1-Jun",751,"SPR","resistivity counter"
2009,"2-Jun",445,"SPR","resistivity counter"
2009,"3-Jun",578,"SPR","resistivity counter"
2009,"4-Jun",650,"SPR","resistivity counter"
2009,"5-Jun",382,"SPR","resistivity counter"
2009,"6-Jun",215,"SPR","resistivity counter"
2009,"7-Jun",162,"SPR","resistivity counter"
2009,"8-Jun",659,"SPR","resistivity counter"
2009,"9-Jun",421,"SPR","resistivity counter"
2009,"10-Jun",1386,"SPR","resistivity counter"
2009,"11-Jun",892,"SPR","resistivity counter"
2009,"12-Jun",594,"SPR","resistivity counter"
2009,"13-Jun",308,"SPR","resistivity counter"
2009,"14-Jun",952,"SPR","resistivity counter"
2009,"15-Jun",512,"SPR","resistivity counter"
2009,"16-Jun",315,"SPR","resistivity counter"
2009,"17-Jun",2009,"SPR","resistivity counter"
2009,"18-Jun",1722,"SPR","resistivity counter"
2009,"19-Jun",813,"SPR","resistivity counter"
2009,"20-Jun",577,"SPR","resistivity counter"
2009,"21-Jun",598,"SPR","resistivity counter"
2009,"22-Jun",782,"SPR","resistivity counter"
2009,"23-Jun",507,"SPR","resistivity counter"
2009,"24-Jun",2750,"SPR","resistivity counter"
2009,"25-Jun",1339,"SPR","resistivity counter"
2009,"26-Jun",962,"SPR","resistivity counter"
2009,"27-Jun",2716,"SPR","resistivity counter"
2009,"28-Jun",4758,"SPR","resistivity counter"
2009,"29-Jun",8983,"SPR","resistivity counter"
2009,"30-Jun",6667,"SPR","resistivity counter"
2009,"1-Jul",3148,"SPR","resistivity counter"
2009,"2-Jul",3157,"SPR","resistivity counter"
2009,"3-Jul",1503,"SPR","resistivity counter"
2009,"4-Jul",1150,"SPR","resistivity counter"
2009,"5-Jul",876,"SPR","resistivity counter"
2009,"6-Jul",1922,"SPR","resistivity counter"
2009,"7-Jul",13442,"SPR","resistivity counter"
2009,"8-Jul",22047,"SPR","resistivity counter"
2009,"9-Jul",9878,"SPR","resistivity counter"
2009,"10-Jul",8566,"SPR","resistivity counter"
2009,"11-Jul",6991,"SPR","resistivity counter"
2009,"12-Jul",2733,"SPR","resistivity counter"
2009,"13-Jul",1116,"SPR","resistivity counter"
2009,"14-Jul",2353,"SPR","resistivity counter"
2009,"15-Jul",6171,"SPR","resistivity counter"
2009,"16-Jul",2469,"SPR","resistivity counter"
2009,"17-Jul",1299,"SPR","resistivity counter"
2009,"18-Jul",825,"SPR","resistivity counter"
2009,"19-Jul",591,"SPR","resistivity counter"
2009,"20-Jul",515,"SPR","resistivity counter"
2009,"21-Jul",398,"SPR","resistivity counter"
2009,"22-Jul",161,"SPR","resistivity counter"
2009,"23-Jul",99,"SPR","resistivity counter"
2009,"24-Jul",643,"SPR","resistivity counter"
2009,"25-Jul",591,"SPR","resistivity counter"
2009,"26-Jul",397,"SPR","resistivity counter"
2009,"27-Jul",42,"SPR","resistivity counter"
2009,"28-Jul",41,"SPR","resistivity counter"
2009,"29-Jul",14,"SPR","resistivity counter"
2009,"30-Jul",0,"SPR","resistivity counter"
2009,"31-Jul",4,"SPR","resistivity counter"
2009,"1-Aug",3,"SPR","resistivity counter"
2009,"2-Aug",0,"SPR","resistivity counter"
2009,"3-Aug",8,"SPR","resistivity counter"
2009,"4-Aug",4,"SPR","resistivity counter"
2009,"5-Aug",89,"SPR","resistivity counter"
2009,"6-Aug",217,"SPR","resistivity counter"
2009,"7-Aug",628,"SPR","resistivity counter"
2009,"8-Aug",1425,"SPR","resistivity counter"
2009,"9-Aug",673,"SPR","resistivity counter"
2009,"10-Aug",1389,"SPR","resistivity counter"
2009,"11-Aug",1406,"SPR","resistivity counter"
2009,"12-Aug",1449,"SPR","resistivity counter"
2009,"13-Aug",1944,"SPR","resistivity counter"
2009,"14-Aug",1457,"SPR","resistivity counter"
2009,"15-Aug",2116,"SPR","resistivity counter"
2009,"16-Aug",2615,"SPR","resistivity counter"
2009,"17-Aug",3258,"SPR","resistivity counter"
2009,"18-Aug",1745,"SPR","resistivity counter"
2009,"19-Aug",1325,"SPR","resistivity counter"
2009,"20-Aug",571,"SPR","resistivity counter"
2009,"21-Aug",320,"SPR","resistivity counter"
2009,"22-Aug",189,"SPR","resistivity counter"
2009,"23-Aug",407,"SPR","resistivity counter"
2009,"24-Aug",386,"SPR","resistivity counter"
2009,"25-Aug",339,"SPR","resistivity counter"
2009,"26-Aug",443,"SPR","resistivity counter"
2009,"27-Aug",435,"SPR","resistivity counter"
2009,"28-Aug",371,"SPR","resistivity counter"
2009,"29-Aug",309,"SPR","resistivity counter"
2009,"30-Aug",246,"SPR","resistivity counter"
2009,"31-Aug",179,"SPR","resistivity counter"
2009,"1-Sep",68,"SPR","resistivity counter"
2009,"2-Sep",23,"SPR","resistivity counter"
2009,"3-Sep",72,"SPR","resistivity counter"
2009,"4-Sep",35,"SPR","resistivity counter"
2009,"5-Sep",21,"SPR","resistivity counter"
2009,"6-Sep",22,"SPR","resistivity counter"
2009,"7-Sep",586,"SPR","resistivity counter"
2009,"8-Sep",485,"SPR","resistivity counter"
2009,"9-Sep",2267,"SPR","resistivity counter"
2009,"10-Sep",1037,"SPR","resistivity counter"
2009,"11-Sep",1490,"SPR","resistivity counter"
2009,"12-Sep",1220,"SPR","resistivity counter"
2009,"13-Sep",966,"SPR","resistivity counter"
2009,"14-Sep",727,"SPR","resistivity counter"
2009,"15-Sep",498,"SPR","resistivity counter"
2009,"16-Sep",431,"SPR","resistivity counter"
2009,"17-Sep",355,"SPR","resistivity counter"
2009,"18-Sep",237,"SPR","resistivity counter"
2009,"19-Sep",430,"SPR","resistivity counter"
2009,"20-Sep",962,"SPR","resistivity counter"
2009,"21-Sep",303,"SPR","resistivity counter"
2009,"22-Sep",172,"SPR","resistivity counter"
2009,"23-Sep",120,"SPR","resistivity counter"
2009,"24-Sep",75,"SPR","resistivity counter"
2009,"25-Sep",39,"SPR","resistivity counter"
2009,"26-Sep",28,"SPR","resistivity counter"
2009,"27-Sep",34,"SPR","resistivity counter"
2009,"28-Sep",27,"SPR","resistivity counter"
2009,"29-Sep",42,"SPR","resistivity counter"
2009,"30-Sep",34,"SPR","resistivity counter"
2009,"1-Oct",25,"SPR","resistivity counter"
2009,"2-Oct",18,"SPR","resistivity counter"
2009,"3-Oct",13,"SPR","resistivity counter"
2009,"4-Oct",8,"SPR","resistivity counter"
2009,"5-Oct",4,"SPR","resistivity counter"
2009,"6-Oct",4,"SPR","resistivity counter"
2009,"7-Oct",2,"SPR","resistivity counter"
2009,"8-Oct",2,"SPR","resistivity counter"
2009,"9-Oct",3,"SPR","resistivity counter"
2009,"10-Oct",4,"SPR","resistivity counter"
2009,"11-Oct",2,"SPR","resistivity counter"
2009,"12-Oct",0,"SPR","resistivity counter"
2009,"13-Oct",0,"SPR","resistivity counter"
2009,"14-Oct",0,"SPR","resistivity counter"
2009,"15-Oct",0,"SPR","resistivity counter"
2009,"16-Oct",0,"SPR","resistivity counter"
2009,"17-Oct",0,"SPR","resistivity counter"
2009,"18-Oct",0,"SPR","resistivity counter"
2009,"19-Oct",0,"SPR","resistivity counter"
2009,"20-Oct",0,"SPR","resistivity counter"
2009,"21-Oct",0,"SPR","resistivity counter"
2009,"22-Oct",0,"SPR","resistivity counter"
2009,"23-Oct",0,"SPR","resistivity counter"
2009,"24-Oct",0,"SPR","resistivity counter"
2009,"25-Oct",0,"SPR","resistivity counter"
2009,"26-Oct",0,"SPR","resistivity counter"
2009,"27-Oct",0,"SPR","resistivity counter"
2009,"28-Oct",0,"SPR","resistivity counter"
2009,"29-Oct",0,"SPR","resistivity counter"
2009,"30-Oct",0,"SPR","resistivity counter"
2009,"31-Oct",0,"SPR","resistivity counter"
2009,"1-Nov",0,"SPR","resistivity counter"
2009,"2-Nov",0,"SPR","resistivity counter"
2009,"3-Nov",0,"SPR","resistivity counter"
2009,"4-Nov",0,"SPR","resistivity counter"
2009,"5-Nov",0,"SPR","resistivity counter"
2009,"6-Nov",0,"SPR","resistivity counter"
2009,"7-Nov",0,"SPR","resistivity counter"
2009,"8-Nov",0,"SPR","resistivity counter"
2009,"9-Nov",0,"SPR","resistivity counter"
2009,"10-Nov",0,"SPR","resistivity counter"
2009,"11-Nov",0,"SPR","resistivity counter"
2009,"12-Nov",0,"SPR","resistivity counter"
2009,"13-Nov",0,"SPR","resistivity counter"
2009,"14-Nov",0,"SPR","resistivity counter"
2009,"15-Nov",0,"SPR","resistivity counter"
2008,"1-May",0,"GCL","resistivity counter"
2008,"2-May",0,"GCL","resistivity counter"
2008,"3-May",0,"GCL","resistivity counter"
2008,"4-May",0,"GCL","resistivity counter"
2008,"5-May",0,"GCL","resistivity counter"
2008,"6-May",0,"GCL","resistivity counter"
2008,"7-May",0,"GCL","resistivity counter"
2008,"8-May",0,"GCL","resistivity counter"
2008,"9-May",0,"GCL","resistivity counter"
2008,"10-May",0,"GCL","resistivity counter"
2008,"11-May",0,"GCL","resistivity counter"
2008,"12-May",0,"GCL","resistivity counter"
2008,"13-May",0,"GCL","resistivity counter"
2008,"14-May",3,"GCL","resistivity counter"
2008,"15-May",0,"GCL","resistivity counter"
2008,"16-May",5,"GCL","resistivity counter"
2008,"17-May",6,"GCL","resistivity counter"
2008,"18-May",3,"GCL","resistivity counter"
2008,"19-May",0,"GCL","resistivity counter"
2008,"20-May",0,"GCL","resistivity counter"
2008,"21-May",1,"GCL","resistivity counter"
2008,"22-May",3,"GCL","resistivity counter"
2008,"23-May",1,"GCL","resistivity counter"
2008,"24-May",3,"GCL","resistivity counter"
2008,"25-May",3,"GCL","resistivity counter"
2008,"26-May",1,"GCL","resistivity counter"
2008,"27-May",1,"GCL","resistivity counter"
2008,"28-May",0,"GCL","resistivity counter"
2008,"29-May",9,"GCL","resistivity counter"
2008,"30-May",1,"GCL","resistivity counter"
2008,"31-May",3,"GCL","resistivity counter"
2008,"1-Jun",3,"GCL","resistivity counter"
2008,"2-Jun",2,"GCL","resistivity counter"
2008,"3-Jun",8,"GCL","resistivity counter"
2008,"4-Jun",8,"GCL","resistivity counter"
2008,"5-Jun",21,"GCL","resistivity counter"
2008,"6-Jun",28,"GCL","resistivity counter"
2008,"7-Jun",26,"GCL","resistivity counter"
2008,"8-Jun",42,"GCL","resistivity counter"
2008,"9-Jun",39,"GCL","resistivity counter"
2008,"10-Jun",29,"GCL","resistivity counter"
2008,"11-Jun",55,"GCL","resistivity counter"
2008,"12-Jun",95,"GCL","resistivity counter"
2008,"13-Jun",234,"GCL","resistivity counter"
2008,"14-Jun",500,"GCL","resistivity counter"
2008,"15-Jun",242,"GCL","resistivity counter"
2008,"16-Jun",390,"GCL","resistivity counter"
2008,"17-Jun",1144,"GCL","resistivity counter"
2008,"18-Jun",365,"GCL","resistivity counter"
2008,"19-Jun",356,"GCL","resistivity counter"
2008,"20-Jun",171,"GCL","resistivity counter"
2008,"21-Jun",2683,"GCL","resistivity counter"
2008,"22-Jun",3997,"GCL","resistivity counter"
2008,"23-Jun",3815,"GCL","resistivity counter"
2008,"24-Jun",1473,"GCL","resistivity counter"
2008,"25-Jun",2383,"GCL","resistivity counter"
2008,"26-Jun",1905,"GCL","resistivity counter"
2008,"27-Jun",1584,"GCL","resistivity counter"
2008,"28-Jun",2049,"GCL","resistivity counter"
2008,"29-Jun",2489,"GCL","resistivity counter"
2008,"30-Jun",3046,"GCL","resistivity counter"
2008,"1-Jul",1624,"GCL","resistivity counter"
2008,"2-Jul",600,"GCL","resistivity counter"
2008,"3-Jul",1438,"GCL","resistivity counter"
2008,"4-Jul",1777,"GCL","resistivity counter"
2008,"5-Jul",1181,"GCL","resistivity counter"
2008,"6-Jul",1391,"GCL","resistivity counter"
2008,"7-Jul",840,"GCL","resistivity counter"
2008,"8-Jul",803,"GCL","resistivity counter"
2008,"9-Jul",1474,"GCL","resistivity counter"
2008,"10-Jul",4179,"GCL","resistivity counter"
2008,"11-Jul",2717,"GCL","resistivity counter"
2008,"12-Jul",2647,"GCL","resistivity counter"
2008,"13-Jul",2271,"GCL","resistivity counter"
2008,"14-Jul",1968,"GCL","resistivity counter"
2008,"15-Jul",479,"GCL","resistivity counter"
2008,"16-Jul",1336,"GCL","resistivity counter"
2008,"17-Jul",1416,"GCL","resistivity counter"
2008,"18-Jul",441,"GCL","resistivity counter"
2008,"19-Jul",697,"GCL","resistivity counter"
2008,"20-Jul",963,"GCL","resistivity counter"
2008,"21-Jul",1366,"GCL","resistivity counter"
2008,"22-Jul",1666,"GCL","resistivity counter"
2008,"23-Jul",992,"GCL","resistivity counter"
2008,"24-Jul",1143,"GCL","resistivity counter"
2008,"25-Jul",806,"GCL","resistivity counter"
2008,"26-Jul",725,"GCL","resistivity counter"
2008,"27-Jul",825,"GCL","resistivity counter"
2008,"28-Jul",783,"GCL","resistivity counter"
2008,"29-Jul",587,"GCL","resistivity counter"
2008,"30-Jul",271,"GCL","resistivity counter"
2008,"31-Jul",384,"GCL","resistivity counter"
2008,"1-Aug",313,"GCL","resistivity counter"
2008,"2-Aug",317,"GCL","resistivity counter"
2008,"3-Aug",271,"GCL","resistivity counter"
2008,"4-Aug",276,"GCL","resistivity counter"
2008,"5-Aug",385,"GCL","resistivity counter"
2008,"6-Aug",325,"GCL","resistivity counter"
2008,"7-Aug",284,"GCL","resistivity counter"
2008,"8-Aug",274,"GCL","resistivity counter"
2008,"9-Aug",233,"GCL","resistivity counter"
2008,"10-Aug",226,"GCL","resistivity counter"
2008,"11-Aug",204,"GCL","resistivity counter"
2008,"12-Aug",176,"GCL","resistivity counter"
2008,"13-Aug",97,"GCL","resistivity counter"
2008,"14-Aug",142,"GCL","resistivity counter"
2008,"15-Aug",161,"GCL","resistivity counter"
2008,"16-Aug",152,"GCL","resistivity counter"
2008,"17-Aug",126,"GCL","resistivity counter"
2008,"18-Aug",132,"GCL","resistivity counter"
2008,"19-Aug",128,"GCL","resistivity counter"
2008,"20-Aug",108,"GCL","resistivity counter"
2008,"21-Aug",96,"GCL","resistivity counter"
2008,"22-Aug",64,"GCL","resistivity counter"
2008,"23-Aug",58,"GCL","resistivity counter"
2008,"24-Aug",75,"GCL","resistivity counter"
2008,"25-Aug",29,"GCL","resistivity counter"
2008,"26-Aug",22,"GCL","resistivity counter"
2008,"27-Aug",30,"GCL","resistivity counter"
2008,"28-Aug",39,"GCL","resistivity counter"
2008,"29-Aug",38,"GCL","resistivity counter"
2008,"30-Aug",35,"GCL","resistivity counter"
2008,"31-Aug",22,"GCL","resistivity counter"
2008,"1-Sep",16,"GCL","resistivity counter"
2008,"2-Sep",12,"GCL","resistivity counter"
2008,"3-Sep",5,"GCL","resistivity counter"
2008,"4-Sep",68.5,"GCL","resistivity counter"
2008,"5-Sep",19.5,"GCL","resistivity counter"
2008,"6-Sep",3.25,"GCL","resistivity counter"
2008,"7-Sep",10,"GCL","resistivity counter"
2008,"8-Sep",16.0067567567568,"GCL","resistivity counter"
2008,"9-Sep",2,"GCL","resistivity counter"
2008,"10-Sep",0.25,"GCL","resistivity counter"
2008,"11-Sep",3.5,"GCL","resistivity counter"
2008,"12-Sep",1.25,"GCL","resistivity counter"
2008,"13-Sep",1.5,"GCL","resistivity counter"
2008,"14-Sep",3,"GCL","resistivity counter"
2008,"15-Sep",1,"GCL","resistivity counter"
2008,"16-Sep",1.25,"GCL","resistivity counter"
2008,"17-Sep",0,"GCL","resistivity counter"
2008,"18-Sep",0,"GCL","resistivity counter"
2008,"19-Sep",1,"GCL","resistivity counter"
2008,"20-Sep",1,"GCL","resistivity counter"
2008,"21-Sep",1,"GCL","resistivity counter"
2008,"22-Sep",0,"GCL","resistivity counter"
2008,"23-Sep",0.25,"GCL","resistivity counter"
2008,"24-Sep",0,"GCL","resistivity counter"
2008,"25-Sep",0.25,"GCL","resistivity counter"
2008,"26-Sep",0,"GCL","resistivity counter"
2008,"27-Sep",0,"GCL","resistivity counter"
2008,"28-Sep",0,"GCL","resistivity counter"
2008,"29-Sep",0,"GCL","resistivity counter"
2008,"30-Sep",0.25,"GCL","resistivity counter"
2008,"1-Oct",0,"GCL","resistivity counter"
2008,"2-Oct",0,"GCL","resistivity counter"
2008,"3-Oct",0,"GCL","resistivity counter"
2008,"4-Oct",0,"GCL","resistivity counter"
2008,"5-Oct",0,"GCL","resistivity counter"
2008,"6-Oct",0.25,"GCL","resistivity counter"
2008,"7-Oct",0,"GCL","resistivity counter"
2008,"8-Oct",0,"GCL","resistivity counter"
2008,"9-Oct",0,"GCL","resistivity counter"
2008,"10-Oct",0.25,"GCL","resistivity counter"
2008,"11-Oct",0,"GCL","resistivity counter"
2008,"12-Oct",0,"GCL","resistivity counter"
2008,"13-Oct",0,"GCL","resistivity counter"
2008,"14-Oct",0,"GCL","resistivity counter"
2008,"15-Oct",0,"GCL","resistivity counter"
2008,"16-Oct",0,"GCL","resistivity counter"
2008,"17-Oct",0,"GCL","resistivity counter"
2008,"18-Oct",0,"GCL","resistivity counter"
2008,"19-Oct",0,"GCL","resistivity counter"
2008,"20-Oct",0.25,"GCL","resistivity counter"
2008,"21-Oct",0,"GCL","resistivity counter"
2008,"22-Oct",0.75,"GCL","resistivity counter"
2008,"23-Oct",0.25,"GCL","resistivity counter"
2008,"24-Oct",0.5,"GCL","resistivity counter"
2008,"25-Oct",0,"GCL","resistivity counter"
2008,"26-Oct",0,"GCL","resistivity counter"
2008,"27-Oct",0,"GCL","resistivity counter"
2008,"28-Oct",0,"GCL","resistivity counter"
2008,"29-Oct",0,"GCL","resistivity counter"
2008,"30-Oct",0,"GCL","resistivity counter"
2008,"31-Oct",0.5,"GCL","resistivity counter"
2008,"1-Nov",0.5,"GCL","resistivity counter"
2008,"2-Nov",0,"GCL","resistivity counter"
2008,"3-Nov",0,"GCL","resistivity counter"
2008,"4-Nov",0,"GCL","resistivity counter"
2008,"5-Nov",0,"GCL","resistivity counter"
2008,"6-Nov",0,"GCL","resistivity counter"
2008,"7-Nov",0,"GCL","resistivity counter"
2008,"8-Nov",0,"GCL","resistivity counter"
2008,"9-Nov",0,"GCL","resistivity counter"
2008,"10-Nov",0,"GCL","resistivity counter"
2008,"11-Nov",0,"GCL","resistivity counter"
2008,"12-Nov",0,"GCL","resistivity counter"
2008,"13-Nov",0,"GCL","resistivity counter"
2008,"14-Nov",0,"GCL","resistivity counter"
2008,"15-Nov",0,"GCL","resistivity counter"
2008,"1-May",0,"SPR","resistivity counter"
2008,"2-May",0,"SPR","resistivity counter"
2008,"3-May",0,"SPR","resistivity counter"
2008,"4-May",0,"SPR","resistivity counter"
2008,"5-May",0,"SPR","resistivity counter"
2008,"6-May",0,"SPR","resistivity counter"
2008,"7-May",0,"SPR","resistivity counter"
2008,"8-May",0,"SPR","resistivity counter"
2008,"9-May",0,"SPR","resistivity counter"
2008,"10-May",0,"SPR","resistivity counter"
2008,"11-May",0,"SPR","resistivity counter"
2008,"12-May",0,"SPR","resistivity counter"
2008,"13-May",0,"SPR","resistivity counter"
2008,"14-May",0,"SPR","resistivity counter"
2008,"15-May",0,"SPR","resistivity counter"
2008,"16-May",0,"SPR","resistivity counter"
2008,"17-May",0,"SPR","resistivity counter"
2008,"18-May",0,"SPR","resistivity counter"
2008,"19-May",0,"SPR","resistivity counter"
2008,"20-May",8,"SPR","resistivity counter"
2008,"21-May",10,"SPR","resistivity counter"
2008,"22-May",9,"SPR","resistivity counter"
2008,"23-May",15,"SPR","resistivity counter"
2008,"24-May",25,"SPR","resistivity counter"
2008,"25-May",20,"SPR","resistivity counter"
2008,"26-May",66,"SPR","resistivity counter"
2008,"27-May",148,"SPR","resistivity counter"
2008,"28-May",80,"SPR","resistivity counter"
2008,"29-May",94,"SPR","resistivity counter"
2008,"30-May",49,"SPR","resistivity counter"
2008,"31-May",93,"SPR","resistivity counter"
2008,"1-Jun",135,"SPR","resistivity counter"
2008,"2-Jun",177,"SPR","resistivity counter"
2008,"3-Jun",196,"SPR","resistivity counter"
2008,"4-Jun",189,"SPR","resistivity counter"
2008,"5-Jun",188,"SPR","resistivity counter"
2008,"6-Jun",136,"SPR","resistivity counter"
2008,"7-Jun",213,"SPR","resistivity counter"
2008,"8-Jun",280,"SPR","resistivity counter"
2008,"9-Jun",268,"SPR","resistivity counter"
2008,"10-Jun",475,"SPR","resistivity counter"
2008,"11-Jun",579,"SPR","resistivity counter"
2008,"12-Jun",1066,"SPR","resistivity counter"
2008,"13-Jun",1595,"SPR","resistivity counter"
2008,"14-Jun",1598,"SPR","resistivity counter"
2008,"15-Jun",1974,"SPR","resistivity counter"
2008,"16-Jun",2365,"SPR","resistivity counter"
2008,"17-Jun",2443,"SPR","resistivity counter"
2008,"18-Jun",943,"SPR","resistivity counter"
2008,"19-Jun",1289,"SPR","resistivity counter"
2008,"20-Jun",1533,"SPR","resistivity counter"
2008,"21-Jun",1786,"SPR","resistivity counter"
2008,"22-Jun",2062,"SPR","resistivity counter"
2008,"23-Jun",2357,"SPR","resistivity counter"
2008,"24-Jun",1745,"SPR","resistivity counter"
2008,"25-Jun",2199,"SPR","resistivity counter"
2008,"26-Jun",2703,"SPR","resistivity counter"
2008,"27-Jun",2226,"SPR","resistivity counter"
2008,"28-Jun",2077,"SPR","resistivity counter"
2008,"29-Jun",4336,"SPR","resistivity counter"
2008,"30-Jun",2936,"SPR","resistivity counter"
2008,"1-Jul",1918,"SPR","resistivity counter"
2008,"2-Jul",3708,"SPR","resistivity counter"
2008,"3-Jul",3548,"SPR","resistivity counter"
2008,"4-Jul",2219,"SPR","resistivity counter"
2008,"5-Jul",4954,"SPR","resistivity counter"
2008,"6-Jul",5393,"SPR","resistivity counter"
2008,"7-Jul",4452,"SPR","resistivity counter"
2008,"8-Jul",3894,"SPR","resistivity counter"
2008,"9-Jul",2661,"SPR","resistivity counter"
2008,"10-Jul",2400,"SPR","resistivity counter"
2008,"11-Jul",1782,"SPR","resistivity counter"
2008,"12-Jul",1458,"SPR","resistivity counter"
2008,"13-Jul",1201,"SPR","resistivity counter"
2008,"14-Jul",1591,"SPR","resistivity counter"
2008,"15-Jul",2129,"SPR","resistivity counter"
2008,"16-Jul",1573,"SPR","resistivity counter"
2008,"17-Jul",1725,"SPR","resistivity counter"
2008,"18-Jul",2362,"SPR","resistivity counter"
2008,"19-Jul",2455,"SPR","resistivity counter"
2008,"20-Jul",1426,"SPR","resistivity counter"
2008,"21-Jul",2860,"SPR","resistivity counter"
2008,"22-Jul",2407,"SPR","resistivity counter"
2008,"23-Jul",1429,"SPR","resistivity counter"
2008,"24-Jul",1067,"SPR","resistivity counter"
2008,"25-Jul",865,"SPR","resistivity counter"
2008,"26-Jul",1188,"SPR","resistivity counter"
2008,"27-Jul",1462,"SPR","resistivity counter"
2008,"28-Jul",868,"SPR","resistivity counter"
2008,"29-Jul",807,"SPR","resistivity counter"
2008,"30-Jul",487,"SPR","resistivity counter"
2008,"31-Jul",414,"SPR","resistivity counter"
2008,"1-Aug",553,"SPR","resistivity counter"
2008,"2-Aug",990,"SPR","resistivity counter"
2008,"3-Aug",1008,"SPR","resistivity counter"
2008,"4-Aug",902,"SPR","resistivity counter"
2008,"5-Aug",703,"SPR","resistivity counter"
2008,"6-Aug",399,"SPR","resistivity counter"
2008,"7-Aug",384,"SPR","resistivity counter"
2008,"8-Aug",373,"SPR","resistivity counter"
2008,"9-Aug",226,"SPR","resistivity counter"
2008,"10-Aug",161,"SPR","resistivity counter"
2008,"11-Aug",256,"SPR","resistivity counter"
2008,"12-Aug",367,"SPR","resistivity counter"
2008,"13-Aug",133,"SPR","resistivity counter"
2008,"14-Aug",127,"SPR","resistivity counter"
2008,"15-Aug",74,"SPR","resistivity counter"
2008,"16-Aug",53,"SPR","resistivity counter"
2008,"17-Aug",20,"SPR","resistivity counter"
2008,"18-Aug",22,"SPR","resistivity counter"
2008,"19-Aug",28,"SPR","resistivity counter"
2008,"20-Aug",43,"SPR","resistivity counter"
2008,"21-Aug",74,"SPR","resistivity counter"
2008,"22-Aug",93,"SPR","resistivity counter"
2008,"23-Aug",87,"SPR","resistivity counter"
2008,"24-Aug",66,"SPR","resistivity counter"
2008,"25-Aug",61,"SPR","resistivity counter"
2008,"26-Aug",52,"SPR","resistivity counter"
2008,"27-Aug",59,"SPR","resistivity counter"
2008,"28-Aug",35,"SPR","resistivity counter"
2008,"29-Aug",34,"SPR","resistivity counter"
2008,"30-Aug",18,"SPR","resistivity counter"
2008,"31-Aug",20,"SPR","resistivity counter"
2008,"1-Sep",18,"SPR","resistivity counter"
2008,"2-Sep",10,"SPR","resistivity counter"
2008,"3-Sep",4,"SPR","resistivity counter"
2008,"4-Sep",2,"SPR","resistivity counter"
2008,"5-Sep",0,"SPR","resistivity counter"
2008,"6-Sep",0,"SPR","resistivity counter"
2008,"7-Sep",0,"SPR","resistivity counter"
2008,"8-Sep",0,"SPR","resistivity counter"
2008,"9-Sep",0,"SPR","resistivity counter"
2008,"10-Sep",0,"SPR","resistivity counter"
2008,"11-Sep",0,"SPR","resistivity counter"
2008,"12-Sep",0,"SPR","resistivity counter"
2008,"13-Sep",0,"SPR","resistivity counter"
2008,"14-Sep",0,"SPR","resistivity counter"
2008,"15-Sep",0,"SPR","resistivity counter"
2008,"16-Sep",0,"SPR","resistivity counter"
2008,"17-Sep",0,"SPR","resistivity counter"
2008,"18-Sep",0,"SPR","resistivity counter"
2008,"19-Sep",0,"SPR","resistivity counter"
2008,"20-Sep",0,"SPR","resistivity counter"
2008,"21-Sep",0,"SPR","resistivity counter"
2008,"22-Sep",0,"SPR","resistivity counter"
2008,"23-Sep",0,"SPR","resistivity counter"
2008,"24-Sep",0,"SPR","resistivity counter"
2008,"25-Sep",0,"SPR","resistivity counter"
2008,"26-Sep",0,"SPR","resistivity counter"
2008,"27-Sep",0,"SPR","resistivity counter"
2008,"28-Sep",0,"SPR","resistivity counter"
2008,"29-Sep",0,"SPR","resistivity counter"
2008,"30-Sep",0,"SPR","resistivity counter"
2008,"1-Oct",0,"SPR","resistivity counter"
2008,"2-Oct",0,"SPR","resistivity counter"
2008,"3-Oct",0,"SPR","resistivity counter"
2008,"4-Oct",0,"SPR","resistivity counter"
2008,"5-Oct",0,"SPR","resistivity counter"
2008,"6-Oct",0,"SPR","resistivity counter"
2008,"7-Oct",0,"SPR","resistivity counter"
2008,"8-Oct",0,"SPR","resistivity counter"
2008,"9-Oct",0,"SPR","resistivity counter"
2008,"10-Oct",0,"SPR","resistivity counter"
2008,"11-Oct",0,"SPR","resistivity counter"
2008,"12-Oct",0,"SPR","resistivity counter"
2008,"13-Oct",0,"SPR","resistivity counter"
2008,"14-Oct",0,"SPR","resistivity counter"
2008,"15-Oct",0,"SPR","resistivity counter"
2008,"16-Oct",0,"SPR","resistivity counter"
2008,"17-Oct",0,"SPR","resistivity counter"
2008,"18-Oct",0,"SPR","resistivity counter"
2008,"19-Oct",0,"SPR","resistivity counter"
2008,"20-Oct",0,"SPR","resistivity counter"
2008,"21-Oct",0,"SPR","resistivity counter"
2008,"22-Oct",0,"SPR","resistivity counter"
2008,"23-Oct",0,"SPR","resistivity counter"
2008,"24-Oct",0,"SPR","resistivity counter"
2008,"25-Oct",0,"SPR","resistivity counter"
2008,"26-Oct",0,"SPR","resistivity counter"
2008,"27-Oct",0,"SPR","resistivity counter"
2008,"28-Oct",0,"SPR","resistivity counter"
2008,"29-Oct",0,"SPR","resistivity counter"
2008,"30-Oct",0,"SPR","resistivity counter"
2008,"31-Oct",0,"SPR","resistivity counter"
2008,"1-Nov",0,"SPR","resistivity counter"
2008,"2-Nov",0,"SPR","resistivity counter"
2008,"3-Nov",0,"SPR","resistivity counter"
2008,"4-Nov",0,"SPR","resistivity counter"
2008,"5-Nov",0,"SPR","resistivity counter"
2008,"6-Nov",0,"SPR","resistivity counter"
2008,"7-Nov",0,"SPR","resistivity counter"
2008,"8-Nov",0,"SPR","resistivity counter"
2008,"9-Nov",0,"SPR","resistivity counter"
2008,"10-Nov",0,"SPR","resistivity counter"
2008,"11-Nov",0,"SPR","resistivity counter"
2008,"12-Nov",0,"SPR","resistivity counter"
2008,"13-Nov",0,"SPR","resistivity counter"
2008,"14-Nov",0,"SPR","resistivity counter"
2008,"15-Nov",0,"SPR","resistivity counter"
2007,"1-May",0,"GCL","resistivity counter"
2007,"2-May",0,"GCL","resistivity counter"
2007,"3-May",0,"GCL","resistivity counter"
2007,"4-May",0,"GCL","resistivity counter"
2007,"5-May",0,"GCL","resistivity counter"
2007,"6-May",0,"GCL","resistivity counter"
2007,"7-May",0,"GCL","resistivity counter"
2007,"8-May",0,"GCL","resistivity counter"
2007,"9-May",0,"GCL","resistivity counter"
2007,"10-May",0,"GCL","resistivity counter"
2007,"11-May",6,"GCL","resistivity counter"
2007,"12-May",10,"GCL","resistivity counter"
2007,"13-May",3,"GCL","resistivity counter"
2007,"14-May",3,"GCL","resistivity counter"
2007,"15-May",7,"GCL","resistivity counter"
2007,"16-May",6,"GCL","resistivity counter"
2007,"17-May",4,"GCL","resistivity counter"
2007,"18-May",8,"GCL","resistivity counter"
2007,"19-May",4,"GCL","resistivity counter"
2007,"20-May",4,"GCL","resistivity counter"
2007,"21-May",6,"GCL","resistivity counter"
2007,"22-May",4,"GCL","resistivity counter"
2007,"23-May",5,"GCL","resistivity counter"
2007,"24-May",7,"GCL","resistivity counter"
2007,"25-May",8,"GCL","resistivity counter"
2007,"26-May",7,"GCL","resistivity counter"
2007,"27-May",7,"GCL","resistivity counter"
2007,"28-May",17,"GCL","resistivity counter"
2007,"29-May",10,"GCL","resistivity counter"
2007,"30-May",13,"GCL","resistivity counter"
2007,"31-May",16,"GCL","resistivity counter"
2007,"1-Jun",16,"GCL","resistivity counter"
2007,"2-Jun",23,"GCL","resistivity counter"
2007,"3-Jun",26,"GCL","resistivity counter"
2007,"4-Jun",57,"GCL","resistivity counter"
2007,"5-Jun",57,"GCL","resistivity counter"
2007,"6-Jun",32,"GCL","resistivity counter"
2007,"7-Jun",28,"GCL","resistivity counter"
2007,"8-Jun",16,"GCL","resistivity counter"
2007,"9-Jun",28,"GCL","resistivity counter"
2007,"10-Jun",17,"GCL","resistivity counter"
2007,"11-Jun",24,"GCL","resistivity counter"
2007,"12-Jun",11,"GCL","resistivity counter"
2007,"13-Jun",51,"GCL","resistivity counter"
2007,"14-Jun",83,"GCL","resistivity counter"
2007,"15-Jun",76,"GCL","resistivity counter"
2007,"16-Jun",130,"GCL","resistivity counter"
2007,"17-Jun",199,"GCL","resistivity counter"
2007,"18-Jun",181,"GCL","resistivity counter"
2007,"19-Jun",90,"GCL","resistivity counter"
2007,"20-Jun",541,"GCL","resistivity counter"
2007,"21-Jun",362,"GCL","resistivity counter"
2007,"22-Jun",418,"GCL","resistivity counter"
2007,"23-Jun",4936,"GCL","resistivity counter"
2007,"24-Jun",3893,"GCL","resistivity counter"
2007,"25-Jun",3420,"GCL","resistivity counter"
2007,"26-Jun",4992,"GCL","resistivity counter"
2007,"27-Jun",3820,"GCL","resistivity counter"
2007,"28-Jun",1891,"GCL","resistivity counter"
2007,"29-Jun",943,"GCL","resistivity counter"
2007,"30-Jun",1359,"GCL","resistivity counter"
2007,"1-Jul",1848,"GCL","resistivity counter"
2007,"2-Jul",1661,"GCL","resistivity counter"
2007,"3-Jul",1727,"GCL","resistivity counter"
2007,"4-Jul",1575,"GCL","resistivity counter"
2007,"5-Jul",2831,"GCL","resistivity counter"
2007,"6-Jul",5299,"GCL","resistivity counter"
2007,"7-Jul",2953,"GCL","resistivity counter"
2007,"8-Jul",739,"GCL","resistivity counter"
2007,"9-Jul",4607,"GCL","resistivity counter"
2007,"10-Jul",1429,"GCL","resistivity counter"
2007,"11-Jul",2770,"GCL","resistivity counter"
2007,"12-Jul",1514,"GCL","resistivity counter"
2007,"13-Jul",970,"GCL","resistivity counter"
2007,"14-Jul",496,"GCL","resistivity counter"
2007,"15-Jul",515,"GCL","resistivity counter"
2007,"16-Jul",774,"GCL","resistivity counter"
2007,"17-Jul",1471,"GCL","resistivity counter"
2007,"18-Jul",1794,"GCL","resistivity counter"
2007,"19-Jul",1683,"GCL","resistivity counter"
2007,"20-Jul",654,"GCL","resistivity counter"
2007,"21-Jul",549,"GCL","resistivity counter"
2007,"22-Jul",576,"GCL","resistivity counter"
2007,"23-Jul",349,"GCL","resistivity counter"
2007,"24-Jul",276,"GCL","resistivity counter"
2007,"25-Jul",154,"GCL","resistivity counter"
2007,"26-Jul",137,"GCL","resistivity counter"
2007,"27-Jul",296,"GCL","resistivity counter"
2007,"28-Jul",424,"GCL","resistivity counter"
2007,"29-Jul",1645,"GCL","resistivity counter"
2007,"30-Jul",435,"GCL","resistivity counter"
2007,"31-Jul",1807,"GCL","resistivity counter"
2007,"1-Aug",568,"GCL","resistivity counter"
2007,"2-Aug",521,"GCL","resistivity counter"
2007,"3-Aug",358,"GCL","resistivity counter"
2007,"4-Aug",244,"GCL","resistivity counter"
2007,"5-Aug",186,"GCL","resistivity counter"
2007,"6-Aug",259,"GCL","resistivity counter"
2007,"7-Aug",351,"GCL","resistivity counter"
2007,"8-Aug",247,"GCL","resistivity counter"
2007,"9-Aug",138,"GCL","resistivity counter"
2007,"10-Aug",125,"GCL","resistivity counter"
2007,"11-Aug",120,"GCL","resistivity counter"
2007,"12-Aug",99,"GCL","resistivity counter"
2007,"13-Aug",98,"GCL","resistivity counter"
2007,"14-Aug",105,"GCL","resistivity counter"
2007,"15-Aug",82,"GCL","resistivity counter"
2007,"16-Aug",118,"GCL","resistivity counter"
2007,"17-Aug",65,"GCL","resistivity counter"
2007,"18-Aug",46,"GCL","resistivity counter"
2007,"19-Aug",42,"GCL","resistivity counter"
2007,"20-Aug",50,"GCL","resistivity counter"
2007,"21-Aug",65,"GCL","resistivity counter"
2007,"22-Aug",54,"GCL","resistivity counter"
2007,"23-Aug",36,"GCL","resistivity counter"
2007,"24-Aug",42,"GCL","resistivity counter"
2007,"25-Aug",38,"GCL","resistivity counter"
2007,"26-Aug",24,"GCL","resistivity counter"
2007,"27-Aug",37,"GCL","resistivity counter"
2007,"28-Aug",31,"GCL","resistivity counter"
2007,"29-Aug",24,"GCL","resistivity counter"
2007,"30-Aug",25,"GCL","resistivity counter"
2007,"31-Aug",21,"GCL","resistivity counter"
2007,"1-Sep",66,"GCL","resistivity counter"
2007,"2-Sep",38,"GCL","resistivity counter"
2007,"3-Sep",49,"GCL","resistivity counter"
2007,"4-Sep",60,"GCL","resistivity counter"
2007,"5-Sep",47,"GCL","resistivity counter"
2007,"6-Sep",296,"GCL","resistivity counter"
2007,"7-Sep",2.66666666666667,"GCL","resistivity counter"
2007,"8-Sep",1.33333333333333,"GCL","resistivity counter"
2007,"9-Sep",1.33333333333333,"GCL","resistivity counter"
2007,"10-Sep",2.66666666666667,"GCL","resistivity counter"
2007,"11-Sep",3,"GCL","resistivity counter"
2007,"12-Sep",1.33333333333333,"GCL","resistivity counter"
2007,"13-Sep",0,"GCL","resistivity counter"
2007,"14-Sep",2.66666666666667,"GCL","resistivity counter"
2007,"15-Sep",0,"GCL","resistivity counter"
2007,"16-Sep",0,"GCL","resistivity counter"
2007,"17-Sep",0,"GCL","resistivity counter"
2007,"18-Sep",0,"GCL","resistivity counter"
2007,"19-Sep",0,"GCL","resistivity counter"
2007,"20-Sep",0,"GCL","resistivity counter"
2007,"21-Sep",0,"GCL","resistivity counter"
2007,"22-Sep",0,"GCL","resistivity counter"
2007,"23-Sep",0,"GCL","resistivity counter"
2007,"24-Sep",0,"GCL","resistivity counter"
2007,"25-Sep",1.66666666666667,"GCL","resistivity counter"
2007,"26-Sep",0,"GCL","resistivity counter"
2007,"27-Sep",1.33333333333333,"GCL","resistivity counter"
2007,"28-Sep",0,"GCL","resistivity counter"
2007,"29-Sep",1.33333333333333,"GCL","resistivity counter"
2007,"30-Sep",0,"GCL","resistivity counter"
2007,"1-Oct",0,"GCL","resistivity counter"
2007,"2-Oct",0,"GCL","resistivity counter"
2007,"3-Oct",2.66666666666667,"GCL","resistivity counter"
2007,"4-Oct",0,"GCL","resistivity counter"
2007,"5-Oct",0,"GCL","resistivity counter"
2007,"6-Oct",0,"GCL","resistivity counter"
2007,"7-Oct",0,"GCL","resistivity counter"
2007,"8-Oct",0,"GCL","resistivity counter"
2007,"9-Oct",0,"GCL","resistivity counter"
2007,"10-Oct",0,"GCL","resistivity counter"
2007,"11-Oct",0,"GCL","resistivity counter"
2007,"12-Oct",0,"GCL","resistivity counter"
2007,"13-Oct",0,"GCL","resistivity counter"
2007,"14-Oct",0,"GCL","resistivity counter"
2007,"15-Oct",0,"GCL","resistivity counter"
2007,"16-Oct",0,"GCL","resistivity counter"
2007,"17-Oct",0,"GCL","resistivity counter"
2007,"18-Oct",1.66666666666667,"GCL","resistivity counter"
2007,"19-Oct",0,"GCL","resistivity counter"
2007,"20-Oct",0,"GCL","resistivity counter"
2007,"21-Oct",0,"GCL","resistivity counter"
2007,"22-Oct",0,"GCL","resistivity counter"
2007,"23-Oct",0,"GCL","resistivity counter"
2007,"24-Oct",0,"GCL","resistivity counter"
2007,"25-Oct",0,"GCL","resistivity counter"
2007,"26-Oct",0,"GCL","resistivity counter"
2007,"27-Oct",1.33333333333333,"GCL","resistivity counter"
2007,"28-Oct",4,"GCL","resistivity counter"
2007,"29-Oct",1.33333333333333,"GCL","resistivity counter"
2007,"30-Oct",1.33333333333333,"GCL","resistivity counter"
2007,"31-Oct",0,"GCL","resistivity counter"
2007,"1-Nov",0,"GCL","resistivity counter"
2007,"2-Nov",0,"GCL","resistivity counter"
2007,"3-Nov",0,"GCL","resistivity counter"
2007,"4-Nov",0,"GCL","resistivity counter"
2007,"5-Nov",0,"GCL","resistivity counter"
2007,"6-Nov",0,"GCL","resistivity counter"
2007,"7-Nov",0,"GCL","resistivity counter"
2007,"8-Nov",2.66666666666667,"GCL","resistivity counter"
2007,"9-Nov",0,"GCL","resistivity counter"
2007,"10-Nov",1.33333333333333,"GCL","resistivity counter"
2007,"11-Nov",0,"GCL","resistivity counter"
2007,"12-Nov",0,"GCL","resistivity counter"
2007,"13-Nov",0,"GCL","resistivity counter"
2007,"14-Nov",0,"GCL","resistivity counter"
2007,"15-Nov",0,"GCL","resistivity counter"
2007,"1-May",0,"SPR","resistivity counter"
2007,"2-May",0,"SPR","resistivity counter"
2007,"3-May",0,"SPR","resistivity counter"
2007,"4-May",0,"SPR","resistivity counter"
2007,"5-May",0,"SPR","resistivity counter"
2007,"6-May",0,"SPR","resistivity counter"
2007,"7-May",0,"SPR","resistivity counter"
2007,"8-May",1,"SPR","resistivity counter"
2007,"9-May",8,"SPR","resistivity counter"
2007,"10-May",12,"SPR","resistivity counter"
2007,"11-May",30,"SPR","resistivity counter"
2007,"12-May",23,"SPR","resistivity counter"
2007,"13-May",32,"SPR","resistivity counter"
2007,"14-May",45,"SPR","resistivity counter"
2007,"15-May",32,"SPR","resistivity counter"
2007,"16-May",34,"SPR","resistivity counter"
2007,"17-May",43,"SPR","resistivity counter"
2007,"18-May",133,"SPR","resistivity counter"
2007,"19-May",80,"SPR","resistivity counter"
2007,"20-May",69,"SPR","resistivity counter"
2007,"21-May",19,"SPR","resistivity counter"
2007,"22-May",46,"SPR","resistivity counter"
2007,"23-May",76,"SPR","resistivity counter"
2007,"24-May",57,"SPR","resistivity counter"
2007,"25-May",70,"SPR","resistivity counter"
2007,"26-May",98,"SPR","resistivity counter"
2007,"27-May",71,"SPR","resistivity counter"
2007,"28-May",180,"SPR","resistivity counter"
2007,"29-May",76,"SPR","resistivity counter"
2007,"30-May",84,"SPR","resistivity counter"
2007,"31-May",75,"SPR","resistivity counter"
2007,"1-Jun",239,"SPR","resistivity counter"
2007,"2-Jun",480,"SPR","resistivity counter"
2007,"3-Jun",409,"SPR","resistivity counter"
2007,"4-Jun",461,"SPR","resistivity counter"
2007,"5-Jun",299,"SPR","resistivity counter"
2007,"6-Jun",298,"SPR","resistivity counter"
2007,"7-Jun",321,"SPR","resistivity counter"
2007,"8-Jun",375,"SPR","resistivity counter"
2007,"9-Jun",520,"SPR","resistivity counter"
2007,"10-Jun",717,"SPR","resistivity counter"
2007,"11-Jun",516,"SPR","resistivity counter"
2007,"12-Jun",428,"SPR","resistivity counter"
2007,"13-Jun",627,"SPR","resistivity counter"
2007,"14-Jun",885,"SPR","resistivity counter"
2007,"15-Jun",816,"SPR","resistivity counter"
2007,"16-Jun",1042,"SPR","resistivity counter"
2007,"17-Jun",932,"SPR","resistivity counter"
2007,"18-Jun",826,"SPR","resistivity counter"
2007,"19-Jun",419,"SPR","resistivity counter"
2007,"20-Jun",621,"SPR","resistivity counter"
2007,"21-Jun",734,"SPR","resistivity counter"
2007,"22-Jun",819,"SPR","resistivity counter"
2007,"23-Jun",2095,"SPR","resistivity counter"
2007,"24-Jun",2889,"SPR","resistivity counter"
2007,"25-Jun",1407,"SPR","resistivity counter"
2007,"26-Jun",773,"SPR","resistivity counter"
2007,"27-Jun",751,"SPR","resistivity counter"
2007,"28-Jun",981,"SPR","resistivity counter"
2007,"29-Jun",981,"SPR","resistivity counter"
2007,"30-Jun",901,"SPR","resistivity counter"
2007,"1-Jul",1470,"SPR","resistivity counter"
2007,"2-Jul",2003,"SPR","resistivity counter"
2007,"3-Jul",2501,"SPR","resistivity counter"
2007,"4-Jul",4056,"SPR","resistivity counter"
2007,"5-Jul",3953,"SPR","resistivity counter"
2007,"6-Jul",3959,"SPR","resistivity counter"
2007,"7-Jul",2039,"SPR","resistivity counter"
2007,"8-Jul",2409,"SPR","resistivity counter"
2007,"9-Jul",1481,"SPR","resistivity counter"
2007,"10-Jul",1126,"SPR","resistivity counter"
2007,"11-Jul",925,"SPR","resistivity counter"
2007,"12-Jul",775,"SPR","resistivity counter"
2007,"13-Jul",701,"SPR","resistivity counter"
2007,"14-Jul",1127,"SPR","resistivity counter"
2007,"15-Jul",1472,"SPR","resistivity counter"
2007,"16-Jul",1057,"SPR","resistivity counter"
2007,"17-Jul",1148,"SPR","resistivity counter"
2007,"18-Jul",1302,"SPR","resistivity counter"
2007,"19-Jul",1570,"SPR","resistivity counter"
2007,"20-Jul",722,"SPR","resistivity counter"
2007,"21-Jul",817,"SPR","resistivity counter"
2007,"22-Jul",1002,"SPR","resistivity counter"
2007,"23-Jul",775,"SPR","resistivity counter"
2007,"24-Jul",483,"SPR","resistivity counter"
2007,"25-Jul",713,"SPR","resistivity counter"
2007,"26-Jul",581,"SPR","resistivity counter"
2007,"27-Jul",631,"SPR","resistivity counter"
2007,"28-Jul",657,"SPR","resistivity counter"
2007,"29-Jul",613,"SPR","resistivity counter"
2007,"30-Jul",436,"SPR","resistivity counter"
2007,"31-Jul",507,"SPR","resistivity counter"
2007,"1-Aug",251,"SPR","resistivity counter"
2007,"2-Aug",256,"SPR","resistivity counter"
2007,"3-Aug",272,"SPR","resistivity counter"
2007,"4-Aug",336,"SPR","resistivity counter"
2007,"5-Aug",382,"SPR","resistivity counter"
2007,"6-Aug",333,"SPR","resistivity counter"
2007,"7-Aug",167,"SPR","resistivity counter"
2007,"8-Aug",254,"SPR","resistivity counter"
2007,"9-Aug",199,"SPR","resistivity counter"
2007,"10-Aug",197,"SPR","resistivity counter"
2007,"11-Aug",124,"SPR","resistivity counter"
2007,"12-Aug",143,"SPR","resistivity counter"
2007,"13-Aug",157,"SPR","resistivity counter"
2007,"14-Aug",169,"SPR","resistivity counter"
2007,"15-Aug",89,"SPR","resistivity counter"
2007,"16-Aug",96,"SPR","resistivity counter"
2007,"17-Aug",69,"SPR","resistivity counter"
2007,"18-Aug",62,"SPR","resistivity counter"
2007,"19-Aug",43,"SPR","resistivity counter"
2007,"20-Aug",78,"SPR","resistivity counter"
2007,"21-Aug",47,"SPR","resistivity counter"
2007,"22-Aug",38,"SPR","resistivity counter"
2007,"23-Aug",31,"SPR","resistivity counter"
2007,"24-Aug",47,"SPR","resistivity counter"
2007,"25-Aug",26,"SPR","resistivity counter"
2007,"26-Aug",30,"SPR","resistivity counter"
2007,"27-Aug",24,"SPR","resistivity counter"
2007,"28-Aug",18,"SPR","resistivity counter"
2007,"29-Aug",13,"SPR","resistivity counter"
2007,"30-Aug",15,"SPR","resistivity counter"
2007,"31-Aug",16,"SPR","resistivity counter"
2007,"1-Sep",11,"SPR","resistivity counter"
2007,"2-Sep",10,"SPR","resistivity counter"
2007,"3-Sep",5,"SPR","resistivity counter"
2007,"4-Sep",0,"SPR","resistivity counter"
2007,"5-Sep",0,"SPR","resistivity counter"
2007,"6-Sep",0,"SPR","resistivity counter"
2007,"7-Sep",0,"SPR","resistivity counter"
2007,"8-Sep",0,"SPR","resistivity counter"
2007,"9-Sep",0,"SPR","resistivity counter"
2007,"10-Sep",0,"SPR","resistivity counter"
2007,"11-Sep",0,"SPR","resistivity counter"
2007,"12-Sep",0,"SPR","resistivity counter"
2007,"13-Sep",0,"SPR","resistivity counter"
2007,"14-Sep",0,"SPR","resistivity counter"
2007,"15-Sep",0,"SPR","resistivity counter"
2007,"16-Sep",0,"SPR","resistivity counter"
2007,"17-Sep",0,"SPR","resistivity counter"
2007,"18-Sep",0,"SPR","resistivity counter"
2007,"19-Sep",0,"SPR","resistivity counter"
2007,"20-Sep",0,"SPR","resistivity counter"
2007,"21-Sep",0,"SPR","resistivity counter"
2007,"22-Sep",0,"SPR","resistivity counter"
2007,"23-Sep",0,"SPR","resistivity counter"
2007,"24-Sep",0,"SPR","resistivity counter"
2007,"25-Sep",0,"SPR","resistivity counter"
2007,"26-Sep",0,"SPR","resistivity counter"
2007,"27-Sep",0,"SPR","resistivity counter"
2007,"28-Sep",0,"SPR","resistivity counter"
2007,"29-Sep",0,"SPR","resistivity counter"
2007,"30-Sep",0,"SPR","resistivity counter"
2007,"1-Oct",0,"SPR","resistivity counter"
2007,"2-Oct",0,"SPR","resistivity counter"
2007,"3-Oct",0,"SPR","resistivity counter"
2007,"4-Oct",0,"SPR","resistivity counter"
2007,"5-Oct",0,"SPR","resistivity counter"
2007,"6-Oct",0,"SPR","resistivity counter"
2007,"7-Oct",0,"SPR","resistivity counter"
2007,"8-Oct",0,"SPR","resistivity counter"
2007,"9-Oct",0,"SPR","resistivity counter"
2007,"10-Oct",0,"SPR","resistivity counter"
2007,"11-Oct",0,"SPR","resistivity counter"
2007,"12-Oct",0,"SPR","resistivity counter"
2007,"13-Oct",0,"SPR","resistivity counter"
2007,"14-Oct",0,"SPR","resistivity counter"
2007,"15-Oct",0,"SPR","resistivity counter"
2007,"16-Oct",0,"SPR","resistivity counter"
2007,"17-Oct",0,"SPR","resistivity counter"
2007,"18-Oct",0,"SPR","resistivity counter"
2007,"19-Oct",0,"SPR","resistivity counter"
2007,"20-Oct",0,"SPR","resistivity counter"
2007,"21-Oct",0,"SPR","resistivity counter"
2007,"22-Oct",0,"SPR","resistivity counter"
2007,"23-Oct",0,"SPR","resistivity counter"
2007,"24-Oct",0,"SPR","resistivity counter"
2007,"25-Oct",0,"SPR","resistivity counter"
2007,"26-Oct",0,"SPR","resistivity counter"
2007,"27-Oct",0,"SPR","resistivity counter"
2007,"28-Oct",0,"SPR","resistivity counter"
2007,"29-Oct",0,"SPR","resistivity counter"
2007,"30-Oct",0,"SPR","resistivity counter"
2007,"31-Oct",0,"SPR","resistivity counter"
2007,"1-Nov",0,"SPR","resistivity counter"
2007,"2-Nov",0,"SPR","resistivity counter"
2007,"3-Nov",0,"SPR","resistivity counter"
2007,"4-Nov",0,"SPR","resistivity counter"
2007,"5-Nov",0,"SPR","resistivity counter"
2007,"6-Nov",0,"SPR","resistivity counter"
2007,"7-Nov",0,"SPR","resistivity counter"
2007,"8-Nov",0,"SPR","resistivity counter"
2007,"9-Nov",0,"SPR","resistivity counter"
2007,"10-Nov",0,"SPR","resistivity counter"
2007,"11-Nov",0,"SPR","resistivity counter"
2007,"12-Nov",0,"SPR","resistivity counter"
2007,"13-Nov",0,"SPR","resistivity counter"
2007,"14-Nov",0,"SPR","resistivity counter"
2007,"15-Nov",0,"SPR","resistivity counter"
2006,"1-May",0,"GCL","resistivity counter"
2006,"2-May",0,"GCL","resistivity counter"
2006,"3-May",0,"GCL","resistivity counter"
2006,"4-May",0,"GCL","resistivity counter"
2006,"5-May",0,"GCL","resistivity counter"
2006,"6-May",0,"GCL","resistivity counter"
2006,"7-May",0,"GCL","resistivity counter"
2006,"8-May",0,"GCL","resistivity counter"
2006,"9-May",0,"GCL","resistivity counter"
2006,"10-May",0,"GCL","resistivity counter"
2006,"11-May",0,"GCL","resistivity counter"
2006,"12-May",0,"GCL","resistivity counter"
2006,"13-May",0,"GCL","resistivity counter"
2006,"14-May",0,"GCL","resistivity counter"
2006,"15-May",0,"GCL","resistivity counter"
2006,"16-May",3,"GCL","resistivity counter"
2006,"17-May",9,"GCL","resistivity counter"
2006,"18-May",1,"GCL","resistivity counter"
2006,"19-May",3,"GCL","resistivity counter"
2006,"20-May",1,"GCL","resistivity counter"
2006,"21-May",1,"GCL","resistivity counter"
2006,"22-May",0,"GCL","resistivity counter"
2006,"23-May",0,"GCL","resistivity counter"
2006,"24-May",0,"GCL","resistivity counter"
2006,"25-May",0,"GCL","resistivity counter"
2006,"26-May",0,"GCL","resistivity counter"
2006,"27-May",0,"GCL","resistivity counter"
2006,"28-May",0,"GCL","resistivity counter"
2006,"29-May",0,"GCL","resistivity counter"
2006,"30-May",0,"GCL","resistivity counter"
2006,"31-May",0,"GCL","resistivity counter"
2006,"1-Jun",4,"GCL","resistivity counter"
2006,"2-Jun",16,"GCL","resistivity counter"
2006,"3-Jun",6,"GCL","resistivity counter"
2006,"4-Jun",2,"GCL","resistivity counter"
2006,"5-Jun",0,"GCL","resistivity counter"
2006,"6-Jun",0,"GCL","resistivity counter"
2006,"7-Jun",0,"GCL","resistivity counter"
2006,"8-Jun",14,"GCL","resistivity counter"
2006,"9-Jun",29,"GCL","resistivity counter"
2006,"10-Jun",74,"GCL","resistivity counter"
2006,"11-Jun",145,"GCL","resistivity counter"
2006,"12-Jun",164,"GCL","resistivity counter"
2006,"13-Jun",259,"GCL","resistivity counter"
2006,"14-Jun",310,"GCL","resistivity counter"
2006,"15-Jun",438,"GCL","resistivity counter"
2006,"16-Jun",397,"GCL","resistivity counter"
2006,"17-Jun",178,"GCL","resistivity counter"
2006,"18-Jun",1028,"GCL","resistivity counter"
2006,"19-Jun",632,"GCL","resistivity counter"
2006,"20-Jun",372,"GCL","resistivity counter"
2006,"21-Jun",8829,"GCL","resistivity counter"
2006,"22-Jun",5483,"GCL","resistivity counter"
2006,"23-Jun",5176,"GCL","resistivity counter"
2006,"24-Jun",4645,"GCL","resistivity counter"
2006,"25-Jun",3683,"GCL","resistivity counter"
2006,"26-Jun",2833,"GCL","resistivity counter"
2006,"27-Jun",1347,"GCL","resistivity counter"
2006,"28-Jun",480,"GCL","resistivity counter"
2006,"29-Jun",678,"GCL","resistivity counter"
2006,"30-Jun",450,"GCL","resistivity counter"
2006,"1-Jul",1059,"GCL","resistivity counter"
2006,"2-Jul",1038,"GCL","resistivity counter"
2006,"3-Jul",1378,"GCL","resistivity counter"
2006,"4-Jul",587,"GCL","resistivity counter"
2006,"5-Jul",860,"GCL","resistivity counter"
2006,"6-Jul",884,"GCL","resistivity counter"
2006,"7-Jul",897,"GCL","resistivity counter"
2006,"8-Jul",1132,"GCL","resistivity counter"
2006,"9-Jul",1514,"GCL","resistivity counter"
2006,"10-Jul",785,"GCL","resistivity counter"
2006,"11-Jul",706,"GCL","resistivity counter"
2006,"12-Jul",427,"GCL","resistivity counter"
2006,"13-Jul",1553,"GCL","resistivity counter"
2006,"14-Jul",5042,"GCL","resistivity counter"
2006,"15-Jul",886,"GCL","resistivity counter"
2006,"16-Jul",6167,"GCL","resistivity counter"
2006,"17-Jul",4249,"GCL","resistivity counter"
2006,"18-Jul",5055,"GCL","resistivity counter"
2006,"19-Jul",5477,"GCL","resistivity counter"
2006,"20-Jul",4582,"GCL","resistivity counter"
2006,"21-Jul",4190,"GCL","resistivity counter"
2006,"22-Jul",2602,"GCL","resistivity counter"
2006,"23-Jul",1325,"GCL","resistivity counter"
2006,"24-Jul",184,"GCL","resistivity counter"
2006,"25-Jul",546,"GCL","resistivity counter"
2006,"26-Jul",367,"GCL","resistivity counter"
2006,"27-Jul",231,"GCL","resistivity counter"
2006,"28-Jul",143,"GCL","resistivity counter"
2006,"29-Jul",260,"GCL","resistivity counter"
2006,"30-Jul",244,"GCL","resistivity counter"
2006,"31-Jul",874,"GCL","resistivity counter"
2006,"1-Aug",988,"GCL","resistivity counter"
2006,"2-Aug",1849,"GCL","resistivity counter"
2006,"3-Aug",3184,"GCL","resistivity counter"
2006,"4-Aug",1174,"GCL","resistivity counter"
2006,"5-Aug",837,"GCL","resistivity counter"
2006,"6-Aug",3672,"GCL","resistivity counter"
2006,"7-Aug",1813,"GCL","resistivity counter"
2006,"8-Aug",923,"GCL","resistivity counter"
2006,"9-Aug",1373,"GCL","resistivity counter"
2006,"10-Aug",748,"GCL","resistivity counter"
2006,"11-Aug",556,"GCL","resistivity counter"
2006,"12-Aug",2072,"GCL","resistivity counter"
2006,"13-Aug",522,"GCL","resistivity counter"
2006,"14-Aug",1050,"GCL","resistivity counter"
2006,"15-Aug",1383,"GCL","resistivity counter"
2006,"16-Aug",795,"GCL","resistivity counter"
2006,"17-Aug",918,"GCL","resistivity counter"
2006,"18-Aug",547,"GCL","resistivity counter"
2006,"19-Aug",1419,"GCL","resistivity counter"
2006,"20-Aug",1540,"GCL","resistivity counter"
2006,"21-Aug",110,"GCL","resistivity counter"
2006,"22-Aug",1608,"GCL","resistivity counter"
2006,"23-Aug",413,"GCL","resistivity counter"
2006,"24-Aug",275,"GCL","resistivity counter"
2006,"25-Aug",137,"GCL","resistivity counter"
2006,"26-Aug",282,"GCL","resistivity counter"
2006,"27-Aug",213,"GCL","resistivity counter"
2006,"28-Aug",136,"GCL","resistivity counter"
2006,"29-Aug",172,"GCL","resistivity counter"
2006,"30-Aug",177,"GCL","resistivity counter"
2006,"31-Aug",331,"GCL","resistivity counter"
2006,"1-Sep",415,"GCL","resistivity counter"
2006,"2-Sep",521,"GCL","resistivity counter"
2006,"3-Sep",394,"GCL","resistivity counter"
2006,"4-Sep",335,"GCL","resistivity counter"
2006,"5-Sep",220,"GCL","resistivity counter"
2006,"6-Sep",243,"GCL","resistivity counter"
2006,"7-Sep",4485,"GCL","resistivity counter"
2006,"8-Sep",340.593842384647,"GCL","resistivity counter"
2006,"9-Sep",320.538995508371,"GCL","resistivity counter"
2006,"10-Sep",227.643936300531,"GCL","resistivity counter"
2006,"11-Sep",224.814863209473,"GCL","resistivity counter"
2006,"12-Sep",984.011008574928,"GCL","resistivity counter"
2006,"13-Sep",1072.75864434463,"GCL","resistivity counter"
2006,"14-Sep",725.806451612903,"GCL","resistivity counter"
2006,"15-Sep",327.32311964067,"GCL","resistivity counter"
2006,"16-Sep",119.436504695794,"GCL","resistivity counter"
2006,"17-Sep",115.353205389955,"GCL","resistivity counter"
2006,"18-Sep",66.3536137198857,"GCL","resistivity counter"
2006,"19-Sep",30.2630951408738,"GCL","resistivity counter"
2006,"20-Sep",21.4373213556554,"GCL","resistivity counter"
2006,"21-Sep",25.5206206614945,"GCL","resistivity counter"
2006,"22-Sep",9.18742343813802,"GCL","resistivity counter"
2006,"23-Sep",14.2915475704369,"GCL","resistivity counter"
2006,"24-Sep",24.4997958350347,"GCL","resistivity counter"
2006,"25-Sep",12.2498979175174,"GCL","resistivity counter"
2006,"26-Sep",31.6455696202532,"GCL","resistivity counter"
2006,"27-Sep",15.3123723968967,"GCL","resistivity counter"
2006,"28-Sep",10.867423438138,"GCL","resistivity counter"
2006,"29-Sep",10.1665986116782,"GCL","resistivity counter"
2006,"30-Sep",2.02082482645978,"GCL","resistivity counter"
2006,"1-Oct",4.08329930583912,"GCL","resistivity counter"
2006,"2-Oct",0,"GCL","resistivity counter"
2006,"3-Oct",3.72164965291956,"GCL","resistivity counter"
2006,"4-Oct",0,"GCL","resistivity counter"
2006,"5-Oct",0,"GCL","resistivity counter"
2006,"6-Oct",5.1041241322989,"GCL","resistivity counter"
2006,"7-Oct",2,"GCL","resistivity counter"
2006,"8-Oct",2.02082482645978,"GCL","resistivity counter"
2006,"9-Oct",1.02082482645978,"GCL","resistivity counter"
2006,"10-Oct",2.02082482645978,"GCL","resistivity counter"
2006,"11-Oct",4.04164965291956,"GCL","resistivity counter"
2006,"12-Oct",5.76329930583912,"GCL","resistivity counter"
2006,"13-Oct",8.12494895875868,"GCL","resistivity counter"
2006,"14-Oct",6.1041241322989,"GCL","resistivity counter"
2006,"15-Oct",8.14577378521846,"GCL","resistivity counter"
2006,"16-Oct",8.12494895875868,"GCL","resistivity counter"
2006,"17-Oct",5.08329930583912,"GCL","resistivity counter"
2006,"18-Oct",1.02082482645978,"GCL","resistivity counter"
2006,"19-Oct",2,"GCL","resistivity counter"
2006,"20-Oct",3.04164965291956,"GCL","resistivity counter"
2006,"21-Oct",3.06247447937934,"GCL","resistivity counter"
2006,"22-Oct",2.04164965291956,"GCL","resistivity counter"
2006,"23-Oct",0,"GCL","resistivity counter"
2006,"24-Oct",1.02082482645978,"GCL","resistivity counter"
2006,"25-Oct",2.04164965291956,"GCL","resistivity counter"
2006,"26-Oct",12.2498979175174,"GCL","resistivity counter"
2006,"27-Oct",27.562270314414,"GCL","resistivity counter"
2006,"28-Oct",17.3540220498163,"GCL","resistivity counter"
2006,"29-Oct",11.5265986116782,"GCL","resistivity counter"
2006,"30-Oct",0,"GCL","resistivity counter"
2006,"31-Oct",0,"GCL","resistivity counter"
2006,"1-Nov",0,"GCL","resistivity counter"
2006,"2-Nov",4.08329930583912,"GCL","resistivity counter"
2006,"3-Nov",7.14577378521846,"GCL","resistivity counter"
2006,"4-Nov",86.7059861167824,"GCL","resistivity counter"
2006,"5-Nov",20.4164965291956,"GCL","resistivity counter"
2006,"6-Nov",0,"GCL","resistivity counter"
2006,"7-Nov",0,"GCL","resistivity counter"
2006,"8-Nov",0,"GCL","resistivity counter"
2006,"9-Nov",0,"GCL","resistivity counter"
2006,"10-Nov",0,"GCL","resistivity counter"
2006,"11-Nov",0,"GCL","resistivity counter"
2006,"12-Nov",0,"GCL","resistivity counter"
2006,"13-Nov",0,"GCL","resistivity counter"
2006,"14-Nov",0,"GCL","resistivity counter"
2006,"15-Nov",0,"GCL","resistivity counter"
2006,"1-May",0,"SPR","resistivity counter"
2006,"2-May",0,"SPR","resistivity counter"
2006,"3-May",0,"SPR","resistivity counter"
2006,"4-May",0,"SPR","resistivity counter"
2006,"5-May",0,"SPR","resistivity counter"
2006,"6-May",0,"SPR","resistivity counter"
2006,"7-May",0,"SPR","resistivity counter"
2006,"8-May",0,"SPR","resistivity counter"
2006,"9-May",0,"SPR","resistivity counter"
2006,"10-May",0,"SPR","resistivity counter"
2006,"11-May",0,"SPR","resistivity counter"
2006,"12-May",8,"SPR","resistivity counter"
2006,"13-May",10,"SPR","resistivity counter"
2006,"14-May",4,"SPR","resistivity counter"
2006,"15-May",6,"SPR","resistivity counter"
2006,"16-May",12,"SPR","resistivity counter"
2006,"17-May",12,"SPR","resistivity counter"
2006,"18-May",21,"SPR","resistivity counter"
2006,"19-May",6,"SPR","resistivity counter"
2006,"20-May",6,"SPR","resistivity counter"
2006,"21-May",1,"SPR","resistivity counter"
2006,"22-May",0,"SPR","resistivity counter"
2006,"23-May",0,"SPR","resistivity counter"
2006,"24-May",0,"SPR","resistivity counter"
2006,"25-May",0,"SPR","resistivity counter"
2006,"26-May",38,"SPR","resistivity counter"
2006,"27-May",37,"SPR","resistivity counter"
2006,"28-May",50,"SPR","resistivity counter"
2006,"29-May",21,"SPR","resistivity counter"
2006,"30-May",34,"SPR","resistivity counter"
2006,"31-May",58,"SPR","resistivity counter"
2006,"1-Jun",113,"SPR","resistivity counter"
2006,"2-Jun",90,"SPR","resistivity counter"
2006,"3-Jun",96,"SPR","resistivity counter"
2006,"4-Jun",85,"SPR","resistivity counter"
2006,"5-Jun",32,"SPR","resistivity counter"
2006,"6-Jun",44,"SPR","resistivity counter"
2006,"7-Jun",153,"SPR","resistivity counter"
2006,"8-Jun",293,"SPR","resistivity counter"
2006,"9-Jun",293,"SPR","resistivity counter"
2006,"10-Jun",381,"SPR","resistivity counter"
2006,"11-Jun",394,"SPR","resistivity counter"
2006,"12-Jun",417,"SPR","resistivity counter"
2006,"13-Jun",1072,"SPR","resistivity counter"
2006,"14-Jun",1188,"SPR","resistivity counter"
2006,"15-Jun",852,"SPR","resistivity counter"
2006,"16-Jun",1058,"SPR","resistivity counter"
2006,"17-Jun",967,"SPR","resistivity counter"
2006,"18-Jun",1111,"SPR","resistivity counter"
2006,"19-Jun",755,"SPR","resistivity counter"
2006,"20-Jun",956,"SPR","resistivity counter"
2006,"21-Jun",869,"SPR","resistivity counter"
2006,"22-Jun",1071,"SPR","resistivity counter"
2006,"23-Jun",1253,"SPR","resistivity counter"
2006,"24-Jun",760,"SPR","resistivity counter"
2006,"25-Jun",690,"SPR","resistivity counter"
2006,"26-Jun",424,"SPR","resistivity counter"
2006,"27-Jun",179,"SPR","resistivity counter"
2006,"28-Jun",61,"SPR","resistivity counter"
2006,"29-Jun",224,"SPR","resistivity counter"
2006,"30-Jun",720,"SPR","resistivity counter"
2006,"1-Jul",919,"SPR","resistivity counter"
2006,"2-Jul",450,"SPR","resistivity counter"
2006,"3-Jul",623,"SPR","resistivity counter"
2006,"4-Jul",454,"SPR","resistivity counter"
2006,"5-Jul",443,"SPR","resistivity counter"
2006,"6-Jul",643,"SPR","resistivity counter"
2006,"7-Jul",1004,"SPR","resistivity counter"
2006,"8-Jul",785,"SPR","resistivity counter"
2006,"9-Jul",526,"SPR","resistivity counter"
2006,"10-Jul",241,"SPR","resistivity counter"
2006,"11-Jul",639,"SPR","resistivity counter"
2006,"12-Jul",1520,"SPR","resistivity counter"
2006,"13-Jul",4005,"SPR","resistivity counter"
2006,"14-Jul",2673,"SPR","resistivity counter"
2006,"15-Jul",1476,"SPR","resistivity counter"
2006,"16-Jul",2297,"SPR","resistivity counter"
2006,"17-Jul",3952,"SPR","resistivity counter"
2006,"18-Jul",3002,"SPR","resistivity counter"
2006,"19-Jul",2394,"SPR","resistivity counter"
2006,"20-Jul",1563,"SPR","resistivity counter"
2006,"21-Jul",752,"SPR","resistivity counter"
2006,"22-Jul",288,"SPR","resistivity counter"
2006,"23-Jul",147,"SPR","resistivity counter"
2006,"24-Jul",13,"SPR","resistivity counter"
2006,"25-Jul",4,"SPR","resistivity counter"
2006,"26-Jul",15,"SPR","resistivity counter"
2006,"27-Jul",100,"SPR","resistivity counter"
2006,"28-Jul",195,"SPR","resistivity counter"
2006,"29-Jul",199,"SPR","resistivity counter"
2006,"30-Jul",519,"SPR","resistivity counter"
2006,"31-Jul",804,"SPR","resistivity counter"
2006,"1-Aug",2000,"SPR","resistivity counter"
2006,"2-Aug",1769,"SPR","resistivity counter"
2006,"3-Aug",1589,"SPR","resistivity counter"
2006,"4-Aug",658,"SPR","resistivity counter"
2006,"5-Aug",484,"SPR","resistivity counter"
2006,"6-Aug",373,"SPR","resistivity counter"
2006,"7-Aug",165,"SPR","resistivity counter"
2006,"8-Aug",54,"SPR","resistivity counter"
2006,"9-Aug",0,"SPR","resistivity counter"
2006,"10-Aug",39,"SPR","resistivity counter"
2006,"11-Aug",137,"SPR","resistivity counter"
2006,"12-Aug",173,"SPR","resistivity counter"
2006,"13-Aug",392,"SPR","resistivity counter"
2006,"14-Aug",630,"SPR","resistivity counter"
2006,"15-Aug",426,"SPR","resistivity counter"
2006,"16-Aug",231,"SPR","resistivity counter"
2006,"17-Aug",899,"SPR","resistivity counter"
2006,"18-Aug",188,"SPR","resistivity counter"
2006,"19-Aug",433,"SPR","resistivity counter"
2006,"20-Aug",600,"SPR","resistivity counter"
2006,"21-Aug",232,"SPR","resistivity counter"
2006,"22-Aug",186,"SPR","resistivity counter"
2006,"23-Aug",101,"SPR","resistivity counter"
2006,"24-Aug",25,"SPR","resistivity counter"
2006,"25-Aug",14,"SPR","resistivity counter"
2006,"26-Aug",34,"SPR","resistivity counter"
2006,"27-Aug",160,"SPR","resistivity counter"
2006,"28-Aug",133,"SPR","resistivity counter"
2006,"29-Aug",140,"SPR","resistivity counter"
2006,"30-Aug",64,"SPR","resistivity counter"
2006,"31-Aug",270,"SPR","resistivity counter"
2006,"1-Sep",142,"SPR","resistivity counter"
2006,"2-Sep",50,"SPR","resistivity counter"
2006,"3-Sep",78,"SPR","resistivity counter"
2006,"4-Sep",14,"SPR","resistivity counter"
2006,"5-Sep",8,"SPR","resistivity counter"
2006,"6-Sep",8,"SPR","resistivity counter"
2006,"7-Sep",7,"SPR","resistivity counter"
2006,"8-Sep",9,"SPR","resistivity counter"
2006,"9-Sep",38,"SPR","resistivity counter"
2006,"10-Sep",15,"SPR","resistivity counter"
2006,"11-Sep",29,"SPR","resistivity counter"
2006,"12-Sep",26,"SPR","resistivity counter"
2006,"13-Sep",8,"SPR","resistivity counter"
2006,"14-Sep",6,"SPR","resistivity counter"
2006,"15-Sep",7,"SPR","resistivity counter"
2006,"16-Sep",4,"SPR","resistivity counter"
2006,"17-Sep",14,"SPR","resistivity counter"
2006,"18-Sep",439,"SPR","resistivity counter"
2006,"19-Sep",140,"SPR","resistivity counter"
2006,"20-Sep",33,"SPR","resistivity counter"
2006,"21-Sep",39,"SPR","resistivity counter"
2006,"22-Sep",11,"SPR","resistivity counter"
2006,"23-Sep",11,"SPR","resistivity counter"
2006,"24-Sep",7,"SPR","resistivity counter"
2006,"25-Sep",10,"SPR","resistivity counter"
2006,"26-Sep",4,"SPR","resistivity counter"
2006,"27-Sep",11,"SPR","resistivity counter"
2006,"28-Sep",5,"SPR","resistivity counter"
2006,"29-Sep",15,"SPR","resistivity counter"
2006,"30-Sep",0,"SPR","resistivity counter"
2006,"1-Oct",0,"SPR","resistivity counter"
2006,"2-Oct",0,"SPR","resistivity counter"
2006,"3-Oct",0,"SPR","resistivity counter"
2006,"4-Oct",0,"SPR","resistivity counter"
2006,"5-Oct",0,"SPR","resistivity counter"
2006,"6-Oct",0,"SPR","resistivity counter"
2006,"7-Oct",0,"SPR","resistivity counter"
2006,"8-Oct",0,"SPR","resistivity counter"
2006,"9-Oct",0,"SPR","resistivity counter"
2006,"10-Oct",0,"SPR","resistivity counter"
2006,"11-Oct",0,"SPR","resistivity counter"
2006,"12-Oct",0,"SPR","resistivity counter"
2006,"13-Oct",0,"SPR","resistivity counter"
2006,"14-Oct",0,"SPR","resistivity counter"
2006,"15-Oct",0,"SPR","resistivity counter"
2006,"16-Oct",0,"SPR","resistivity counter"
2006,"17-Oct",0,"SPR","resistivity counter"
2006,"18-Oct",0,"SPR","resistivity counter"
2006,"19-Oct",0,"SPR","resistivity counter"
2006,"20-Oct",0,"SPR","resistivity counter"
2006,"21-Oct",0,"SPR","resistivity counter"
2006,"22-Oct",0,"SPR","resistivity counter"
2006,"23-Oct",0,"SPR","resistivity counter"
2006,"24-Oct",0,"SPR","resistivity counter"
2006,"25-Oct",0,"SPR","resistivity counter"
2006,"26-Oct",0,"SPR","resistivity counter"
2006,"27-Oct",0,"SPR","resistivity counter"
2006,"28-Oct",0,"SPR","resistivity counter"
2006,"29-Oct",0,"SPR","resistivity counter"
2006,"30-Oct",0,"SPR","resistivity counter"
2006,"31-Oct",0,"SPR","resistivity counter"
2006,"1-Nov",0,"SPR","resistivity counter"
2006,"2-Nov",0,"SPR","resistivity counter"
2006,"3-Nov",0,"SPR","resistivity counter"
2006,"4-Nov",0,"SPR","resistivity counter"
2006,"5-Nov",0,"SPR","resistivity counter"
2006,"6-Nov",0,"SPR","resistivity counter"
2006,"7-Nov",0,"SPR","resistivity counter"
2006,"8-Nov",0,"SPR","resistivity counter"
2006,"9-Nov",0,"SPR","resistivity counter"
2006,"10-Nov",0,"SPR","resistivity counter"
2006,"11-Nov",0,"SPR","resistivity counter"
2006,"12-Nov",0,"SPR","resistivity counter"
2006,"13-Nov",0,"SPR","resistivity counter"
2006,"14-Nov",0,"SPR","resistivity counter"
2006,"15-Nov",0,"SPR","resistivity counter"
2005,"1-May",0,"GCL","resistivity counter"
2005,"2-May",0,"GCL","resistivity counter"
2005,"3-May",0,"GCL","resistivity counter"
2005,"4-May",2,"GCL","resistivity counter"
2005,"5-May",5,"GCL","resistivity counter"
2005,"6-May",1,"GCL","resistivity counter"
2005,"7-May",0,"GCL","resistivity counter"
2005,"8-May",2,"GCL","resistivity counter"
2005,"9-May",5,"GCL","resistivity counter"
2005,"10-May",1,"GCL","resistivity counter"
2005,"11-May",1,"GCL","resistivity counter"
2005,"12-May",3,"GCL","resistivity counter"
2005,"13-May",2,"GCL","resistivity counter"
2005,"14-May",2,"GCL","resistivity counter"
2005,"15-May",1,"GCL","resistivity counter"
2005,"16-May",2,"GCL","resistivity counter"
2005,"17-May",4,"GCL","resistivity counter"
2005,"18-May",1,"GCL","resistivity counter"
2005,"19-May",1,"GCL","resistivity counter"
2005,"20-May",3,"GCL","resistivity counter"
2005,"21-May",1,"GCL","resistivity counter"
2005,"22-May",0,"GCL","resistivity counter"
2005,"23-May",0,"GCL","resistivity counter"
2005,"24-May",0,"GCL","resistivity counter"
2005,"25-May",0,"GCL","resistivity counter"
2005,"26-May",2,"GCL","resistivity counter"
2005,"27-May",2,"GCL","resistivity counter"
2005,"28-May",4,"GCL","resistivity counter"
2005,"29-May",0,"GCL","resistivity counter"
2005,"30-May",0,"GCL","resistivity counter"
2005,"31-May",7,"GCL","resistivity counter"
2005,"1-Jun",13,"GCL","resistivity counter"
2005,"2-Jun",42,"GCL","resistivity counter"
2005,"3-Jun",88,"GCL","resistivity counter"
2005,"4-Jun",143,"GCL","resistivity counter"
2005,"5-Jun",226,"GCL","resistivity counter"
2005,"6-Jun",284,"GCL","resistivity counter"
2005,"7-Jun",310,"GCL","resistivity counter"
2005,"8-Jun",393,"GCL","resistivity counter"
2005,"9-Jun",483,"GCL","resistivity counter"
2005,"10-Jun",321,"GCL","resistivity counter"
2005,"11-Jun",474,"GCL","resistivity counter"
2005,"12-Jun",461,"GCL","resistivity counter"
2005,"13-Jun",756,"GCL","resistivity counter"
2005,"14-Jun",927,"GCL","resistivity counter"
2005,"15-Jun",846,"GCL","resistivity counter"
2005,"16-Jun",659,"GCL","resistivity counter"
2005,"17-Jun",580,"GCL","resistivity counter"
2005,"18-Jun",1199,"GCL","resistivity counter"
2005,"19-Jun",1055,"GCL","resistivity counter"
2005,"20-Jun",1108,"GCL","resistivity counter"
2005,"21-Jun",1484,"GCL","resistivity counter"
2005,"22-Jun",4559,"GCL","resistivity counter"
2005,"23-Jun",1312,"GCL","resistivity counter"
2005,"24-Jun",1476,"GCL","resistivity counter"
2005,"25-Jun",4003,"GCL","resistivity counter"
2005,"26-Jun",4728,"GCL","resistivity counter"
2005,"27-Jun",8339,"GCL","resistivity counter"
2005,"28-Jun",6911,"GCL","resistivity counter"
2005,"29-Jun",4882,"GCL","resistivity counter"
2005,"30-Jun",3240,"GCL","resistivity counter"
2005,"1-Jul",2133,"GCL","resistivity counter"
2005,"2-Jul",1517,"GCL","resistivity counter"
2005,"3-Jul",2740,"GCL","resistivity counter"
2005,"4-Jul",3139,"GCL","resistivity counter"
2005,"5-Jul",7456,"GCL","resistivity counter"
2005,"6-Jul",7807,"GCL","resistivity counter"
2005,"7-Jul",5933,"GCL","resistivity counter"
2005,"8-Jul",2462,"GCL","resistivity counter"
2005,"9-Jul",9368,"GCL","resistivity counter"
2005,"10-Jul",4392,"GCL","resistivity counter"
2005,"11-Jul",6487,"GCL","resistivity counter"
2005,"12-Jul",4016,"GCL","resistivity counter"
2005,"13-Jul",2418,"GCL","resistivity counter"
2005,"14-Jul",4059,"GCL","resistivity counter"
2005,"15-Jul",3763,"GCL","resistivity counter"
2005,"16-Jul",2533,"GCL","resistivity counter"
2005,"17-Jul",5762,"GCL","resistivity counter"
2005,"18-Jul",2986,"GCL","resistivity counter"
2005,"19-Jul",1579,"GCL","resistivity counter"
2005,"20-Jul",1549,"GCL","resistivity counter"
2005,"21-Jul",853,"GCL","resistivity counter"
2005,"22-Jul",651,"GCL","resistivity counter"
2005,"23-Jul",556,"GCL","resistivity counter"
2005,"24-Jul",268,"GCL","resistivity counter"
2005,"25-Jul",1405,"GCL","resistivity counter"
2005,"26-Jul",2233,"GCL","resistivity counter"
2005,"27-Jul",1298,"GCL","resistivity counter"
2005,"28-Jul",1262,"GCL","resistivity counter"
2005,"29-Jul",915,"GCL","resistivity counter"
2005,"30-Jul",2693,"GCL","resistivity counter"
2005,"31-Jul",4082,"GCL","resistivity counter"
2005,"1-Aug",3580,"GCL","resistivity counter"
2005,"2-Aug",1931,"GCL","resistivity counter"
2005,"3-Aug",1608,"GCL","resistivity counter"
2005,"4-Aug",901,"GCL","resistivity counter"
2005,"5-Aug",658,"GCL","resistivity counter"
2005,"6-Aug",784,"GCL","resistivity counter"
2005,"7-Aug",599,"GCL","resistivity counter"
2005,"8-Aug",336,"GCL","resistivity counter"
2005,"9-Aug",280,"GCL","resistivity counter"
2005,"10-Aug",237,"GCL","resistivity counter"
2005,"11-Aug",287,"GCL","resistivity counter"
2005,"12-Aug",527,"GCL","resistivity counter"
2005,"13-Aug",473,"GCL","resistivity counter"
2005,"14-Aug",518,"GCL","resistivity counter"
2005,"15-Aug",601,"GCL","resistivity counter"
2005,"16-Aug",463,"GCL","resistivity counter"
2005,"17-Aug",497,"GCL","resistivity counter"
2005,"18-Aug",332,"GCL","resistivity counter"
2005,"19-Aug",268,"GCL","resistivity counter"
2005,"20-Aug",295,"GCL","resistivity counter"
2005,"21-Aug",320,"GCL","resistivity counter"
2005,"22-Aug",349,"GCL","resistivity counter"
2005,"23-Aug",564,"GCL","resistivity counter"
2005,"24-Aug",434,"GCL","resistivity counter"
2005,"25-Aug",1177,"GCL","resistivity counter"
2005,"26-Aug",513,"GCL","resistivity counter"
2005,"27-Aug",1738,"GCL","resistivity counter"
2005,"28-Aug",1089,"GCL","resistivity counter"
2005,"29-Aug",592,"GCL","resistivity counter"
2005,"30-Aug",636,"GCL","resistivity counter"
2005,"31-Aug",949,"GCL","resistivity counter"
2005,"1-Sep",496,"GCL","resistivity counter"
2005,"2-Sep",610,"GCL","resistivity counter"
2005,"3-Sep",335,"GCL","resistivity counter"
2005,"4-Sep",488,"GCL","resistivity counter"
2005,"5-Sep",913,"GCL","resistivity counter"
2005,"6-Sep",743,"GCL","resistivity counter"
2005,"7-Sep",1106,"GCL","resistivity counter"
2005,"8-Sep",6885.67017570716,"GCL","resistivity counter"
2005,"9-Sep",2935.92517579547,"GCL","resistivity counter"
2005,"10-Sep",2895.5620107116,"GCL","resistivity counter"
2005,"11-Sep",983.924502640612,"GCL","resistivity counter"
2005,"12-Sep",1002.37039315776,"GCL","resistivity counter"
2005,"13-Sep",322.656199402992,"GCL","resistivity counter"
2005,"14-Sep",263.686091992597,"GCL","resistivity counter"
2005,"15-Sep",148.108998098288,"GCL","resistivity counter"
2005,"16-Sep",104.293051000803,"GCL","resistivity counter"
2005,"17-Sep",57.4861120106135,"GCL","resistivity counter"
2005,"18-Sep",38.0234210789711,"GCL","resistivity counter"
2005,"19-Sep",30.466294174561,"GCL","resistivity counter"
2005,"20-Sep",25.6836770740725,"GCL","resistivity counter"
2005,"21-Sep",45.703494910125,"GCL","resistivity counter"
2005,"22-Sep",20.0117105394855,"GCL","resistivity counter"
2005,"23-Sep",7.22909343899706,"GCL","resistivity counter"
2005,"24-Sep",10.0081072965669,"GCL","resistivity counter"
2005,"25-Sep",14.0090081072966,"GCL","resistivity counter"
2005,"26-Sep",11.0081072965669,"GCL","resistivity counter"
2005,"27-Sep",14.0099089180262,"GCL","resistivity counter"
2005,"28-Sep",17.0126113502152,"GCL","resistivity counter"
2005,"29-Sep",16.4599884994534,"GCL","resistivity counter"
2005,"30-Sep",18.4626909316424,"GCL","resistivity counter"
2005,"1-Oct",8.00540486437794,"GCL","resistivity counter"
2005,"2-Oct",4.00270243218897,"GCL","resistivity counter"
2005,"3-Oct",5.00450405364828,"GCL","resistivity counter"
2005,"4-Oct",4.00360324291863,"GCL","resistivity counter"
2005,"5-Oct",5.00450405364828,"GCL","resistivity counter"
2005,"6-Oct",8.00450405364828,"GCL","resistivity counter"
2005,"7-Oct",32.4762030925872,"GCL","resistivity counter"
2005,"8-Oct",20.0144129716745,"GCL","resistivity counter"
2005,"9-Oct",17.0153137824042,"GCL","resistivity counter"
2005,"10-Oct",18.0126113502152,"GCL","resistivity counter"
2005,"11-Oct",19.0108097287559,"GCL","resistivity counter"
2005,"12-Oct",20.0171154038635,"GCL","resistivity counter"
2005,"13-Oct",16.0144129716745,"GCL","resistivity counter"
2005,"14-Oct",28.6989908564767,"GCL","resistivity counter"
2005,"15-Oct",0,"GCL","resistivity counter"
2005,"16-Oct",2.00180162145931,"GCL","resistivity counter"
2005,"17-Oct",6.00540486437794,"GCL","resistivity counter"
2005,"18-Oct",1.00090081072966,"GCL","resistivity counter"
2005,"19-Oct",4.00360324291863,"GCL","resistivity counter"
2005,"20-Oct",5.00450405364828,"GCL","resistivity counter"
2005,"21-Oct",5.00450405364828,"GCL","resistivity counter"
2005,"22-Oct",3.00270243218897,"GCL","resistivity counter"
2005,"23-Oct",1.00090081072966,"GCL","resistivity counter"
2005,"24-Oct",2.00180162145931,"GCL","resistivity counter"
2005,"25-Oct",4.00360324291863,"GCL","resistivity counter"
2005,"26-Oct",3.00270243218897,"GCL","resistivity counter"
2005,"27-Oct",0,"GCL","resistivity counter"
2005,"28-Oct",0,"GCL","resistivity counter"
2005,"29-Oct",0,"GCL","resistivity counter"
2005,"30-Oct",0,"GCL","resistivity counter"
2005,"31-Oct",2.00180162145931,"GCL","resistivity counter"
2005,"1-Nov",1.00090081072966,"GCL","resistivity counter"
2005,"2-Nov",0,"GCL","resistivity counter"
2005,"3-Nov",0,"GCL","resistivity counter"
2005,"4-Nov",0,"GCL","resistivity counter"
2005,"5-Nov",0,"GCL","resistivity counter"
2005,"6-Nov",0,"GCL","resistivity counter"
2005,"7-Nov",0,"GCL","resistivity counter"
2005,"8-Nov",0,"GCL","resistivity counter"
2005,"9-Nov",0,"GCL","resistivity counter"
2005,"10-Nov",0,"GCL","resistivity counter"
2005,"11-Nov",0,"GCL","resistivity counter"
2005,"12-Nov",0,"GCL","resistivity counter"
2005,"13-Nov",0,"GCL","resistivity counter"
2005,"14-Nov",0,"GCL","resistivity counter"
2005,"15-Nov",0,"GCL","resistivity counter"
2005,"1-May",0,"SPR","resistivity counter"
2005,"2-May",0,"SPR","resistivity counter"
2005,"3-May",0,"SPR","resistivity counter"
2005,"4-May",0,"SPR","resistivity counter"
2005,"5-May",0,"SPR","resistivity counter"
2005,"6-May",12,"SPR","resistivity counter"
2005,"7-May",8,"SPR","resistivity counter"
2005,"8-May",4,"SPR","resistivity counter"
2005,"9-May",59,"SPR","resistivity counter"
2005,"10-May",4,"SPR","resistivity counter"
2005,"11-May",13,"SPR","resistivity counter"
2005,"12-May",31,"SPR","resistivity counter"
2005,"13-May",11,"SPR","resistivity counter"
2005,"14-May",4,"SPR","resistivity counter"
2005,"15-May",28,"SPR","resistivity counter"
2005,"16-May",98,"SPR","resistivity counter"
2005,"17-May",39,"SPR","resistivity counter"
2005,"18-May",15,"SPR","resistivity counter"
2005,"19-May",9,"SPR","resistivity counter"
2005,"20-May",31,"SPR","resistivity counter"
2005,"21-May",80,"SPR","resistivity counter"
2005,"22-May",69,"SPR","resistivity counter"
2005,"23-May",55,"SPR","resistivity counter"
2005,"24-May",60,"SPR","resistivity counter"
2005,"25-May",161,"SPR","resistivity counter"
2005,"26-May",200,"SPR","resistivity counter"
2005,"27-May",201,"SPR","resistivity counter"
2005,"28-May",248,"SPR","resistivity counter"
2005,"29-May",628,"SPR","resistivity counter"
2005,"30-May",754,"SPR","resistivity counter"
2005,"31-May",848,"SPR","resistivity counter"
2005,"1-Jun",323,"SPR","resistivity counter"
2005,"2-Jun",405,"SPR","resistivity counter"
2005,"3-Jun",342,"SPR","resistivity counter"
2005,"4-Jun",573,"SPR","resistivity counter"
2005,"5-Jun",788,"SPR","resistivity counter"
2005,"6-Jun",646,"SPR","resistivity counter"
2005,"7-Jun",481,"SPR","resistivity counter"
2005,"8-Jun",554,"SPR","resistivity counter"
2005,"9-Jun",505,"SPR","resistivity counter"
2005,"10-Jun",615,"SPR","resistivity counter"
2005,"11-Jun",1031,"SPR","resistivity counter"
2005,"12-Jun",1078,"SPR","resistivity counter"
2005,"13-Jun",300,"SPR","resistivity counter"
2005,"14-Jun",630,"SPR","resistivity counter"
2005,"15-Jun",1008,"SPR","resistivity counter"
2005,"16-Jun",1854,"SPR","resistivity counter"
2005,"17-Jun",1711,"SPR","resistivity counter"
2005,"18-Jun",884,"SPR","resistivity counter"
2005,"19-Jun",458,"SPR","resistivity counter"
2005,"20-Jun",1191,"SPR","resistivity counter"
2005,"21-Jun",1872,"SPR","resistivity counter"
2005,"22-Jun",827,"SPR","resistivity counter"
2005,"23-Jun",418,"SPR","resistivity counter"
2005,"24-Jun",5463,"SPR","resistivity counter"
2005,"25-Jun",3242,"SPR","resistivity counter"
2005,"26-Jun",8438,"SPR","resistivity counter"
2005,"27-Jun",3895,"SPR","resistivity counter"
2005,"28-Jun",4207,"SPR","resistivity counter"
2005,"29-Jun",3090,"SPR","resistivity counter"
2005,"30-Jun",2503,"SPR","resistivity counter"
2005,"1-Jul",3644,"SPR","resistivity counter"
2005,"2-Jul",2066,"SPR","resistivity counter"
2005,"3-Jul",4251,"SPR","resistivity counter"
2005,"4-Jul",3684,"SPR","resistivity counter"
2005,"5-Jul",2468,"SPR","resistivity counter"
2005,"6-Jul",2892,"SPR","resistivity counter"
2005,"7-Jul",1654,"SPR","resistivity counter"
2005,"8-Jul",4804,"SPR","resistivity counter"
2005,"9-Jul",3015,"SPR","resistivity counter"
2005,"10-Jul",1382,"SPR","resistivity counter"
2005,"11-Jul",4535,"SPR","resistivity counter"
2005,"12-Jul",1709,"SPR","resistivity counter"
2005,"13-Jul",2346,"SPR","resistivity counter"
2005,"14-Jul",3175,"SPR","resistivity counter"
2005,"15-Jul",5374,"SPR","resistivity counter"
2005,"16-Jul",1595,"SPR","resistivity counter"
2005,"17-Jul",2501,"SPR","resistivity counter"
2005,"18-Jul",1741,"SPR","resistivity counter"
2005,"19-Jul",1392,"SPR","resistivity counter"
2005,"20-Jul",435,"SPR","resistivity counter"
2005,"21-Jul",230,"SPR","resistivity counter"
2005,"22-Jul",223,"SPR","resistivity counter"
2005,"23-Jul",152,"SPR","resistivity counter"
2005,"24-Jul",2821,"SPR","resistivity counter"
2005,"25-Jul",2561,"SPR","resistivity counter"
2005,"26-Jul",1209,"SPR","resistivity counter"
2005,"27-Jul",808,"SPR","resistivity counter"
2005,"28-Jul",541,"SPR","resistivity counter"
2005,"29-Jul",769,"SPR","resistivity counter"
2005,"30-Jul",4753,"SPR","resistivity counter"
2005,"31-Jul",2908,"SPR","resistivity counter"
2005,"1-Aug",1350,"SPR","resistivity counter"
2005,"2-Aug",1480,"SPR","resistivity counter"
2005,"3-Aug",1112,"SPR","resistivity counter"
2005,"4-Aug",1047,"SPR","resistivity counter"
2005,"5-Aug",529,"SPR","resistivity counter"
2005,"6-Aug",126,"SPR","resistivity counter"
2005,"7-Aug",93,"SPR","resistivity counter"
2005,"8-Aug",68,"SPR","resistivity counter"
2005,"9-Aug",34,"SPR","resistivity counter"
2005,"10-Aug",74,"SPR","resistivity counter"
2005,"11-Aug",197,"SPR","resistivity counter"
2005,"12-Aug",588,"SPR","resistivity counter"
2005,"13-Aug",429,"SPR","resistivity counter"
2005,"14-Aug",425,"SPR","resistivity counter"
2005,"15-Aug",111,"SPR","resistivity counter"
2005,"16-Aug",60,"SPR","resistivity counter"
2005,"17-Aug",67,"SPR","resistivity counter"
2005,"18-Aug",156,"SPR","resistivity counter"
2005,"19-Aug",146,"SPR","resistivity counter"
2005,"20-Aug",213,"SPR","resistivity counter"
2005,"21-Aug",130,"SPR","resistivity counter"
2005,"22-Aug",135,"SPR","resistivity counter"
2005,"23-Aug",1032,"SPR","resistivity counter"
2005,"24-Aug",1032,"SPR","resistivity counter"
2005,"25-Aug",949,"SPR","resistivity counter"
2005,"26-Aug",590,"SPR","resistivity counter"
2005,"27-Aug",419,"SPR","resistivity counter"
2005,"28-Aug",169,"SPR","resistivity counter"
2005,"29-Aug",930,"SPR","resistivity counter"
2005,"30-Aug",1118,"SPR","resistivity counter"
2005,"31-Aug",616,"SPR","resistivity counter"
2005,"1-Sep",484,"SPR","resistivity counter"
2005,"2-Sep",1148,"SPR","resistivity counter"
2005,"3-Sep",754,"SPR","resistivity counter"
2005,"4-Sep",1055,"SPR","resistivity counter"
2005,"5-Sep",594,"SPR","resistivity counter"
2005,"6-Sep",222,"SPR","resistivity counter"
2005,"7-Sep",754,"SPR","resistivity counter"
2005,"8-Sep",1802,"SPR","resistivity counter"
2005,"9-Sep",629,"SPR","resistivity counter"
2005,"10-Sep",1001,"SPR","resistivity counter"
2005,"11-Sep",426,"SPR","resistivity counter"
2005,"12-Sep",310,"SPR","resistivity counter"
2005,"13-Sep",447,"SPR","resistivity counter"
2005,"14-Sep",128,"SPR","resistivity counter"
2005,"15-Sep",60,"SPR","resistivity counter"
2005,"16-Sep",282,"SPR","resistivity counter"
2005,"17-Sep",11,"SPR","resistivity counter"
2005,"18-Sep",23,"SPR","resistivity counter"
2005,"19-Sep",4,"SPR","resistivity counter"
2005,"20-Sep",72,"SPR","resistivity counter"
2005,"21-Sep",83,"SPR","resistivity counter"
2005,"22-Sep",4,"SPR","resistivity counter"
2005,"23-Sep",0,"SPR","resistivity counter"
2005,"24-Sep",0,"SPR","resistivity counter"
2005,"25-Sep",0,"SPR","resistivity counter"
2005,"26-Sep",0,"SPR","resistivity counter"
2005,"27-Sep",0,"SPR","resistivity counter"
2005,"28-Sep",1,"SPR","resistivity counter"
2005,"29-Sep",16,"SPR","resistivity counter"
2005,"30-Sep",10,"SPR","resistivity counter"
2005,"1-Oct",4,"SPR","resistivity counter"
2005,"2-Oct",1,"SPR","resistivity counter"
2005,"3-Oct",3,"SPR","resistivity counter"
2005,"4-Oct",3,"SPR","resistivity counter"
2005,"5-Oct",2,"SPR","resistivity counter"
2005,"6-Oct",5,"SPR","resistivity counter"
2005,"7-Oct",10,"SPR","resistivity counter"
2005,"8-Oct",11,"SPR","resistivity counter"
2005,"9-Oct",9,"SPR","resistivity counter"
2005,"10-Oct",9,"SPR","resistivity counter"
2005,"11-Oct",31,"SPR","resistivity counter"
2005,"12-Oct",20,"SPR","resistivity counter"
2005,"13-Oct",49,"SPR","resistivity counter"
2005,"14-Oct",14,"SPR","resistivity counter"
2005,"15-Oct",5,"SPR","resistivity counter"
2005,"16-Oct",2,"SPR","resistivity counter"
2005,"17-Oct",2,"SPR","resistivity counter"
2005,"18-Oct",1,"SPR","resistivity counter"
2005,"19-Oct",1,"SPR","resistivity counter"
2005,"20-Oct",1,"SPR","resistivity counter"
2005,"21-Oct",0,"SPR","resistivity counter"
2005,"22-Oct",0,"SPR","resistivity counter"
2005,"23-Oct",0,"SPR","resistivity counter"
2005,"24-Oct",0,"SPR","resistivity counter"
2005,"25-Oct",0,"SPR","resistivity counter"
2005,"26-Oct",0,"SPR","resistivity counter"
2005,"27-Oct",0,"SPR","resistivity counter"
2005,"28-Oct",0,"SPR","resistivity counter"
2005,"29-Oct",0,"SPR","resistivity counter"
2005,"30-Oct",0,"SPR","resistivity counter"
2005,"31-Oct",0,"SPR","resistivity counter"
2005,"1-Nov",0,"SPR","resistivity counter"
2005,"2-Nov",0,"SPR","resistivity counter"
2005,"3-Nov",0,"SPR","resistivity counter"
2005,"4-Nov",0,"SPR","resistivity counter"
2005,"5-Nov",0,"SPR","resistivity counter"
2005,"6-Nov",0,"SPR","resistivity counter"
2005,"7-Nov",0,"SPR","resistivity counter"
2005,"8-Nov",0,"SPR","resistivity counter"
2005,"9-Nov",0,"SPR","resistivity counter"
2005,"10-Nov",0,"SPR","resistivity counter"
2005,"11-Nov",0,"SPR","resistivity counter"
2005,"12-Nov",0,"SPR","resistivity counter"
2005,"13-Nov",0,"SPR","resistivity counter"
2005,"14-Nov",0,"SPR","resistivity counter"
2005,"15-Nov",0,"SPR","resistivity counter"
2004,"13-May",0,"GCL","resistivity counter"
2004,"14-May",0,"GCL","resistivity counter"
2004,"15-May",0,"GCL","resistivity counter"
2004,"16-May",0,"GCL","resistivity counter"
2004,"17-May",0,"GCL","resistivity counter"
2004,"18-May",0,"GCL","resistivity counter"
2004,"19-May",0,"GCL","resistivity counter"
2004,"20-May",0,"GCL","resistivity counter"
2004,"21-May",0,"GCL","resistivity counter"
2004,"22-May",2,"GCL","resistivity counter"
2004,"23-May",1,"GCL","resistivity counter"
2004,"24-May",1,"GCL","resistivity counter"
2004,"25-May",0,"GCL","resistivity counter"
2004,"26-May",0,"GCL","resistivity counter"
2004,"27-May",1,"GCL","resistivity counter"
2004,"28-May",1,"GCL","resistivity counter"
2004,"29-May",6,"GCL","resistivity counter"
2004,"30-May",0,"GCL","resistivity counter"
2004,"31-May",3,"GCL","resistivity counter"
2004,"1-Jun",7,"GCL","resistivity counter"
2004,"2-Jun",27,"GCL","resistivity counter"
2004,"3-Jun",33,"GCL","resistivity counter"
2004,"4-Jun",36,"GCL","resistivity counter"
2004,"5-Jun",14,"GCL","resistivity counter"
2004,"6-Jun",6,"GCL","resistivity counter"
2004,"7-Jun",3,"GCL","resistivity counter"
2004,"8-Jun",17,"GCL","resistivity counter"
2004,"9-Jun",96,"GCL","resistivity counter"
2004,"10-Jun",160,"GCL","resistivity counter"
2004,"11-Jun",133,"GCL","resistivity counter"
2004,"12-Jun",43,"GCL","resistivity counter"
2004,"13-Jun",545,"GCL","resistivity counter"
2004,"14-Jun",58,"GCL","resistivity counter"
2004,"15-Jun",55,"GCL","resistivity counter"
2004,"16-Jun",56,"GCL","resistivity counter"
2004,"17-Jun",37,"GCL","resistivity counter"
2004,"18-Jun",50,"GCL","resistivity counter"
2004,"19-Jun",45,"GCL","resistivity counter"
2004,"20-Jun",46,"GCL","resistivity counter"
2004,"21-Jun",7,"GCL","resistivity counter"
2004,"22-Jun",6,"GCL","resistivity counter"
2004,"23-Jun",34,"GCL","resistivity counter"
2004,"24-Jun",17,"GCL","resistivity counter"
2004,"25-Jun",20,"GCL","resistivity counter"
2004,"26-Jun",15,"GCL","resistivity counter"
2004,"27-Jun",18,"GCL","resistivity counter"
2004,"28-Jun",11,"GCL","resistivity counter"
2004,"29-Jun",310,"GCL","resistivity counter"
2004,"30-Jun",4152,"GCL","resistivity counter"
2004,"1-Jul",5195,"GCL","resistivity counter"
2004,"2-Jul",1498,"GCL","resistivity counter"
2004,"3-Jul",349,"GCL","resistivity counter"
2004,"4-Jul",834,"GCL","resistivity counter"
2004,"5-Jul",358,"GCL","resistivity counter"
2004,"6-Jul",202,"GCL","resistivity counter"
2004,"7-Jul",270,"GCL","resistivity counter"
2004,"8-Jul",493,"GCL","resistivity counter"
2004,"9-Jul",2877,"GCL","resistivity counter"
2004,"10-Jul",1093,"GCL","resistivity counter"
2004,"11-Jul",409,"GCL","resistivity counter"
2004,"12-Jul",373,"GCL","resistivity counter"
2004,"13-Jul",594,"GCL","resistivity counter"
2004,"14-Jul",1443,"GCL","resistivity counter"
2004,"15-Jul",1165,"GCL","resistivity counter"
2004,"16-Jul",1985,"GCL","resistivity counter"
2004,"17-Jul",5203,"GCL","resistivity counter"
2004,"18-Jul",2691,"GCL","resistivity counter"
2004,"19-Jul",1656,"GCL","resistivity counter"
2004,"20-Jul",557,"GCL","resistivity counter"
2004,"21-Jul",459,"GCL","resistivity counter"
2004,"22-Jul",424,"GCL","resistivity counter"
2004,"23-Jul",401,"GCL","resistivity counter"
2004,"24-Jul",298,"GCL","resistivity counter"
2004,"25-Jul",253,"GCL","resistivity counter"
2004,"26-Jul",256,"GCL","resistivity counter"
2004,"27-Jul",62,"GCL","resistivity counter"
2004,"28-Jul",55,"GCL","resistivity counter"
2004,"29-Jul",48,"GCL","resistivity counter"
2004,"30-Jul",41,"GCL","resistivity counter"
2004,"31-Jul",21,"GCL","resistivity counter"
2004,"1-Aug",41,"GCL","resistivity counter"
2004,"2-Aug",44,"GCL","resistivity counter"
2004,"3-Aug",129,"GCL","resistivity counter"
2004,"4-Aug",76,"GCL","resistivity counter"
2004,"5-Aug",344,"GCL","resistivity counter"
2004,"6-Aug",1007,"GCL","resistivity counter"
2004,"7-Aug",1813,"GCL","resistivity counter"
2004,"8-Aug",1577,"GCL","resistivity counter"
2004,"9-Aug",500,"GCL","resistivity counter"
2004,"10-Aug",793,"GCL","resistivity counter"
2004,"11-Aug",321,"GCL","resistivity counter"
2004,"12-Aug",113,"GCL","resistivity counter"
2004,"13-Aug",224,"GCL","resistivity counter"
2004,"14-Aug",194,"GCL","resistivity counter"
2004,"15-Aug",194,"GCL","resistivity counter"
2004,"16-Aug",147,"GCL","resistivity counter"
2004,"17-Aug",432,"GCL","resistivity counter"
2004,"18-Aug",539,"GCL","resistivity counter"
2004,"19-Aug",372,"GCL","resistivity counter"
2004,"20-Aug",136,"GCL","resistivity counter"
2004,"21-Aug",172,"GCL","resistivity counter"
2004,"22-Aug",122,"GCL","resistivity counter"
2004,"23-Aug",155,"GCL","resistivity counter"
2004,"24-Aug",197,"GCL","resistivity counter"
2004,"25-Aug",157,"GCL","resistivity counter"
2004,"26-Aug",143,"GCL","resistivity counter"
2004,"27-Aug",130,"GCL","resistivity counter"
2004,"28-Aug",188,"GCL","resistivity counter"
2004,"29-Aug",319,"GCL","resistivity counter"
2004,"30-Aug",562,"GCL","resistivity counter"
2004,"31-Aug",718,"GCL","resistivity counter"
2004,"1-Sep",1138,"GCL","resistivity counter"
2004,"2-Sep",1356,"GCL","resistivity counter"
2004,"3-Sep",1858,"GCL","resistivity counter"
2004,"4-Sep",3577,"GCL","resistivity counter"
2004,"5-Sep",4078,"GCL","resistivity counter"
2004,"6-Sep",5514,"GCL","resistivity counter"
2004,"7-Sep",3882,"GCL","resistivity counter"
2004,"8-Sep",4716,"GCL","resistivity counter"
2004,"9-Sep",9033,"GCL","resistivity counter"
2004,"10-Sep",39761,"GCL","resistivity counter"
2004,"11-Sep",1452,"GCL","resistivity counter"
2004,"12-Sep",2281,"GCL","resistivity counter"
2004,"13-Sep",1897,"GCL","resistivity counter"
2004,"14-Sep",3134,"GCL","resistivity counter"
2004,"15-Sep",3955,"GCL","resistivity counter"
2004,"16-Sep",3773,"GCL","resistivity counter"
2004,"17-Sep",4811,"GCL","resistivity counter"
2004,"18-Sep",6128,"GCL","resistivity counter"
2004,"19-Sep",7131,"GCL","resistivity counter"
2004,"20-Sep",7662,"GCL","resistivity counter"
2004,"21-Sep",7350,"GCL","resistivity counter"
2004,"22-Sep",5958,"GCL","resistivity counter"
2004,"23-Sep",5352,"GCL","resistivity counter"
2004,"24-Sep",3493,"GCL","resistivity counter"
2004,"25-Sep",3856,"GCL","resistivity counter"
2004,"26-Sep",3186,"GCL","resistivity counter"
2004,"27-Sep",2978,"GCL","resistivity counter"
2004,"28-Sep",2177,"GCL","resistivity counter"
2004,"29-Sep",1773,"GCL","resistivity counter"
2004,"30-Sep",1390,"GCL","resistivity counter"
2004,"1-Oct",1229,"GCL","resistivity counter"
2004,"2-Oct",1089,"GCL","resistivity counter"
2004,"3-Oct",995,"GCL","resistivity counter"
2004,"4-Oct",980,"GCL","resistivity counter"
2004,"5-Oct",689,"GCL","resistivity counter"
2004,"6-Oct",954,"GCL","resistivity counter"
2004,"7-Oct",777,"GCL","resistivity counter"
2004,"8-Oct",1135,"GCL","resistivity counter"
2004,"9-Oct",1435,"GCL","resistivity counter"
2004,"10-Oct",977,"GCL","resistivity counter"
2004,"11-Oct",661,"GCL","resistivity counter"
2004,"12-Oct",784,"GCL","resistivity counter"
2004,"13-Oct",1100,"GCL","resistivity counter"
2004,"14-Oct",1397,"GCL","resistivity counter"
2004,"15-Oct",713,"GCL","resistivity counter"
2004,"16-Oct",1277,"GCL","resistivity counter"
2004,"17-Oct",501,"GCL","resistivity counter"
2004,"18-Oct",267,"GCL","resistivity counter"
2004,"19-Oct",405,"GCL","resistivity counter"
2004,"20-Oct",488,"GCL","resistivity counter"
2004,"21-Oct",216,"GCL","resistivity counter"
2004,"22-Oct",32,"GCL","resistivity counter"
2004,"23-Oct",62,"GCL","resistivity counter"
2004,"24-Oct",59,"GCL","resistivity counter"
2004,"25-Oct",32,"GCL","resistivity counter"
2004,"26-Oct",255,"GCL","resistivity counter"
2004,"27-Oct",316,"GCL","resistivity counter"
2004,"28-Oct",126,"GCL","resistivity counter"
2004,"29-Oct",117,"GCL","resistivity counter"
2004,"30-Oct",65,"GCL","resistivity counter"
2004,"31-Oct",72,"GCL","resistivity counter"
2004,"1-Nov",47,"GCL","resistivity counter"
2004,"2-Nov",36,"GCL","resistivity counter"
2004,"3-Nov",39,"GCL","resistivity counter"
2004,"4-Nov",82,"GCL","resistivity counter"
2004,"5-Nov",136,"GCL","resistivity counter"
2004,"6-Nov",208,"GCL","resistivity counter"
2004,"7-Nov",27,"GCL","resistivity counter"
2004,"8-Nov",26,"GCL","resistivity counter"
2004,"9-Nov",27,"GCL","resistivity counter"
2004,"10-Nov",57,"GCL","resistivity counter"
2004,"11-Nov",59,"GCL","resistivity counter"
2004,"12-Nov",78,"GCL","resistivity counter"
2004,"13-Nov",62,"GCL","resistivity counter"
2004,"14-Nov",179,"GCL","resistivity counter"
2004,"15-Nov",0,"GCL","resistivity counter"
2004,"13-May",0,"SPR","resistivity counter"
2004,"14-May",0,"SPR","resistivity counter"
2004,"15-May",0,"SPR","resistivity counter"
2004,"16-May",0,"SPR","resistivity counter"
2004,"17-May",0,"SPR","resistivity counter"
2004,"18-May",14,"SPR","resistivity counter"
2004,"19-May",108,"SPR","resistivity counter"
2004,"20-May",75,"SPR","resistivity counter"
2004,"21-May",48,"SPR","resistivity counter"
2004,"22-May",35,"SPR","resistivity counter"
2004,"23-May",8,"SPR","resistivity counter"
2004,"24-May",55,"SPR","resistivity counter"
2004,"25-May",125,"SPR","resistivity counter"
2004,"26-May",219,"SPR","resistivity counter"
2004,"27-May",244,"SPR","resistivity counter"
2004,"28-May",366,"SPR","resistivity counter"
2004,"29-May",162,"SPR","resistivity counter"
2004,"30-May",806,"SPR","resistivity counter"
2004,"31-May",759,"SPR","resistivity counter"
2004,"1-Jun",895,"SPR","resistivity counter"
2004,"2-Jun",537,"SPR","resistivity counter"
2004,"3-Jun",627,"SPR","resistivity counter"
2004,"4-Jun",348,"SPR","resistivity counter"
2004,"5-Jun",169,"SPR","resistivity counter"
2004,"6-Jun",293,"SPR","resistivity counter"
2004,"7-Jun",209,"SPR","resistivity counter"
2004,"8-Jun",236,"SPR","resistivity counter"
2004,"9-Jun",1253,"SPR","resistivity counter"
2004,"10-Jun",1955,"SPR","resistivity counter"
2004,"11-Jun",1177,"SPR","resistivity counter"
2004,"12-Jun",905,"SPR","resistivity counter"
2004,"13-Jun",943,"SPR","resistivity counter"
2004,"14-Jun",424,"SPR","resistivity counter"
2004,"15-Jun",364,"SPR","resistivity counter"
2004,"16-Jun",212,"SPR","resistivity counter"
2004,"17-Jun",592,"SPR","resistivity counter"
2004,"18-Jun",256,"SPR","resistivity counter"
2004,"19-Jun",189,"SPR","resistivity counter"
2004,"20-Jun",116,"SPR","resistivity counter"
2004,"21-Jun",161,"SPR","resistivity counter"
2004,"22-Jun",535,"SPR","resistivity counter"
2004,"23-Jun",327,"SPR","resistivity counter"
2004,"24-Jun",379,"SPR","resistivity counter"
2004,"25-Jun",351,"SPR","resistivity counter"
2004,"26-Jun",122,"SPR","resistivity counter"
2004,"27-Jun",138,"SPR","resistivity counter"
2004,"28-Jun",1278,"SPR","resistivity counter"
2004,"29-Jun",2735,"SPR","resistivity counter"
2004,"30-Jun",2902,"SPR","resistivity counter"
2004,"1-Jul",1689,"SPR","resistivity counter"
2004,"2-Jul",1027,"SPR","resistivity counter"
2004,"3-Jul",558,"SPR","resistivity counter"
2004,"4-Jul",561,"SPR","resistivity counter"
2004,"5-Jul",261,"SPR","resistivity counter"
2004,"6-Jul",243,"SPR","resistivity counter"
2004,"7-Jul",651,"SPR","resistivity counter"
2004,"8-Jul",1888,"SPR","resistivity counter"
2004,"9-Jul",548,"SPR","resistivity counter"
2004,"10-Jul",358,"SPR","resistivity counter"
2004,"11-Jul",589,"SPR","resistivity counter"
2004,"12-Jul",1286,"SPR","resistivity counter"
2004,"13-Jul",2804,"SPR","resistivity counter"
2004,"14-Jul",2278,"SPR","resistivity counter"
2004,"15-Jul",2267,"SPR","resistivity counter"
2004,"16-Jul",5316,"SPR","resistivity counter"
2004,"17-Jul",3081,"SPR","resistivity counter"
2004,"18-Jul",2324,"SPR","resistivity counter"
2004,"19-Jul",881,"SPR","resistivity counter"
2004,"20-Jul",1109,"SPR","resistivity counter"
2004,"21-Jul",686,"SPR","resistivity counter"
2004,"22-Jul",1296,"SPR","resistivity counter"
2004,"23-Jul",764,"SPR","resistivity counter"
2004,"24-Jul",174,"SPR","resistivity counter"
2004,"25-Jul",21,"SPR","resistivity counter"
2004,"26-Jul",26,"SPR","resistivity counter"
2004,"27-Jul",70,"SPR","resistivity counter"
2004,"28-Jul",110,"SPR","resistivity counter"
2004,"29-Jul",100,"SPR","resistivity counter"
2004,"30-Jul",51,"SPR","resistivity counter"
2004,"31-Jul",55,"SPR","resistivity counter"
2004,"1-Aug",147,"SPR","resistivity counter"
2004,"2-Aug",270,"SPR","resistivity counter"
2004,"3-Aug",234,"SPR","resistivity counter"
2004,"4-Aug",628,"SPR","resistivity counter"
2004,"5-Aug",1805,"SPR","resistivity counter"
2004,"6-Aug",1968,"SPR","resistivity counter"
2004,"7-Aug",3347,"SPR","resistivity counter"
2004,"8-Aug",1388,"SPR","resistivity counter"
2004,"9-Aug",851,"SPR","resistivity counter"
2004,"10-Aug",898,"SPR","resistivity counter"
2004,"11-Aug",338,"SPR","resistivity counter"
2004,"12-Aug",47,"SPR","resistivity counter"
2004,"13-Aug",16,"SPR","resistivity counter"
2004,"14-Aug",22,"SPR","resistivity counter"
2004,"15-Aug",131,"SPR","resistivity counter"
2004,"16-Aug",162,"SPR","resistivity counter"
2004,"17-Aug",100,"SPR","resistivity counter"
2004,"18-Aug",73,"SPR","resistivity counter"
2004,"19-Aug",19,"SPR","resistivity counter"
2004,"20-Aug",15,"SPR","resistivity counter"
2004,"21-Aug",33,"SPR","resistivity counter"
2004,"22-Aug",196,"SPR","resistivity counter"
2004,"23-Aug",305,"SPR","resistivity counter"
2004,"24-Aug",273,"SPR","resistivity counter"
2004,"25-Aug",461,"SPR","resistivity counter"
2004,"26-Aug",793,"SPR","resistivity counter"
2004,"27-Aug",1160,"SPR","resistivity counter"
2004,"28-Aug",708,"SPR","resistivity counter"
2004,"29-Aug",886,"SPR","resistivity counter"
2004,"30-Aug",872,"SPR","resistivity counter"
2004,"31-Aug",1058,"SPR","resistivity counter"
2004,"1-Sep",1378,"SPR","resistivity counter"
2004,"2-Sep",1158,"SPR","resistivity counter"
2004,"3-Sep",2112,"SPR","resistivity counter"
2004,"4-Sep",2060,"SPR","resistivity counter"
2004,"5-Sep",1417,"SPR","resistivity counter"
2004,"6-Sep",2104,"SPR","resistivity counter"
2004,"7-Sep",1136,"SPR","resistivity counter"
2004,"8-Sep",969,"SPR","resistivity counter"
2004,"9-Sep",1132,"SPR","resistivity counter"
2004,"10-Sep",562,"SPR","resistivity counter"
2004,"11-Sep",2360,"SPR","resistivity counter"
2004,"12-Sep",3306,"SPR","resistivity counter"
2004,"13-Sep",4260,"SPR","resistivity counter"
2004,"14-Sep",5230,"SPR","resistivity counter"
2004,"15-Sep",6207,"SPR","resistivity counter"
2004,"16-Sep",5328,"SPR","resistivity counter"
2004,"17-Sep",3457,"SPR","resistivity counter"
2004,"18-Sep",3092,"SPR","resistivity counter"
2004,"19-Sep",3217,"SPR","resistivity counter"
2004,"20-Sep",3142,"SPR","resistivity counter"
2004,"21-Sep",2781.5,"SPR","resistivity counter"
2004,"22-Sep",2766.5,"SPR","resistivity counter"
2004,"23-Sep",1336,"SPR","resistivity counter"
2004,"24-Sep",1583,"SPR","resistivity counter"
2004,"25-Sep",1129,"SPR","resistivity counter"
2004,"26-Sep",879,"SPR","resistivity counter"
2004,"27-Sep",773,"SPR","resistivity counter"
2004,"28-Sep",607,"SPR","resistivity counter"
2004,"29-Sep",507,"SPR","resistivity counter"
2004,"30-Sep",485,"SPR","resistivity counter"
2004,"1-Oct",603,"SPR","resistivity counter"
2004,"2-Oct",508,"SPR","resistivity counter"
2004,"3-Oct",320,"SPR","resistivity counter"
2004,"4-Oct",256,"SPR","resistivity counter"
2004,"5-Oct",238,"SPR","resistivity counter"
2004,"6-Oct",477,"SPR","resistivity counter"
2004,"7-Oct",332,"SPR","resistivity counter"
2004,"8-Oct",776,"SPR","resistivity counter"
2004,"9-Oct",357,"SPR","resistivity counter"
2004,"10-Oct",280,"SPR","resistivity counter"
2004,"11-Oct",295,"SPR","resistivity counter"
2004,"12-Oct",380,"SPR","resistivity counter"
2004,"13-Oct",340,"SPR","resistivity counter"
2004,"14-Oct",306,"SPR","resistivity counter"
2004,"15-Oct",258,"SPR","resistivity counter"
2004,"16-Oct",214,"SPR","resistivity counter"
2004,"17-Oct",168,"SPR","resistivity counter"
2004,"18-Oct",122,"SPR","resistivity counter"
2004,"19-Oct",138,"SPR","resistivity counter"
2004,"20-Oct",166,"SPR","resistivity counter"
2004,"21-Oct",117,"SPR","resistivity counter"
2004,"22-Oct",83,"SPR","resistivity counter"
2004,"23-Oct",79,"SPR","resistivity counter"
2004,"24-Oct",77,"SPR","resistivity counter"
2004,"25-Oct",199,"SPR","resistivity counter"
2004,"26-Oct",128,"SPR","resistivity counter"
2004,"27-Oct",84,"SPR","resistivity counter"
2004,"28-Oct",80,"SPR","resistivity counter"
2004,"29-Oct",58,"SPR","resistivity counter"
2004,"30-Oct",45,"SPR","resistivity counter"
2004,"31-Oct",26,"SPR","resistivity counter"
2004,"1-Nov",14,"SPR","resistivity counter"
2004,"2-Nov",19,"SPR","resistivity counter"
2004,"3-Nov",2,"SPR","resistivity counter"
2004,"4-Nov",0,"SPR","resistivity counter"
2004,"5-Nov",0,"SPR","resistivity counter"
2004,"6-Nov",0,"SPR","resistivity counter"
2004,"7-Nov",0,"SPR","resistivity counter"
2004,"8-Nov",0,"SPR","resistivity counter"
2004,"9-Nov",0,"SPR","resistivity counter"
2004,"10-Nov",0,"SPR","resistivity counter"
2004,"11-Nov",0,"SPR","resistivity counter"
2004,"12-Nov",0,"SPR","resistivity counter"
2004,"13-Nov",0,"SPR","resistivity counter"
2004,"14-Nov",0,"SPR","resistivity counter"
2004,"15-Nov",0,"SPR","resistivity counter"
2003,"1-Jun",0,"GCL","resistivity counter"
2003,"2-Jun",0,"GCL","resistivity counter"
2003,"2-Jun",0,"GCL","resistivity counter"
2003,"2-Jun",0,"GCL","resistivity counter"
2003,"5-Jun",354,"GCL","resistivity counter"
2003,"6-Jun",876,"GCL","resistivity counter"
2003,"7-Jun",935,"GCL","resistivity counter"
2003,"8-Jun",703,"GCL","resistivity counter"
2003,"9-Jun",107,"GCL","resistivity counter"
2003,"10-Jun",596,"GCL","resistivity counter"
2003,"11-Jun",785,"GCL","resistivity counter"
2003,"12-Jun",307,"GCL","resistivity counter"
2003,"13-Jun",127,"GCL","resistivity counter"
2003,"14-Jun",574,"GCL","resistivity counter"
2003,"15-Jun",484,"GCL","resistivity counter"
2003,"16-Jun",4605,"GCL","resistivity counter"
2003,"17-Jun",7621,"GCL","resistivity counter"
2003,"18-Jun",8422,"GCL","resistivity counter"
2003,"19-Jun",12267,"GCL","resistivity counter"
2003,"20-Jun",6781,"GCL","resistivity counter"
2003,"21-Jun",5597,"GCL","resistivity counter"
2003,"22-Jun",9452,"GCL","resistivity counter"
2003,"23-Jun",4830,"GCL","resistivity counter"
2003,"24-Jun",7168,"GCL","resistivity counter"
2003,"25-Jun",17396,"GCL","resistivity counter"
2003,"26-Jun",6766,"GCL","resistivity counter"
2003,"27-Jun",7640,"GCL","resistivity counter"
2003,"28-Jun",10492,"GCL","resistivity counter"
2003,"29-Jun",8867,"GCL","resistivity counter"
2003,"30-Jun",5101,"GCL","resistivity counter"
2003,"1-Jul",975,"GCL","resistivity counter"
2003,"2-Jul",582,"GCL","resistivity counter"
2003,"3-Jul",359,"GCL","resistivity counter"
2003,"4-Jul",1743,"GCL","resistivity counter"
2003,"5-Jul",1197,"GCL","resistivity counter"
2003,"6-Jul",847,"GCL","resistivity counter"
2003,"7-Jul",894,"GCL","resistivity counter"
2003,"8-Jul",443,"GCL","resistivity counter"
2003,"9-Jul",185,"GCL","resistivity counter"
2003,"10-Jul",429,"GCL","resistivity counter"
2003,"11-Jul",1090,"GCL","resistivity counter"
2003,"12-Jul",1372,"GCL","resistivity counter"
2003,"13-Jul",1161,"GCL","resistivity counter"
2003,"14-Jul",2878,"GCL","resistivity counter"
2003,"15-Jul",1954,"GCL","resistivity counter"
2003,"16-Jul",4966,"GCL","resistivity counter"
2003,"17-Jul",4678,"GCL","resistivity counter"
2003,"18-Jul",3490,"GCL","resistivity counter"
2003,"19-Jul",6909,"GCL","resistivity counter"
2003,"20-Jul",4646,"GCL","resistivity counter"
2003,"21-Jul",2003,"GCL","resistivity counter"
2003,"22-Jul",1619,"GCL","resistivity counter"
2003,"23-Jul",1022,"GCL","resistivity counter"
2003,"24-Jul",539,"GCL","resistivity counter"
2003,"25-Jul",589,"GCL","resistivity counter"
2003,"26-Jul",699,"GCL","resistivity counter"
2003,"27-Jul",348,"GCL","resistivity counter"
2003,"28-Jul",211,"GCL","resistivity counter"
2003,"29-Jul",450,"GCL","resistivity counter"
2003,"30-Jul",351,"GCL","resistivity counter"
2003,"31-Jul",127,"GCL","resistivity counter"
2003,"1-Aug",138,"GCL","resistivity counter"
2003,"2-Aug",158,"GCL","resistivity counter"
2003,"3-Aug",125,"GCL","resistivity counter"
2003,"4-Aug",476,"GCL","resistivity counter"
2003,"5-Aug",494,"GCL","resistivity counter"
2003,"6-Aug",307,"GCL","resistivity counter"
2003,"7-Aug",625,"GCL","resistivity counter"
2003,"8-Aug",856,"GCL","resistivity counter"
2003,"9-Aug",1442,"GCL","resistivity counter"
2003,"10-Aug",1432,"GCL","resistivity counter"
2003,"11-Aug",1286,"GCL","resistivity counter"
2003,"12-Aug",498,"GCL","resistivity counter"
2003,"13-Aug",1320,"GCL","resistivity counter"
2003,"14-Aug",430,"GCL","resistivity counter"
2003,"15-Aug",274,"GCL","resistivity counter"
2003,"16-Aug",122,"GCL","resistivity counter"
2003,"17-Aug",183,"GCL","resistivity counter"
2003,"18-Aug",174,"GCL","resistivity counter"
2003,"19-Aug",265,"GCL","resistivity counter"
2003,"20-Aug",386,"GCL","resistivity counter"
2003,"21-Aug",507,"GCL","resistivity counter"
2003,"22-Aug",638,"GCL","resistivity counter"
2003,"23-Aug",603,"GCL","resistivity counter"
2003,"24-Aug",412,"GCL","resistivity counter"
2003,"25-Aug",322,"GCL","resistivity counter"
2003,"26-Aug",1058,"GCL","resistivity counter"
2003,"27-Aug",478,"GCL","resistivity counter"
2003,"28-Aug",416,"GCL","resistivity counter"
2003,"29-Aug",335,"GCL","resistivity counter"
2003,"30-Aug",259,"GCL","resistivity counter"
2003,"31-Aug",287,"GCL","resistivity counter"
2003,"1-Sep",1152,"GCL","resistivity counter"
2003,"2-Sep",4454,"GCL","resistivity counter"
2003,"3-Sep",2206,"GCL","resistivity counter"
2003,"4-Sep",11196,"GCL","resistivity counter"
2003,"5-Sep",2900.80380071905,"GCL","resistivity counter"
2003,"6-Sep",1234.60927874795,"GCL","resistivity counter"
2003,"7-Sep",2365.90718179456,"GCL","resistivity counter"
2003,"8-Sep",1307.91769608667,"GCL","resistivity counter"
2003,"9-Sep",1199.27426810478,"GCL","resistivity counter"
2003,"10-Sep",951.733738873627,"GCL","resistivity counter"
2003,"11-Sep",942.041144474151,"GCL","resistivity counter"
2003,"12-Sep",911.907624251569,"GCL","resistivity counter"
2003,"13-Sep",1025.62506420134,"GCL","resistivity counter"
2003,"14-Sep",1569.05544412148,"GCL","resistivity counter"
2003,"15-Sep",1492.19577951651,"GCL","resistivity counter"
2003,"16-Sep",1262.69443767913,"GCL","resistivity counter"
2003,"17-Sep",1029.22547508988,"GCL","resistivity counter"
2003,"18-Sep",727.733744082309,"GCL","resistivity counter"
2003,"19-Sep",904.283526925826,"GCL","resistivity counter"
2003,"20-Sep",954.346894273344,"GCL","resistivity counter"
2003,"21-Sep",628.14072932717,"GCL","resistivity counter"
2003,"22-Sep",962.42311954077,"GCL","resistivity counter"
2003,"23-Sep",671.187967064138,"GCL","resistivity counter"
2003,"24-Sep",723.789829438335,"GCL","resistivity counter"
2003,"25-Sep",623.432973805855,"GCL","resistivity counter"
2003,"26-Sep",548.341256090732,"GCL","resistivity counter"
2003,"27-Sep",539.852203426764,"GCL","resistivity counter"
2003,"28-Sep",795.578142016127,"GCL","resistivity counter"
2003,"29-Sep",898.183872624551,"GCL","resistivity counter"
2003,"30-Sep",510.161468728035,"GCL","resistivity counter"
2003,"1-Oct",641.419533495269,"GCL","resistivity counter"
2003,"2-Oct",907.598675910776,"GCL","resistivity counter"
2003,"3-Oct",882.666666666667,"GCL","resistivity counter"
2003,"4-Oct",629.657935285054,"GCL","resistivity counter"
2003,"5-Oct",608.915767847971,"GCL","resistivity counter"
2003,"6-Oct",618.705187467899,"GCL","resistivity counter"
2003,"7-Oct",290.429892141757,"GCL","resistivity counter"
2003,"8-Oct",256.454388587577,"GCL","resistivity counter"
2003,"9-Oct",596.105118752871,"GCL","resistivity counter"
2003,"10-Oct",713.210588954111,"GCL","resistivity counter"
2003,"11-Oct",856.074987159733,"GCL","resistivity counter"
2003,"12-Oct",198.076414720799,"GCL","resistivity counter"
2003,"13-Oct",737.803399371482,"GCL","resistivity counter"
2003,"14-Oct",458.480821777093,"GCL","resistivity counter"
2003,"15-Oct",925.37627118644,"GCL","resistivity counter"
2003,"16-Oct",110.89907550077,"GCL","resistivity counter"
2003,"17-Oct",55.4495377503852,"GCL","resistivity counter"
2003,"18-Oct",0,"GCL","resistivity counter"
2003,"19-Oct",0,"GCL","resistivity counter"
2003,"20-Oct",0,"GCL","resistivity counter"
2003,"21-Oct",0,"GCL","resistivity counter"
2003,"22-Oct",0,"GCL","resistivity counter"
2003,"23-Oct",0,"GCL","resistivity counter"
2003,"24-Oct",0,"GCL","resistivity counter"
2003,"25-Oct",7.19054956343092,"GCL","resistivity counter"
2003,"26-Oct",14.3810991268618,"GCL","resistivity counter"
2003,"27-Oct",21.5716486902928,"GCL","resistivity counter"
2003,"28-Oct",28.7621982537237,"GCL","resistivity counter"
2003,"29-Oct",25.6805341551104,"GCL","resistivity counter"
2003,"30-Oct",32.8710837185413,"GCL","resistivity counter"
2003,"31-Oct",39.0344119157678,"GCL","resistivity counter"
2003,"1-Nov",18.4627632254751,"GCL","resistivity counter"
2003,"2-Nov",15.4083204930663,"GCL","resistivity counter"
2003,"3-Nov",21.5716486902928,"GCL","resistivity counter"
2003,"4-Nov",12.326656394453,"GCL","resistivity counter"
2003,"5-Nov",14.3810991268618,"GCL","resistivity counter"
2003,"6-Nov",8.21777092963534,"GCL","resistivity counter"
2003,"7-Nov",0,"GCL","resistivity counter"
2003,"8-Nov",0,"GCL","resistivity counter"
2003,"9-Nov",0,"GCL","resistivity counter"
2003,"10-Nov",0,"GCL","resistivity counter"
2003,"11-Nov",0,"GCL","resistivity counter"
2003,"12-Nov",0,"GCL","resistivity counter"
2003,"13-Nov",0,"GCL","resistivity counter"
2003,"14-Nov",0,"GCL","resistivity counter"
2003,"15-Nov",0,"GCL","resistivity counter"
2003,"1-Apr",0,"SPR","resistivity counter"
2003,"2-Apr",0,"SPR","resistivity counter"
2003,"3-Apr",0,"SPR","resistivity counter"
2003,"4-Apr",0,"SPR","resistivity counter"
2003,"5-Apr",0,"SPR","resistivity counter"
2003,"6-Apr",0,"SPR","resistivity counter"
2003,"7-Apr",0,"SPR","resistivity counter"
2003,"8-Apr",0,"SPR","resistivity counter"
2003,"9-Apr",0,"SPR","resistivity counter"
2003,"10-Apr",0,"SPR","resistivity counter"
2003,"11-Apr",0,"SPR","resistivity counter"
2003,"12-Apr",0,"SPR","resistivity counter"
2003,"13-Apr",0,"SPR","resistivity counter"
2003,"14-Apr",0,"SPR","resistivity counter"
2003,"15-Apr",0,"SPR","resistivity counter"
2003,"16-Apr",0,"SPR","resistivity counter"
2003,"17-Apr",0,"SPR","resistivity counter"
2003,"18-Apr",0,"SPR","resistivity counter"
2003,"19-Apr",0,"SPR","resistivity counter"
2003,"20-Apr",0,"SPR","resistivity counter"
2003,"21-Apr",0,"SPR","resistivity counter"
2003,"22-Apr",0,"SPR","resistivity counter"
2003,"23-Apr",0,"SPR","resistivity counter"
2003,"24-Apr",0,"SPR","resistivity counter"
2003,"25-Apr",0,"SPR","resistivity counter"
2003,"26-Apr",0,"SPR","resistivity counter"
2003,"27-Apr",0,"SPR","resistivity counter"
2003,"28-Apr",0,"SPR","resistivity counter"
2003,"29-Apr",0,"SPR","resistivity counter"
2003,"30-Apr",0,"SPR","resistivity counter"
2003,"1-May",0,"SPR","resistivity counter"
2003,"2-May",0,"SPR","resistivity counter"
2003,"3-May",0,"SPR","resistivity counter"
2003,"4-May",0,"SPR","resistivity counter"
2003,"5-May",0,"SPR","resistivity counter"
2003,"6-May",0,"SPR","resistivity counter"
2003,"7-May",0,"SPR","resistivity counter"
2003,"8-May",0,"SPR","resistivity counter"
2003,"9-May",0,"SPR","resistivity counter"
2003,"10-May",0,"SPR","resistivity counter"
2003,"11-May",0,"SPR","resistivity counter"
2003,"12-May",0,"SPR","resistivity counter"
2003,"13-May",0,"SPR","resistivity counter"
2003,"14-May",0,"SPR","resistivity counter"
2003,"15-May",54,"SPR","resistivity counter"
2003,"16-May",83,"SPR","resistivity counter"
2003,"17-May",26,"SPR","resistivity counter"
2003,"18-May",45,"SPR","resistivity counter"
2003,"19-May",45,"SPR","resistivity counter"
2003,"20-May",45,"SPR","resistivity counter"
2003,"21-May",32,"SPR","resistivity counter"
2003,"22-May",41,"SPR","resistivity counter"
2003,"23-May",32,"SPR","resistivity counter"
2003,"24-May",162,"SPR","resistivity counter"
2003,"25-May",203,"SPR","resistivity counter"
2003,"26-May",147,"SPR","resistivity counter"
2003,"27-May",153,"SPR","resistivity counter"
2003,"28-May",93,"SPR","resistivity counter"
2003,"29-May",131,"SPR","resistivity counter"
2003,"30-May",120,"SPR","resistivity counter"
2003,"31-May",261,"SPR","resistivity counter"
2003,"1-Jun",469,"SPR","resistivity counter"
2003,"2-Jun",433,"SPR","resistivity counter"
2003,"3-Jun",929,"SPR","resistivity counter"
2003,"4-Jun",758,"SPR","resistivity counter"
2003,"5-Jun",1576,"SPR","resistivity counter"
2003,"6-Jun",1065,"SPR","resistivity counter"
2003,"7-Jun",1382,"SPR","resistivity counter"
2003,"8-Jun",1272,"SPR","resistivity counter"
2003,"9-Jun",740,"SPR","resistivity counter"
2003,"10-Jun",1762,"SPR","resistivity counter"
2003,"11-Jun",3234,"SPR","resistivity counter"
2003,"12-Jun",3134,"SPR","resistivity counter"
2003,"13-Jun",2649,"SPR","resistivity counter"
2003,"14-Jun",1682,"SPR","resistivity counter"
2003,"15-Jun",4965,"SPR","resistivity counter"
2003,"16-Jun",1904,"SPR","resistivity counter"
2003,"17-Jun",3545,"SPR","resistivity counter"
2003,"18-Jun",8158,"SPR","resistivity counter"
2003,"19-Jun",7873,"SPR","resistivity counter"
2003,"20-Jun",3230,"SPR","resistivity counter"
2003,"21-Jun",1806,"SPR","resistivity counter"
2003,"22-Jun",8232,"SPR","resistivity counter"
2003,"23-Jun",4512,"SPR","resistivity counter"
2003,"24-Jun",6434,"SPR","resistivity counter"
2003,"25-Jun",5935,"SPR","resistivity counter"
2003,"26-Jun",6179,"SPR","resistivity counter"
2003,"27-Jun",7353,"SPR","resistivity counter"
2003,"28-Jun",2287,"SPR","resistivity counter"
2003,"29-Jun",905,"SPR","resistivity counter"
2003,"30-Jun",359,"SPR","resistivity counter"
2003,"1-Jul",295,"SPR","resistivity counter"
2003,"2-Jul",814,"SPR","resistivity counter"
2003,"3-Jul",1743,"SPR","resistivity counter"
2003,"4-Jul",1533,"SPR","resistivity counter"
2003,"5-Jul",627,"SPR","resistivity counter"
2003,"6-Jul",386,"SPR","resistivity counter"
2003,"7-Jul",266,"SPR","resistivity counter"
2003,"8-Jul",603,"SPR","resistivity counter"
2003,"9-Jul",869,"SPR","resistivity counter"
2003,"10-Jul",2616,"SPR","resistivity counter"
2003,"11-Jul",978,"SPR","resistivity counter"
2003,"12-Jul",1160,"SPR","resistivity counter"
2003,"13-Jul",4473,"SPR","resistivity counter"
2003,"14-Jul",3588,"SPR","resistivity counter"
2003,"15-Jul",5379,"SPR","resistivity counter"
2003,"16-Jul",5257,"SPR","resistivity counter"
2003,"17-Jul",2517,"SPR","resistivity counter"
2003,"18-Jul",6226,"SPR","resistivity counter"
2003,"19-Jul",2935,"SPR","resistivity counter"
2003,"20-Jul",1799,"SPR","resistivity counter"
2003,"21-Jul",868,"SPR","resistivity counter"
2003,"22-Jul",597,"SPR","resistivity counter"
2003,"23-Jul",338,"SPR","resistivity counter"
2003,"24-Jul",671,"SPR","resistivity counter"
2003,"25-Jul",535,"SPR","resistivity counter"
2003,"26-Jul",247,"SPR","resistivity counter"
2003,"27-Jul",293,"SPR","resistivity counter"
2003,"28-Jul",540,"SPR","resistivity counter"
2003,"29-Jul",398,"SPR","resistivity counter"
2003,"30-Jul",20,"SPR","resistivity counter"
2003,"31-Jul",2,"SPR","resistivity counter"
2003,"1-Aug",28,"SPR","resistivity counter"
2003,"2-Aug",90,"SPR","resistivity counter"
2003,"3-Aug",936,"SPR","resistivity counter"
2003,"4-Aug",608,"SPR","resistivity counter"
2003,"5-Aug",297,"SPR","resistivity counter"
2003,"6-Aug",1109,"SPR","resistivity counter"
2003,"7-Aug",1659,"SPR","resistivity counter"
2003,"8-Aug",1815,"SPR","resistivity counter"
2003,"9-Aug",1204,"SPR","resistivity counter"
2003,"10-Aug",1394,"SPR","resistivity counter"
2003,"11-Aug",464,"SPR","resistivity counter"
2003,"12-Aug",287,"SPR","resistivity counter"
2003,"13-Aug",719,"SPR","resistivity counter"
2003,"14-Aug",562,"SPR","resistivity counter"
2003,"15-Aug",489,"SPR","resistivity counter"
2003,"16-Aug",425,"SPR","resistivity counter"
2003,"17-Aug",303,"SPR","resistivity counter"
2003,"18-Aug",1822,"SPR","resistivity counter"
2003,"19-Aug",1545,"SPR","resistivity counter"
2003,"20-Aug",870,"SPR","resistivity counter"
2003,"21-Aug",521,"SPR","resistivity counter"
2003,"22-Aug",410,"SPR","resistivity counter"
2003,"23-Aug",542,"SPR","resistivity counter"
2003,"24-Aug",826,"SPR","resistivity counter"
2003,"25-Aug",917,"SPR","resistivity counter"
2003,"26-Aug",1030,"SPR","resistivity counter"
2003,"27-Aug",622,"SPR","resistivity counter"
2003,"28-Aug",632,"SPR","resistivity counter"
2003,"29-Aug",742,"SPR","resistivity counter"
2003,"30-Aug",552,"SPR","resistivity counter"
2003,"31-Aug",1504,"SPR","resistivity counter"
2003,"1-Sep",2211,"SPR","resistivity counter"
2003,"2-Sep",1882,"SPR","resistivity counter"
2003,"3-Sep",1361,"SPR","resistivity counter"
2003,"4-Sep",738,"SPR","resistivity counter"
2003,"5-Sep",575,"SPR","resistivity counter"
2003,"6-Sep",251,"SPR","resistivity counter"
2003,"7-Sep",1148,"SPR","resistivity counter"
2003,"8-Sep",879,"SPR","resistivity counter"
2003,"9-Sep",895,"SPR","resistivity counter"
2003,"10-Sep",351,"SPR","resistivity counter"
2003,"11-Sep",274,"SPR","resistivity counter"
2003,"12-Sep",227,"SPR","resistivity counter"
2003,"13-Sep",100,"SPR","resistivity counter"
2003,"14-Sep",93,"SPR","resistivity counter"
2003,"15-Sep",144,"SPR","resistivity counter"
2003,"16-Sep",220,"SPR","resistivity counter"
2003,"17-Sep",156,"SPR","resistivity counter"
2003,"18-Sep",435,"SPR","resistivity counter"
2003,"19-Sep",356,"SPR","resistivity counter"
2003,"20-Sep",266,"SPR","resistivity counter"
2003,"21-Sep",261,"SPR","resistivity counter"
2003,"22-Sep",193,"SPR","resistivity counter"
2003,"23-Sep",447,"SPR","resistivity counter"
2003,"24-Sep",201,"SPR","resistivity counter"
2003,"25-Sep",118,"SPR","resistivity counter"
2003,"26-Sep",157,"SPR","resistivity counter"
2003,"27-Sep",115,"SPR","resistivity counter"
2003,"28-Sep",203,"SPR","resistivity counter"
2003,"29-Sep",205,"SPR","resistivity counter"
2003,"30-Sep",135,"SPR","resistivity counter"
2003,"1-Oct",246,"SPR","resistivity counter"
2003,"2-Oct",152,"SPR","resistivity counter"
2003,"3-Oct",117,"SPR","resistivity counter"
2003,"4-Oct",147,"SPR","resistivity counter"
2003,"5-Oct",95,"SPR","resistivity counter"
2003,"6-Oct",320,"SPR","resistivity counter"
2003,"7-Oct",796,"SPR","resistivity counter"
2003,"8-Oct",223,"SPR","resistivity counter"
2003,"9-Oct",632,"SPR","resistivity counter"
2003,"10-Oct",351,"SPR","resistivity counter"
2003,"11-Oct",329,"SPR","resistivity counter"
2003,"12-Oct",411,"SPR","resistivity counter"
2003,"13-Oct",282,"SPR","resistivity counter"
2003,"14-Oct",191,"SPR","resistivity counter"
2003,"15-Oct",174,"SPR","resistivity counter"
2003,"16-Oct",6,"SPR","resistivity counter"
2003,"17-Oct",0,"SPR","resistivity counter"
2003,"18-Oct",0,"SPR","resistivity counter"
2003,"19-Oct",0,"SPR","resistivity counter"
2003,"20-Oct",0,"SPR","resistivity counter"
2003,"21-Oct",0,"SPR","resistivity counter"
2003,"22-Oct",0,"SPR","resistivity counter"
2003,"23-Oct",0,"SPR","resistivity counter"
2003,"24-Oct",0,"SPR","resistivity counter"
2003,"25-Oct",0,"SPR","resistivity counter"
2003,"26-Oct",0,"SPR","resistivity counter"
2003,"27-Oct",0,"SPR","resistivity counter"
2003,"28-Oct",0,"SPR","resistivity counter"
2003,"29-Oct",0,"SPR","resistivity counter"
2003,"30-Oct",0,"SPR","resistivity counter"
2003,"31-Oct",0,"SPR","resistivity counter"
2003,"1-Nov",0,"SPR","resistivity counter"
2003,"2-Nov",0,"SPR","resistivity counter"
2003,"3-Nov",0,"SPR","resistivity counter"
2003,"4-Nov",0,"SPR","resistivity counter"
2003,"5-Nov",0,"SPR","resistivity counter"
2003,"6-Nov",0,"SPR","resistivity counter"
2003,"7-Nov",0,"SPR","resistivity counter"
2003,"8-Nov",0,"SPR","resistivity counter"
2003,"9-Nov",0,"SPR","resistivity counter"
2003,"10-Nov",0,"SPR","resistivity counter"
2003,"11-Nov",0,"SPR","resistivity counter"
2003,"12-Nov",0,"SPR","resistivity counter"
2003,"13-Nov",0,"SPR","resistivity counter"
2002,"1-Apr",0,"GCL","resistivity counter"
2002,"2-Apr",0,"GCL","resistivity counter"
2002,"3-Apr",0,"GCL","resistivity counter"
2002,"4-Apr",0,"GCL","resistivity counter"
2002,"5-Apr",0,"GCL","resistivity counter"
2002,"6-Apr",0,"GCL","resistivity counter"
2002,"7-Apr",0,"GCL","resistivity counter"
2002,"8-Apr",0,"GCL","resistivity counter"
2002,"9-Apr",0,"GCL","resistivity counter"
2002,"10-Apr",0,"GCL","resistivity counter"
2002,"11-Apr",0,"GCL","resistivity counter"
2002,"12-Apr",0,"GCL","resistivity counter"
2002,"13-Apr",0,"GCL","resistivity counter"
2002,"14-Apr",0,"GCL","resistivity counter"
2002,"15-Apr",0,"GCL","resistivity counter"
2002,"16-Apr",0,"GCL","resistivity counter"
2002,"17-Apr",0,"GCL","resistivity counter"
2002,"18-Apr",0,"GCL","resistivity counter"
2002,"19-Apr",0,"GCL","resistivity counter"
2002,"20-Apr",0,"GCL","resistivity counter"
2002,"21-Apr",0,"GCL","resistivity counter"
2002,"22-Apr",0,"GCL","resistivity counter"
2002,"23-Apr",0,"GCL","resistivity counter"
2002,"24-Apr",0,"GCL","resistivity counter"
2002,"25-Apr",0,"GCL","resistivity counter"
2002,"26-Apr",0,"GCL","resistivity counter"
2002,"27-Apr",0,"GCL","resistivity counter"
2002,"28-Apr",0,"GCL","resistivity counter"
2002,"29-Apr",0,"GCL","resistivity counter"
2002,"30-Apr",0,"GCL","resistivity counter"
2002,"1-May",0,"GCL","resistivity counter"
2002,"2-May",0,"GCL","resistivity counter"
2002,"3-May",0,"GCL","resistivity counter"
2002,"4-May",0,"GCL","resistivity counter"
2002,"5-May",0,"GCL","resistivity counter"
2002,"6-May",0,"GCL","resistivity counter"
2002,"7-May",3,"GCL","resistivity counter"
2002,"8-May",5,"GCL","resistivity counter"
2002,"9-May",2,"GCL","resistivity counter"
2002,"10-May",3,"GCL","resistivity counter"
2002,"11-May",4,"GCL","resistivity counter"
2002,"12-May",4,"GCL","resistivity counter"
2002,"13-May",5,"GCL","resistivity counter"
2002,"14-May",5,"GCL","resistivity counter"
2002,"15-May",5,"GCL","resistivity counter"
2002,"16-May",4,"GCL","resistivity counter"
2002,"17-May",2,"GCL","resistivity counter"
2002,"18-May",3,"GCL","resistivity counter"
2002,"19-May",1,"GCL","resistivity counter"
2002,"20-May",0,"GCL","resistivity counter"
2002,"21-May",2,"GCL","resistivity counter"
2002,"22-May",3,"GCL","resistivity counter"
2002,"23-May",1,"GCL","resistivity counter"
2002,"24-May",0,"GCL","resistivity counter"
2002,"25-May",4,"GCL","resistivity counter"
2002,"26-May",9,"GCL","resistivity counter"
2002,"27-May",15,"GCL","resistivity counter"
2002,"28-May",21,"GCL","resistivity counter"
2002,"29-May",24,"GCL","resistivity counter"
2002,"30-May",43,"GCL","resistivity counter"
2002,"31-May",38,"GCL","resistivity counter"
2002,"1-Jun",52,"GCL","resistivity counter"
2002,"2-Jun",89,"GCL","resistivity counter"
2002,"2-Jun",207,"GCL","resistivity counter"
2002,"2-Jun",326,"GCL","resistivity counter"
2002,"5-Jun",365,"GCL","resistivity counter"
2002,"6-Jun",450,"GCL","resistivity counter"
2002,"7-Jun",565,"GCL","resistivity counter"
2002,"8-Jun",516,"GCL","resistivity counter"
2002,"9-Jun",760,"GCL","resistivity counter"
2002,"10-Jun",1232,"GCL","resistivity counter"
2002,"11-Jun",337,"GCL","resistivity counter"
2002,"12-Jun",1396,"GCL","resistivity counter"
2002,"13-Jun",1632,"GCL","resistivity counter"
2002,"14-Jun",1296,"GCL","resistivity counter"
2002,"15-Jun",559,"GCL","resistivity counter"
2002,"16-Jun",1295,"GCL","resistivity counter"
2002,"17-Jun",1042,"GCL","resistivity counter"
2002,"18-Jun",640,"GCL","resistivity counter"
2002,"19-Jun",714,"GCL","resistivity counter"
2002,"20-Jun",621,"GCL","resistivity counter"
2002,"21-Jun",717,"GCL","resistivity counter"
2002,"22-Jun",829,"GCL","resistivity counter"
2002,"23-Jun",783,"GCL","resistivity counter"
2002,"24-Jun",668,"GCL","resistivity counter"
2002,"25-Jun",399,"GCL","resistivity counter"
2002,"26-Jun",290,"GCL","resistivity counter"
2002,"27-Jun",225,"GCL","resistivity counter"
2002,"28-Jun",192,"GCL","resistivity counter"
2002,"29-Jun",160,"GCL","resistivity counter"
2002,"30-Jun",217,"GCL","resistivity counter"
2002,"1-Jul",938,"GCL","resistivity counter"
2002,"2-Jul",1475,"GCL","resistivity counter"
2002,"3-Jul",1000,"GCL","resistivity counter"
2002,"4-Jul",2089,"GCL","resistivity counter"
2002,"5-Jul",4013,"GCL","resistivity counter"
2002,"6-Jul",2131,"GCL","resistivity counter"
2002,"7-Jul",2470,"GCL","resistivity counter"
2002,"8-Jul",2065,"GCL","resistivity counter"
2002,"9-Jul",1317,"GCL","resistivity counter"
2002,"10-Jul",3862,"GCL","resistivity counter"
2002,"11-Jul",4982,"GCL","resistivity counter"
2002,"12-Jul",13780,"GCL","resistivity counter"
2002,"13-Jul",11661,"GCL","resistivity counter"
2002,"14-Jul",10903,"GCL","resistivity counter"
2002,"15-Jul",10234,"GCL","resistivity counter"
2002,"16-Jul",13054,"GCL","resistivity counter"
2002,"17-Jul",22046,"GCL","resistivity counter"
2002,"18-Jul",18950,"GCL","resistivity counter"
2002,"19-Jul",7590,"GCL","resistivity counter"
2002,"20-Jul",5608,"GCL","resistivity counter"
2002,"21-Jul",4392,"GCL","resistivity counter"
2002,"22-Jul",2201,"GCL","resistivity counter"
2002,"23-Jul",1096,"GCL","resistivity counter"
2002,"24-Jul",750,"GCL","resistivity counter"
2002,"25-Jul",801,"GCL","resistivity counter"
2002,"26-Jul",433,"GCL","resistivity counter"
2002,"27-Jul",1023,"GCL","resistivity counter"
2002,"28-Jul",3239,"GCL","resistivity counter"
2002,"29-Jul",3011,"GCL","resistivity counter"
2002,"30-Jul",3446,"GCL","resistivity counter"
2002,"31-Jul",3481,"GCL","resistivity counter"
2002,"1-Aug",6300,"GCL","resistivity counter"
2002,"2-Aug",7036,"GCL","resistivity counter"
2002,"3-Aug",4819,"GCL","resistivity counter"
2002,"4-Aug",5564,"GCL","resistivity counter"
2002,"5-Aug",3998,"GCL","resistivity counter"
2002,"6-Aug",3302,"GCL","resistivity counter"
2002,"7-Aug",1445,"GCL","resistivity counter"
2002,"8-Aug",1659,"GCL","resistivity counter"
2002,"9-Aug",1649,"GCL","resistivity counter"
2002,"10-Aug",2431,"GCL","resistivity counter"
2002,"11-Aug",3747,"GCL","resistivity counter"
2002,"12-Aug",3973,"GCL","resistivity counter"
2002,"13-Aug",1740,"GCL","resistivity counter"
2002,"14-Aug",1033,"GCL","resistivity counter"
2002,"15-Aug",1560,"GCL","resistivity counter"
2002,"16-Aug",670,"GCL","resistivity counter"
2002,"17-Aug",414,"GCL","resistivity counter"
2002,"18-Aug",332,"GCL","resistivity counter"
2002,"19-Aug",494,"GCL","resistivity counter"
2002,"20-Aug",549,"GCL","resistivity counter"
2002,"21-Aug",289,"GCL","resistivity counter"
2002,"22-Aug",260,"GCL","resistivity counter"
2002,"23-Aug",441,"GCL","resistivity counter"
2002,"24-Aug",424,"GCL","resistivity counter"
2002,"25-Aug",573,"GCL","resistivity counter"
2002,"26-Aug",608,"GCL","resistivity counter"
2002,"27-Aug",528,"GCL","resistivity counter"
2002,"28-Aug",636,"GCL","resistivity counter"
2002,"29-Aug",490,"GCL","resistivity counter"
2002,"30-Aug",399,"GCL","resistivity counter"
2002,"31-Aug",362,"GCL","resistivity counter"
2002,"1-Sep",215,"GCL","resistivity counter"
2002,"2-Sep",465,"GCL","resistivity counter"
2002,"3-Sep",476,"GCL","resistivity counter"
2002,"4-Sep",295,"GCL","resistivity counter"
2002,"5-Sep",4020,"GCL","resistivity counter"
2002,"6-Sep",719.491061029821,"GCL","resistivity counter"
2002,"7-Sep",618.919895606678,"GCL","resistivity counter"
2002,"8-Sep",745.086466683194,"GCL","resistivity counter"
2002,"9-Sep",1024.98665158979,"GCL","resistivity counter"
2002,"10-Sep",1170.38304602192,"GCL","resistivity counter"
2002,"11-Sep",1698.49329283364,"GCL","resistivity counter"
2002,"12-Sep",1823.30187383488,"GCL","resistivity counter"
2002,"13-Sep",2565.73034019058,"GCL","resistivity counter"
2002,"14-Sep",2049.21420686871,"GCL","resistivity counter"
2002,"15-Sep",1656.0283398293,"GCL","resistivity counter"
2002,"16-Sep",956.494171306014,"GCL","resistivity counter"
2002,"17-Sep",734.265188384097,"GCL","resistivity counter"
2002,"18-Sep",655.192931455377,"GCL","resistivity counter"
2002,"19-Sep",665.929292725877,"GCL","resistivity counter"
2002,"20-Sep",514.854984342,"GCL","resistivity counter"
2002,"21-Sep",553.941387399624,"GCL","resistivity counter"
2002,"22-Sep",581.905510554109,"GCL","resistivity counter"
2002,"23-Sep",530.230558810006,"GCL","resistivity counter"
2002,"24-Sep",516.278615243836,"GCL","resistivity counter"
2002,"25-Sep",369.37190875054,"GCL","resistivity counter"
2002,"26-Sep",486.727142503742,"GCL","resistivity counter"
2002,"27-Sep",423.678969110917,"GCL","resistivity counter"
2002,"28-Sep",632.683244246705,"GCL","resistivity counter"
2002,"29-Sep",488.711834120831,"GCL","resistivity counter"
2002,"30-Sep",547.60601917995,"GCL","resistivity counter"
2002,"1-Oct",967.150902025391,"GCL","resistivity counter"
2002,"2-Oct",1013.95218428286,"GCL","resistivity counter"
2002,"3-Oct",949.507352381294,"GCL","resistivity counter"
2002,"4-Oct",765.13028125468,"GCL","resistivity counter"
2002,"5-Oct",755.086052621377,"GCL","resistivity counter"
2002,"6-Oct",870.136288857556,"GCL","resistivity counter"
2002,"7-Oct",822.019934912371,"GCL","resistivity counter"
2002,"8-Oct",1226.17029925491,"GCL","resistivity counter"
2002,"9-Oct",1360.17097048648,"GCL","resistivity counter"
2002,"10-Oct",1114.17730172317,"GCL","resistivity counter"
2002,"11-Oct",720.314573530281,"GCL","resistivity counter"
2002,"12-Oct",791.678772650294,"GCL","resistivity counter"
2002,"13-Oct",835.482235740756,"GCL","resistivity counter"
2002,"14-Oct",733.338866090099,"GCL","resistivity counter"
2002,"15-Oct",635.627127304845,"GCL","resistivity counter"
2002,"16-Oct",537.490015311952,"GCL","resistivity counter"
2002,"17-Oct",306.631546395886,"GCL","resistivity counter"
2002,"18-Oct",176.085342228807,"GCL","resistivity counter"
2002,"19-Oct",168.368727835699,"GCL","resistivity counter"
2002,"20-Oct",178.34021380312,"GCL","resistivity counter"
2002,"21-Oct",132.975653032018,"GCL","resistivity counter"
2002,"22-Oct",55.0493571641203,"GCL","resistivity counter"
2002,"23-Oct",38.9271415123941,"GCL","resistivity counter"
2002,"24-Oct",9.92356884384963,"GCL","resistivity counter"
2002,"25-Oct",14.2476139816177,"GCL","resistivity counter"
2002,"26-Oct",9.42140989436252,"GCL","resistivity counter"
2002,"27-Oct",8.50409537886934,"GCL","resistivity counter"
2002,"28-Oct",7.71563838919812,"GCL","resistivity counter"
2002,"29-Oct",3.13774709758393,"GCL","resistivity counter"
2002,"30-Oct",3.13774709758393,"GCL","resistivity counter"
2002,"31-Oct",1.04591569919464,"GCL","resistivity counter"
2002,"1-Nov",0,"GCL","resistivity counter"
2002,"2-Nov",0,"GCL","resistivity counter"
2002,"3-Nov",1.04591569919464,"GCL","resistivity counter"
2002,"4-Nov",1.04591569919464,"GCL","resistivity counter"
2002,"5-Nov",3.13774709758393,"GCL","resistivity counter"
2002,"6-Nov",11.5050726911411,"GCL","resistivity counter"
2002,"7-Nov",38.6988808702019,"GCL","resistivity counter"
2002,"8-Nov",171.803714238546,"GCL","resistivity counter"
2002,"9-Nov",487.187499698484,"GCL","resistivity counter"
2002,"10-Nov",149.76703821455,"GCL","resistivity counter"
2002,"11-Nov",34.1370704396886,"GCL","resistivity counter"
2002,"12-Nov",0,"GCL","resistivity counter"
2002,"13-Nov",0,"GCL","resistivity counter"
2002,"14-Nov",0,"GCL","resistivity counter"
2002,"15-Nov",0,"GCL","resistivity counter"
2002,"1-Apr",0,"SPR","resistivity counter"
2002,"2-Apr",0,"SPR","resistivity counter"
2002,"3-Apr",0,"SPR","resistivity counter"
2002,"4-Apr",0,"SPR","resistivity counter"
2002,"5-Apr",0,"SPR","resistivity counter"
2002,"6-Apr",0,"SPR","resistivity counter"
2002,"7-Apr",0,"SPR","resistivity counter"
2002,"8-Apr",0,"SPR","resistivity counter"
2002,"9-Apr",0,"SPR","resistivity counter"
2002,"10-Apr",0,"SPR","resistivity counter"
2002,"11-Apr",0,"SPR","resistivity counter"
2002,"12-Apr",0,"SPR","resistivity counter"
2002,"13-Apr",0,"SPR","resistivity counter"
2002,"14-Apr",0,"SPR","resistivity counter"
2002,"15-Apr",0,"SPR","resistivity counter"
2002,"16-Apr",0,"SPR","resistivity counter"
2002,"17-Apr",0,"SPR","resistivity counter"
2002,"18-Apr",0,"SPR","resistivity counter"
2002,"19-Apr",0,"SPR","resistivity counter"
2002,"20-Apr",0,"SPR","resistivity counter"
2002,"21-Apr",0,"SPR","resistivity counter"
2002,"22-Apr",2,"SPR","resistivity counter"
2002,"23-Apr",2,"SPR","resistivity counter"
2002,"24-Apr",4,"SPR","resistivity counter"
2002,"25-Apr",6,"SPR","resistivity counter"
2002,"26-Apr",6,"SPR","resistivity counter"
2002,"27-Apr",6,"SPR","resistivity counter"
2002,"28-Apr",3,"SPR","resistivity counter"
2002,"29-Apr",13,"SPR","resistivity counter"
2002,"30-Apr",23,"SPR","resistivity counter"
2002,"1-May",11,"SPR","resistivity counter"
2002,"2-May",15,"SPR","resistivity counter"
2002,"3-May",22,"SPR","resistivity counter"
2002,"4-May",32,"SPR","resistivity counter"
2002,"5-May",45,"SPR","resistivity counter"
2002,"6-May",79,"SPR","resistivity counter"
2002,"7-May",33,"SPR","resistivity counter"
2002,"8-May",47,"SPR","resistivity counter"
2002,"9-May",53,"SPR","resistivity counter"
2002,"10-May",68,"SPR","resistivity counter"
2002,"11-May",77,"SPR","resistivity counter"
2002,"12-May",115,"SPR","resistivity counter"
2002,"13-May",60,"SPR","resistivity counter"
2002,"14-May",123,"SPR","resistivity counter"
2002,"15-May",177,"SPR","resistivity counter"
2002,"16-May",81,"SPR","resistivity counter"
2002,"17-May",56,"SPR","resistivity counter"
2002,"18-May",58,"SPR","resistivity counter"
2002,"19-May",41,"SPR","resistivity counter"
2002,"20-May",45,"SPR","resistivity counter"
2002,"21-May",68,"SPR","resistivity counter"
2002,"22-May",146,"SPR","resistivity counter"
2002,"23-May",287,"SPR","resistivity counter"
2002,"24-May",201,"SPR","resistivity counter"
2002,"25-May",160,"SPR","resistivity counter"
2002,"26-May",137,"SPR","resistivity counter"
2002,"27-May",130,"SPR","resistivity counter"
2002,"28-May",222,"SPR","resistivity counter"
2002,"29-May",266,"SPR","resistivity counter"
2002,"30-May",218,"SPR","resistivity counter"
2002,"31-May",223,"SPR","resistivity counter"
2002,"1-Jun",220,"SPR","resistivity counter"
2002,"2-Jun",516,"SPR","resistivity counter"
2002,"3-Jun",415,"SPR","resistivity counter"
2002,"4-Jun",515,"SPR","resistivity counter"
2002,"5-Jun",305,"SPR","resistivity counter"
2002,"6-Jun",398,"SPR","resistivity counter"
2002,"7-Jun",697,"SPR","resistivity counter"
2002,"8-Jun",764,"SPR","resistivity counter"
2002,"9-Jun",631,"SPR","resistivity counter"
2002,"10-Jun",1450,"SPR","resistivity counter"
2002,"11-Jun",503,"SPR","resistivity counter"
2002,"12-Jun",308,"SPR","resistivity counter"
2002,"13-Jun",637,"SPR","resistivity counter"
2002,"14-Jun",1032,"SPR","resistivity counter"
2002,"15-Jun",279,"SPR","resistivity counter"
2002,"16-Jun",403,"SPR","resistivity counter"
2002,"17-Jun",729,"SPR","resistivity counter"
2002,"18-Jun",485,"SPR","resistivity counter"
2002,"19-Jun",469,"SPR","resistivity counter"
2002,"20-Jun",302,"SPR","resistivity counter"
2002,"21-Jun",515,"SPR","resistivity counter"
2002,"22-Jun",1098,"SPR","resistivity counter"
2002,"23-Jun",269,"SPR","resistivity counter"
2002,"24-Jun",189,"SPR","resistivity counter"
2002,"25-Jun",91,"SPR","resistivity counter"
2002,"26-Jun",73,"SPR","resistivity counter"
2002,"27-Jun",122,"SPR","resistivity counter"
2002,"28-Jun",161,"SPR","resistivity counter"
2002,"29-Jun",350,"SPR","resistivity counter"
2002,"30-Jun",1061,"SPR","resistivity counter"
2002,"1-Jul",780,"SPR","resistivity counter"
2002,"2-Jul",583,"SPR","resistivity counter"
2002,"3-Jul",2240,"SPR","resistivity counter"
2002,"4-Jul",2054,"SPR","resistivity counter"
2002,"5-Jul",1163,"SPR","resistivity counter"
2002,"6-Jul",1290,"SPR","resistivity counter"
2002,"7-Jul",1702,"SPR","resistivity counter"
2002,"8-Jul",1363,"SPR","resistivity counter"
2002,"9-Jul",1634,"SPR","resistivity counter"
2002,"10-Jul",4253,"SPR","resistivity counter"
2002,"11-Jul",8485,"SPR","resistivity counter"
2002,"12-Jul",8505,"SPR","resistivity counter"
2002,"13-Jul",11849,"SPR","resistivity counter"
2002,"14-Jul",10870,"SPR","resistivity counter"
2002,"15-Jul",10312,"SPR","resistivity counter"
2002,"16-Jul",13784,"SPR","resistivity counter"
2002,"17-Jul",11650,"SPR","resistivity counter"
2002,"18-Jul",15375,"SPR","resistivity counter"
2002,"19-Jul",7513,"SPR","resistivity counter"
2002,"20-Jul",5589,"SPR","resistivity counter"
2002,"21-Jul",1891,"SPR","resistivity counter"
2002,"22-Jul",721,"SPR","resistivity counter"
2002,"23-Jul",761,"SPR","resistivity counter"
2002,"24-Jul",416,"SPR","resistivity counter"
2002,"25-Jul",241,"SPR","resistivity counter"
2002,"26-Jul",1343,"SPR","resistivity counter"
2002,"27-Jul",2575,"SPR","resistivity counter"
2002,"28-Jul",4038,"SPR","resistivity counter"
2002,"29-Jul",3336,"SPR","resistivity counter"
2002,"30-Jul",3925,"SPR","resistivity counter"
2002,"31-Jul",6593,"SPR","resistivity counter"
2002,"1-Aug",8378,"SPR","resistivity counter"
2002,"2-Aug",3252,"SPR","resistivity counter"
2002,"3-Aug",3533,"SPR","resistivity counter"
2002,"4-Aug",3430,"SPR","resistivity counter"
2002,"5-Aug",1820,"SPR","resistivity counter"
2002,"6-Aug",2415,"SPR","resistivity counter"
2002,"7-Aug",1139,"SPR","resistivity counter"
2002,"8-Aug",2358,"SPR","resistivity counter"
2002,"9-Aug",2770,"SPR","resistivity counter"
2002,"10-Aug",2260,"SPR","resistivity counter"
2002,"11-Aug",1978,"SPR","resistivity counter"
2002,"12-Aug",1798,"SPR","resistivity counter"
2002,"13-Aug",594,"SPR","resistivity counter"
2002,"14-Aug",737,"SPR","resistivity counter"
2002,"15-Aug",549,"SPR","resistivity counter"
2002,"16-Aug",259,"SPR","resistivity counter"
2002,"17-Aug",297,"SPR","resistivity counter"
2002,"18-Aug",349,"SPR","resistivity counter"
2002,"19-Aug",335,"SPR","resistivity counter"
2002,"20-Aug",192,"SPR","resistivity counter"
2002,"21-Aug",209,"SPR","resistivity counter"
2002,"22-Aug",282,"SPR","resistivity counter"
2002,"23-Aug",291,"SPR","resistivity counter"
2002,"24-Aug",190,"SPR","resistivity counter"
2002,"25-Aug",208,"SPR","resistivity counter"
2002,"26-Aug",156,"SPR","resistivity counter"
2002,"27-Aug",43,"SPR","resistivity counter"
2002,"28-Aug",30,"SPR","resistivity counter"
2002,"29-Aug",49,"SPR","resistivity counter"
2002,"30-Aug",46,"SPR","resistivity counter"
2002,"31-Aug",51,"SPR","resistivity counter"
2002,"1-Sep",37,"SPR","resistivity counter"
2002,"2-Sep",42,"SPR","resistivity counter"
2002,"3-Sep",71,"SPR","resistivity counter"
2002,"4-Sep",148,"SPR","resistivity counter"
2002,"5-Sep",51,"SPR","resistivity counter"
2002,"6-Sep",126,"SPR","resistivity counter"
2002,"7-Sep",90,"SPR","resistivity counter"
2002,"8-Sep",24,"SPR","resistivity counter"
2002,"9-Sep",168,"SPR","resistivity counter"
2002,"10-Sep",100,"SPR","resistivity counter"
2002,"11-Sep",124,"SPR","resistivity counter"
2002,"12-Sep",148,"SPR","resistivity counter"
2002,"13-Sep",72,"SPR","resistivity counter"
2002,"14-Sep",128,"SPR","resistivity counter"
2002,"15-Sep",35,"SPR","resistivity counter"
2002,"16-Sep",212,"SPR","resistivity counter"
2002,"17-Sep",278,"SPR","resistivity counter"
2002,"18-Sep",47,"SPR","resistivity counter"
2002,"19-Sep",86,"SPR","resistivity counter"
2002,"20-Sep",79,"SPR","resistivity counter"
2002,"21-Sep",68,"SPR","resistivity counter"
2002,"22-Sep",88,"SPR","resistivity counter"
2002,"23-Sep",55,"SPR","resistivity counter"
2002,"24-Sep",190,"SPR","resistivity counter"
2002,"25-Sep",113,"SPR","resistivity counter"
2002,"26-Sep",90,"SPR","resistivity counter"
2002,"27-Sep",28,"SPR","resistivity counter"
2002,"28-Sep",183,"SPR","resistivity counter"
2002,"29-Sep",163,"SPR","resistivity counter"
2002,"30-Sep",76,"SPR","resistivity counter"
2002,"1-Oct",111,"SPR","resistivity counter"
2002,"2-Oct",189,"SPR","resistivity counter"
2002,"3-Oct",121,"SPR","resistivity counter"
2002,"4-Oct",1189,"SPR","resistivity counter"
2002,"5-Oct",1320,"SPR","resistivity counter"
2002,"6-Oct",697,"SPR","resistivity counter"
2002,"7-Oct",570,"SPR","resistivity counter"
2002,"8-Oct",646,"SPR","resistivity counter"
2002,"9-Oct",659,"SPR","resistivity counter"
2002,"10-Oct",580,"SPR","resistivity counter"
2002,"11-Oct",328,"SPR","resistivity counter"
2002,"12-Oct",261,"SPR","resistivity counter"
2002,"13-Oct",145,"SPR","resistivity counter"
2002,"14-Oct",165,"SPR","resistivity counter"
2002,"15-Oct",124,"SPR","resistivity counter"
2002,"16-Oct",125,"SPR","resistivity counter"
2002,"17-Oct",115,"SPR","resistivity counter"
2002,"18-Oct",144,"SPR","resistivity counter"
2002,"19-Oct",103,"SPR","resistivity counter"
2002,"20-Oct",140,"SPR","resistivity counter"
2002,"21-Oct",3,"SPR","resistivity counter"
2002,"22-Oct",13,"SPR","resistivity counter"
2002,"23-Oct",18,"SPR","resistivity counter"
2002,"24-Oct",10,"SPR","resistivity counter"
2002,"25-Oct",8,"SPR","resistivity counter"
2002,"26-Oct",9,"SPR","resistivity counter"
2002,"27-Oct",15,"SPR","resistivity counter"
2002,"28-Oct",25,"SPR","resistivity counter"
2002,"29-Oct",36,"SPR","resistivity counter"
2002,"30-Oct",15,"SPR","resistivity counter"
2002,"31-Oct",20,"SPR","resistivity counter"
2002,"1-Nov",13,"SPR","resistivity counter"
2002,"2-Nov",9,"SPR","resistivity counter"
2002,"3-Nov",9,"SPR","resistivity counter"
2002,"4-Nov",11,"SPR","resistivity counter"
2002,"5-Nov",16,"SPR","resistivity counter"
2002,"6-Nov",983,"SPR","resistivity counter"
2002,"7-Nov",910,"SPR","resistivity counter"
2002,"8-Nov",1182,"SPR","resistivity counter"
2002,"9-Nov",852,"SPR","resistivity counter"
2002,"10-Nov",0,"SPR","resistivity counter"
2002,"11-Nov",0,"SPR","resistivity counter"
2002,"12-Nov",0,"SPR","resistivity counter"
2002,"13-Nov",0,"SPR","resistivity counter"
2001,"1-Apr",0,"GCL","resistivity counter"
2001,"2-Apr",0,"GCL","resistivity counter"
2001,"3-Apr",0,"GCL","resistivity counter"
2001,"4-Apr",0,"GCL","resistivity counter"
2001,"5-Apr",0,"GCL","resistivity counter"
2001,"6-Apr",0,"GCL","resistivity counter"
2001,"7-Apr",0,"GCL","resistivity counter"
2001,"8-Apr",0,"GCL","resistivity counter"
2001,"9-Apr",0,"GCL","resistivity counter"
2001,"10-Apr",0,"GCL","resistivity counter"
2001,"11-Apr",0,"GCL","resistivity counter"
2001,"12-Apr",0,"GCL","resistivity counter"
2001,"13-Apr",0,"GCL","resistivity counter"
2001,"14-Apr",0,"GCL","resistivity counter"
2001,"15-Apr",0,"GCL","resistivity counter"
2001,"16-Apr",0,"GCL","resistivity counter"
2001,"17-Apr",0,"GCL","resistivity counter"
2001,"18-Apr",0,"GCL","resistivity counter"
2001,"19-Apr",0,"GCL","resistivity counter"
2001,"20-Apr",0,"GCL","resistivity counter"
2001,"21-Apr",0,"GCL","resistivity counter"
2001,"22-Apr",0,"GCL","resistivity counter"
2001,"23-Apr",0,"GCL","resistivity counter"
2001,"24-Apr",0,"GCL","resistivity counter"
2001,"25-Apr",0,"GCL","resistivity counter"
2001,"26-Apr",0,"GCL","resistivity counter"
2001,"27-Apr",0,"GCL","resistivity counter"
2001,"28-Apr",0,"GCL","resistivity counter"
2001,"29-Apr",0,"GCL","resistivity counter"
2001,"30-Apr",0,"GCL","resistivity counter"
2001,"1-May",0,"GCL","resistivity counter"
2001,"2-May",0,"GCL","resistivity counter"
2001,"3-May",0,"GCL","resistivity counter"
2001,"4-May",0,"GCL","resistivity counter"
2001,"5-May",0,"GCL","resistivity counter"
2001,"6-May",0,"GCL","resistivity counter"
2001,"7-May",0,"GCL","resistivity counter"
2001,"8-May",0,"GCL","resistivity counter"
2001,"9-May",0,"GCL","resistivity counter"
2001,"10-May",0,"GCL","resistivity counter"
2001,"11-May",0,"GCL","resistivity counter"
2001,"12-May",0,"GCL","resistivity counter"
2001,"13-May",0,"GCL","resistivity counter"
2001,"14-May",0,"GCL","resistivity counter"
2001,"15-May",0,"GCL","resistivity counter"
2001,"16-May",0,"GCL","resistivity counter"
2001,"17-May",0,"GCL","resistivity counter"
2001,"18-May",0,"GCL","resistivity counter"
2001,"19-May",0,"GCL","resistivity counter"
2001,"20-May",0,"GCL","resistivity counter"
2001,"21-May",0,"GCL","resistivity counter"
2001,"22-May",0,"GCL","resistivity counter"
2001,"23-May",0,"GCL","resistivity counter"
2001,"24-May",0,"GCL","resistivity counter"
2001,"25-May",0,"GCL","resistivity counter"
2001,"26-May",0,"GCL","resistivity counter"
2001,"27-May",0,"GCL","resistivity counter"
2001,"28-May",0,"GCL","resistivity counter"
2001,"29-May",5,"GCL","resistivity counter"
2001,"30-May",14,"GCL","resistivity counter"
2001,"31-May",35,"GCL","resistivity counter"
2001,"1-Jun",53,"GCL","resistivity counter"
2001,"2-Jun",44,"GCL","resistivity counter"
2001,"2-Jun",38,"GCL","resistivity counter"
2001,"2-Jun",70,"GCL","resistivity counter"
2001,"5-Jun",45,"GCL","resistivity counter"
2001,"6-Jun",142,"GCL","resistivity counter"
2001,"7-Jun",484,"GCL","resistivity counter"
2001,"8-Jun",517,"GCL","resistivity counter"
2001,"9-Jun",328,"GCL","resistivity counter"
2001,"10-Jun",333,"GCL","resistivity counter"
2001,"11-Jun",265,"GCL","resistivity counter"
2001,"12-Jun",638,"GCL","resistivity counter"
2001,"13-Jun",466,"GCL","resistivity counter"
2001,"14-Jun",372,"GCL","resistivity counter"
2001,"15-Jun",411,"GCL","resistivity counter"
2001,"16-Jun",487,"GCL","resistivity counter"
2001,"17-Jun",673,"GCL","resistivity counter"
2001,"18-Jun",727,"GCL","resistivity counter"
2001,"19-Jun",1295,"GCL","resistivity counter"
2001,"20-Jun",994,"GCL","resistivity counter"
2001,"21-Jun",697,"GCL","resistivity counter"
2001,"22-Jun",652,"GCL","resistivity counter"
2001,"23-Jun",482,"GCL","resistivity counter"
2001,"24-Jun",192,"GCL","resistivity counter"
2001,"25-Jun",383,"GCL","resistivity counter"
2001,"26-Jun",214,"GCL","resistivity counter"
2001,"27-Jun",212,"GCL","resistivity counter"
2001,"28-Jun",111,"GCL","resistivity counter"
2001,"29-Jun",147,"GCL","resistivity counter"
2001,"30-Jun",91,"GCL","resistivity counter"
2001,"1-Jul",184,"GCL","resistivity counter"
2001,"2-Jul",467,"GCL","resistivity counter"
2001,"3-Jul",1019,"GCL","resistivity counter"
2001,"4-Jul",1211,"GCL","resistivity counter"
2001,"5-Jul",803,"GCL","resistivity counter"
2001,"6-Jul",445,"GCL","resistivity counter"
2001,"7-Jul",380,"GCL","resistivity counter"
2001,"8-Jul",412,"GCL","resistivity counter"
2001,"9-Jul",369,"GCL","resistivity counter"
2001,"10-Jul",595,"GCL","resistivity counter"
2001,"11-Jul",364,"GCL","resistivity counter"
2001,"12-Jul",412,"GCL","resistivity counter"
2001,"13-Jul",1843.9886575,"GCL","resistivity counter"
2001,"14-Jul",1541.16702,"GCL","resistivity counter"
2001,"15-Jul",4560.284165625,"GCL","resistivity counter"
2001,"16-Jul",11891.1031325,"GCL","resistivity counter"
2001,"17-Jul",14798.46487925,"GCL","resistivity counter"
2001,"18-Jul",25136,"GCL","resistivity counter"
2001,"19-Jul",31988,"GCL","resistivity counter"
2001,"20-Jul",13844,"GCL","resistivity counter"
2001,"21-Jul",19101,"GCL","resistivity counter"
2001,"22-Jul",16672,"GCL","resistivity counter"
2001,"23-Jul",11447,"GCL","resistivity counter"
2001,"24-Jul",5824,"GCL","resistivity counter"
2001,"25-Jul",5398,"GCL","resistivity counter"
2001,"26-Jul",3913,"GCL","resistivity counter"
2001,"27-Jul",1629,"GCL","resistivity counter"
2001,"28-Jul",891,"GCL","resistivity counter"
2001,"29-Jul",1518,"GCL","resistivity counter"
2001,"30-Jul",3608,"GCL","resistivity counter"
2001,"31-Jul",1111,"GCL","resistivity counter"
2001,"1-Aug",2006,"GCL","resistivity counter"
2001,"2-Aug",2238,"GCL","resistivity counter"
2001,"3-Aug",7951,"GCL","resistivity counter"
2001,"4-Aug",1558,"GCL","resistivity counter"
2001,"5-Aug",6523,"GCL","resistivity counter"
2001,"6-Aug",12881,"GCL","resistivity counter"
2001,"7-Aug",3438,"GCL","resistivity counter"
2001,"8-Aug",3258,"GCL","resistivity counter"
2001,"9-Aug",3572,"GCL","resistivity counter"
2001,"10-Aug",4090,"GCL","resistivity counter"
2001,"11-Aug",2225,"GCL","resistivity counter"
2001,"12-Aug",4250,"GCL","resistivity counter"
2001,"13-Aug",713,"GCL","resistivity counter"
2001,"14-Aug",4652,"GCL","resistivity counter"
2001,"15-Aug",588,"GCL","resistivity counter"
2001,"16-Aug",1997,"GCL","resistivity counter"
2001,"17-Aug",5632,"GCL","resistivity counter"
2001,"18-Aug",655,"GCL","resistivity counter"
2001,"19-Aug",638,"GCL","resistivity counter"
2001,"20-Aug",503,"GCL","resistivity counter"
2001,"21-Aug",1046,"GCL","resistivity counter"
2001,"22-Aug",17690,"GCL","resistivity counter"
2001,"23-Aug",2781,"GCL","resistivity counter"
2001,"24-Aug",3003,"GCL","resistivity counter"
2001,"25-Aug",1362,"GCL","resistivity counter"
2001,"26-Aug",1261,"GCL","resistivity counter"
2001,"27-Aug",4011,"GCL","resistivity counter"
2001,"28-Aug",5754,"GCL","resistivity counter"
2001,"29-Aug",5400,"GCL","resistivity counter"
2001,"30-Aug",5078,"GCL","resistivity counter"
2001,"31-Aug",6712,"GCL","resistivity counter"
2001,"1-Sep",2453,"GCL","resistivity counter"
2001,"2-Sep",973,"GCL","resistivity counter"
2001,"3-Sep",2272,"GCL","resistivity counter"
2001,"4-Sep",1048,"GCL","resistivity counter"
2001,"5-Sep",862,"GCL","resistivity counter"
2001,"6-Sep",3017,"GCL","resistivity counter"
2001,"7-Sep",638.109172397719,"GCL","resistivity counter"
2001,"8-Sep",619.230746795645,"GCL","resistivity counter"
2001,"9-Sep",731.108957079051,"GCL","resistivity counter"
2001,"10-Sep",916.499851762354,"GCL","resistivity counter"
2001,"11-Sep",775.537136383453,"GCL","resistivity counter"
2001,"12-Sep",918.928844154681,"GCL","resistivity counter"
2001,"13-Sep",739.675419154941,"GCL","resistivity counter"
2001,"14-Sep",803.178352764004,"GCL","resistivity counter"
2001,"15-Sep",843.858486180422,"GCL","resistivity counter"
2001,"16-Sep",1508.17894947611,"GCL","resistivity counter"
2001,"17-Sep",3426.22364910286,"GCL","resistivity counter"
2001,"18-Sep",4531.83815695336,"GCL","resistivity counter"
2001,"19-Sep",4458.4426715949,"GCL","resistivity counter"
2001,"20-Sep",2840.43579698589,"GCL","resistivity counter"
2001,"21-Sep",4268.89940085872,"GCL","resistivity counter"
2001,"22-Sep",4977.35104931711,"GCL","resistivity counter"
2001,"23-Sep",5559.99090031354,"GCL","resistivity counter"
2001,"24-Sep",5303.33074377729,"GCL","resistivity counter"
2001,"25-Sep",5239.6253878716,"GCL","resistivity counter"
2001,"26-Sep",5525.61299314203,"GCL","resistivity counter"
2001,"27-Sep",2380.96960025267,"GCL","resistivity counter"
2001,"28-Sep",2940.56359040953,"GCL","resistivity counter"
2001,"29-Sep",1968.04993237371,"GCL","resistivity counter"
2001,"30-Sep",1580.17202769571,"GCL","resistivity counter"
2001,"1-Oct",1574.70274590129,"GCL","resistivity counter"
2001,"2-Oct",1588.48643949366,"GCL","resistivity counter"
2001,"3-Oct",1195.19868536414,"GCL","resistivity counter"
2001,"4-Oct",1066.40232988494,"GCL","resistivity counter"
2001,"5-Oct",896.352785739268,"GCL","resistivity counter"
2001,"6-Oct",1074.28023688208,"GCL","resistivity counter"
2001,"7-Oct",648.390328615851,"GCL","resistivity counter"
2001,"8-Oct",365.45734824282,"GCL","resistivity counter"
2001,"9-Oct",246.00220532431,"GCL","resistivity counter"
2001,"10-Oct",448.046084168573,"GCL","resistivity counter"
2001,"11-Oct",165.012295228523,"GCL","resistivity counter"
2001,"12-Oct",352.219525117087,"GCL","resistivity counter"
2001,"13-Oct",324.808195786962,"GCL","resistivity counter"
2001,"14-Oct",235.71399465085,"GCL","resistivity counter"
2001,"15-Oct",276.702170153485,"GCL","resistivity counter"
2001,"16-Oct",443.232633433536,"GCL","resistivity counter"
2001,"17-Oct",236.136197520955,"GCL","resistivity counter"
2001,"18-Oct",233.349164707678,"GCL","resistivity counter"
2001,"19-Oct",254.389563714671,"GCL","resistivity counter"
2001,"20-Oct",136.613084781028,"GCL","resistivity counter"
2001,"21-Oct",79.3978515535882,"GCL","resistivity counter"
2001,"22-Oct",117.957207678244,"GCL","resistivity counter"
2001,"23-Oct",484.917285168906,"GCL","resistivity counter"
2001,"24-Oct",835.912248837368,"GCL","resistivity counter"
2001,"25-Oct",450.351420862274,"GCL","resistivity counter"
2001,"26-Oct",174.408120937572,"GCL","resistivity counter"
2001,"27-Oct",1060.06528543165,"GCL","resistivity counter"
2001,"28-Oct",398.213996322083,"GCL","resistivity counter"
2001,"29-Oct",81.0044552450385,"GCL","resistivity counter"
2001,"30-Oct",64.8035641960308,"GCL","resistivity counter"
2001,"31-Oct",738.5151206203,"GCL","resistivity counter"
2001,"1-Apr",0,"SPR","resistivity counter"
2001,"2-Apr",0,"SPR","resistivity counter"
2001,"3-Apr",0,"SPR","resistivity counter"
2001,"4-Apr",0,"SPR","resistivity counter"
2001,"5-Apr",0,"SPR","resistivity counter"
2001,"6-Apr",0,"SPR","resistivity counter"
2001,"7-Apr",0,"SPR","resistivity counter"
2001,"8-Apr",0,"SPR","resistivity counter"
2001,"9-Apr",0,"SPR","resistivity counter"
2001,"10-Apr",0,"SPR","resistivity counter"
2001,"11-Apr",0,"SPR","resistivity counter"
2001,"12-Apr",0,"SPR","resistivity counter"
2001,"13-Apr",0,"SPR","resistivity counter"
2001,"14-Apr",0,"SPR","resistivity counter"
2001,"15-Apr",0,"SPR","resistivity counter"
2001,"16-Apr",0,"SPR","resistivity counter"
2001,"17-Apr",0,"SPR","resistivity counter"
2001,"18-Apr",0,"SPR","resistivity counter"
2001,"19-Apr",0,"SPR","resistivity counter"
2001,"20-Apr",0,"SPR","resistivity counter"
2001,"21-Apr",0,"SPR","resistivity counter"
2001,"22-Apr",0,"SPR","resistivity counter"
2001,"23-Apr",0,"SPR","resistivity counter"
2001,"24-Apr",0,"SPR","resistivity counter"
2001,"25-Apr",0,"SPR","resistivity counter"
2001,"26-Apr",0,"SPR","resistivity counter"
2001,"27-Apr",0,"SPR","resistivity counter"
2001,"28-Apr",0,"SPR","resistivity counter"
2001,"29-Apr",0,"SPR","resistivity counter"
2001,"30-Apr",0,"SPR","resistivity counter"
2001,"1-May",0,"SPR","resistivity counter"
2001,"2-May",0,"SPR","resistivity counter"
2001,"3-May",0,"SPR","resistivity counter"
2001,"4-May",0,"SPR","resistivity counter"
2001,"5-May",0,"SPR","resistivity counter"
2001,"6-May",0,"SPR","resistivity counter"
2001,"7-May",0,"SPR","resistivity counter"
2001,"8-May",0,"SPR","resistivity counter"
2001,"9-May",0,"SPR","resistivity counter"
2001,"10-May",0,"SPR","resistivity counter"
2001,"11-May",0,"SPR","resistivity counter"
2001,"12-May",0,"SPR","resistivity counter"
2001,"13-May",0,"SPR","resistivity counter"
2001,"14-May",7,"SPR","resistivity counter"
2001,"15-May",20,"SPR","resistivity counter"
2001,"16-May",14,"SPR","resistivity counter"
2001,"17-May",15,"SPR","resistivity counter"
2001,"18-May",24,"SPR","resistivity counter"
2001,"19-May",22,"SPR","resistivity counter"
2001,"20-May",4,"SPR","resistivity counter"
2001,"21-May",7,"SPR","resistivity counter"
2001,"22-May",18,"SPR","resistivity counter"
2001,"23-May",30,"SPR","resistivity counter"
2001,"24-May",32,"SPR","resistivity counter"
2001,"25-May",96,"SPR","resistivity counter"
2001,"26-May",184,"SPR","resistivity counter"
2001,"27-May",151,"SPR","resistivity counter"
2001,"28-May",167,"SPR","resistivity counter"
2001,"29-May",84,"SPR","resistivity counter"
2001,"30-May",69,"SPR","resistivity counter"
2001,"31-May",40,"SPR","resistivity counter"
2001,"1-Jun",86,"SPR","resistivity counter"
2001,"2-Jun",343,"SPR","resistivity counter"
2001,"3-Jun",202,"SPR","resistivity counter"
2001,"4-Jun",191,"SPR","resistivity counter"
2001,"5-Jun",712,"SPR","resistivity counter"
2001,"6-Jun",833,"SPR","resistivity counter"
2001,"7-Jun",618,"SPR","resistivity counter"
2001,"8-Jun",784,"SPR","resistivity counter"
2001,"9-Jun",598,"SPR","resistivity counter"
2001,"10-Jun",618,"SPR","resistivity counter"
2001,"11-Jun",514,"SPR","resistivity counter"
2001,"12-Jun",424,"SPR","resistivity counter"
2001,"13-Jun",548,"SPR","resistivity counter"
2001,"14-Jun",529,"SPR","resistivity counter"
2001,"15-Jun",1760,"SPR","resistivity counter"
2001,"16-Jun",1379,"SPR","resistivity counter"
2001,"17-Jun",1017,"SPR","resistivity counter"
2001,"18-Jun",1170,"SPR","resistivity counter"
2001,"19-Jun",1175,"SPR","resistivity counter"
2001,"20-Jun",1720,"SPR","resistivity counter"
2001,"21-Jun",1342,"SPR","resistivity counter"
2001,"22-Jun",1601,"SPR","resistivity counter"
2001,"23-Jun",1134,"SPR","resistivity counter"
2001,"24-Jun",843,"SPR","resistivity counter"
2001,"25-Jun",915,"SPR","resistivity counter"
2001,"26-Jun",1212,"SPR","resistivity counter"
2001,"27-Jun",1272,"SPR","resistivity counter"
2001,"28-Jun",681,"SPR","resistivity counter"
2001,"29-Jun",459,"SPR","resistivity counter"
2001,"30-Jun",821,"SPR","resistivity counter"
2001,"1-Jul",1956,"SPR","resistivity counter"
2001,"2-Jul",1659,"SPR","resistivity counter"
2001,"3-Jul",2750,"SPR","resistivity counter"
2001,"4-Jul",1391,"SPR","resistivity counter"
2001,"5-Jul",1110,"SPR","resistivity counter"
2001,"6-Jul",2654,"SPR","resistivity counter"
2001,"7-Jul",1112,"SPR","resistivity counter"
2001,"8-Jul",1259,"SPR","resistivity counter"
2001,"9-Jul",924,"SPR","resistivity counter"
2001,"10-Jul",729,"SPR","resistivity counter"
2001,"11-Jul",1299,"SPR","resistivity counter"
2001,"12-Jul",6401,"SPR","resistivity counter"
2001,"13-Jul",4815,"SPR","resistivity counter"
2001,"14-Jul",12407,"SPR","resistivity counter"
2001,"15-Jul",17786,"SPR","resistivity counter"
2001,"16-Jul",19322,"SPR","resistivity counter"
2001,"17-Jul",17562,"SPR","resistivity counter"
2001,"18-Jul",15838,"SPR","resistivity counter"
2001,"19-Jul",14642,"SPR","resistivity counter"
2001,"20-Jul",14511,"SPR","resistivity counter"
2001,"21-Jul",9516,"SPR","resistivity counter"
2001,"22-Jul",9382,"SPR","resistivity counter"
2001,"23-Jul",8341,"SPR","resistivity counter"
2001,"24-Jul",2846,"SPR","resistivity counter"
2001,"25-Jul",3968,"SPR","resistivity counter"
2001,"26-Jul",2709,"SPR","resistivity counter"
2001,"27-Jul",2823,"SPR","resistivity counter"
2001,"28-Jul",3887,"SPR","resistivity counter"
2001,"29-Jul",3595,"SPR","resistivity counter"
2001,"30-Jul",3192,"SPR","resistivity counter"
2001,"31-Jul",6899,"SPR","resistivity counter"
2001,"1-Aug",7668,"SPR","resistivity counter"
2001,"2-Aug",14909,"SPR","resistivity counter"
2001,"3-Aug",7881,"SPR","resistivity counter"
2001,"4-Aug",7111,"SPR","resistivity counter"
2001,"5-Aug",6493,"SPR","resistivity counter"
2001,"6-Aug",7760,"SPR","resistivity counter"
2001,"7-Aug",5684,"SPR","resistivity counter"
2001,"8-Aug",6909,"SPR","resistivity counter"
2001,"9-Aug",4228,"SPR","resistivity counter"
2001,"10-Aug",3131,"SPR","resistivity counter"
2001,"11-Aug",2107,"SPR","resistivity counter"
2001,"12-Aug",4525,"SPR","resistivity counter"
2001,"13-Aug",6060,"SPR","resistivity counter"
2001,"14-Aug",4144,"SPR","resistivity counter"
2001,"15-Aug",3796,"SPR","resistivity counter"
2001,"16-Aug",1604,"SPR","resistivity counter"
2001,"17-Aug",1819,"SPR","resistivity counter"
2001,"18-Aug",1098,"SPR","resistivity counter"
2001,"19-Aug",1761,"SPR","resistivity counter"
2001,"20-Aug",1671,"SPR","resistivity counter"
2001,"21-Aug",979,"SPR","resistivity counter"
2001,"22-Aug",1988,"SPR","resistivity counter"
2001,"23-Aug",1124,"SPR","resistivity counter"
2001,"24-Aug",1709,"SPR","resistivity counter"
2001,"25-Aug",1920,"SPR","resistivity counter"
2001,"26-Aug",2534,"SPR","resistivity counter"
2001,"27-Aug",1897,"SPR","resistivity counter"
2001,"28-Aug",1513,"SPR","resistivity counter"
2001,"29-Aug",1448,"SPR","resistivity counter"
2001,"30-Aug",1122,"SPR","resistivity counter"
2001,"31-Aug",820,"SPR","resistivity counter"
2001,"1-Sep",509,"SPR","resistivity counter"
2001,"2-Sep",529,"SPR","resistivity counter"
2001,"3-Sep",458,"SPR","resistivity counter"
2001,"4-Sep",459,"SPR","resistivity counter"
2001,"5-Sep",361,"SPR","resistivity counter"
2001,"6-Sep",335,"SPR","resistivity counter"
2001,"7-Sep",344,"SPR","resistivity counter"
2001,"8-Sep",357,"SPR","resistivity counter"
2001,"9-Sep",447,"SPR","resistivity counter"
2001,"10-Sep",469,"SPR","resistivity counter"
2001,"11-Sep",313,"SPR","resistivity counter"
2001,"12-Sep",359,"SPR","resistivity counter"
2001,"13-Sep",337,"SPR","resistivity counter"
2001,"14-Sep",312,"SPR","resistivity counter"
2001,"15-Sep",232,"SPR","resistivity counter"
2001,"16-Sep",614,"SPR","resistivity counter"
2001,"17-Sep",1091,"SPR","resistivity counter"
2001,"18-Sep",1232,"SPR","resistivity counter"
2001,"19-Sep",1955,"SPR","resistivity counter"
2001,"20-Sep",2120,"SPR","resistivity counter"
2001,"21-Sep",1705,"SPR","resistivity counter"
2001,"22-Sep",1521,"SPR","resistivity counter"
2001,"23-Sep",1388,"SPR","resistivity counter"
2001,"24-Sep",1211,"SPR","resistivity counter"
2001,"25-Sep",1762,"SPR","resistivity counter"
2001,"26-Sep",816,"SPR","resistivity counter"
2001,"27-Sep",812,"SPR","resistivity counter"
2001,"28-Sep",783,"SPR","resistivity counter"
2001,"29-Sep",859,"SPR","resistivity counter"
2001,"30-Sep",655,"SPR","resistivity counter"
2001,"1-Oct",469,"SPR","resistivity counter"
2001,"2-Oct",249,"SPR","resistivity counter"
2001,"3-Oct",33,"SPR","resistivity counter"
2001,"4-Oct",161,"SPR","resistivity counter"
2001,"5-Oct",411,"SPR","resistivity counter"
2001,"6-Oct",249,"SPR","resistivity counter"
2001,"7-Oct",194,"SPR","resistivity counter"
2001,"8-Oct",122,"SPR","resistivity counter"
2001,"9-Oct",86,"SPR","resistivity counter"
2001,"10-Oct",88,"SPR","resistivity counter"
2001,"11-Oct",86,"SPR","resistivity counter"
2001,"12-Oct",84,"SPR","resistivity counter"
2001,"13-Oct",80,"SPR","resistivity counter"
2001,"14-Oct",80,"SPR","resistivity counter"
2001,"15-Oct",76,"SPR","resistivity counter"
2001,"16-Oct",76,"SPR","resistivity counter"
2001,"17-Oct",92,"SPR","resistivity counter"
2001,"18-Oct",62,"SPR","resistivity counter"
2001,"19-Oct",58,"SPR","resistivity counter"
2001,"20-Oct",44,"SPR","resistivity counter"
2001,"21-Oct",32,"SPR","resistivity counter"
2001,"22-Oct",38,"SPR","resistivity counter"
2001,"23-Oct",950,"SPR","resistivity counter"
2001,"24-Oct",480,"SPR","resistivity counter"
2001,"25-Oct",100,"SPR","resistivity counter"
2001,"26-Oct",626,"SPR","resistivity counter"
2001,"27-Oct",416,"SPR","resistivity counter"
2001,"28-Oct",80,"SPR","resistivity counter"
2001,"29-Oct",42,"SPR","resistivity counter"
2001,"30-Oct",24,"SPR","resistivity counter"
2001,"31-Oct",38,"SPR","resistivity counter"
2001,"1-Nov",26,"SPR","resistivity counter"
2001,"2-Nov",30,"SPR","resistivity counter"
2001,"3-Nov",20,"SPR","resistivity counter"
2001,"4-Nov",22,"SPR","resistivity counter"
2001,"5-Nov",48,"SPR","resistivity counter"
2001,"6-Nov",34,"SPR","resistivity counter"
2001,"7-Nov",42,"SPR","resistivity counter"
2001,"8-Nov",28,"SPR","resistivity counter"
2001,"9-Nov",12,"SPR","resistivity counter"
2001,"10-Nov",20,"SPR","resistivity counter"
2001,"11-Nov",16,"SPR","resistivity counter"
2001,"12-Nov",48,"SPR","resistivity counter"
2001,"13-Nov",18,"SPR","resistivity counter"
2000,"31-May",41,"GCL","resistivity counter"
2000,"1-Jun",185,"GCL","resistivity counter"
2000,"2-Jun",251,"GCL","resistivity counter"
2000,"2-Jun",273,"GCL","resistivity counter"
2000,"2-Jun",404,"GCL","resistivity counter"
2000,"5-Jun",541,"GCL","resistivity counter"
2000,"6-Jun",746,"GCL","resistivity counter"
2000,"7-Jun",529,"GCL","resistivity counter"
2000,"8-Jun",459,"GCL","resistivity counter"
2000,"9-Jun",700,"GCL","resistivity counter"
2000,"10-Jun",617,"GCL","resistivity counter"
2000,"11-Jun",337,"GCL","resistivity counter"
2000,"12-Jun",192,"GCL","resistivity counter"
2000,"13-Jun",251,"GCL","resistivity counter"
2000,"14-Jun",237,"GCL","resistivity counter"
2000,"15-Jun",251,"GCL","resistivity counter"
2000,"16-Jun",642,"GCL","resistivity counter"
2000,"17-Jun",1099,"GCL","resistivity counter"
2000,"18-Jun",637,"GCL","resistivity counter"
2000,"19-Jun",446,"GCL","resistivity counter"
2000,"20-Jun",419,"GCL","resistivity counter"
2000,"21-Jun",758,"GCL","resistivity counter"
2000,"22-Jun",1682,"GCL","resistivity counter"
2000,"23-Jun",470,"GCL","resistivity counter"
2000,"24-Jun",552,"GCL","resistivity counter"
2000,"25-Jun",2232,"GCL","resistivity counter"
2000,"26-Jun",1961,"GCL","resistivity counter"
2000,"27-Jun",1750,"GCL","resistivity counter"
2000,"28-Jun",1779,"GCL","resistivity counter"
2000,"29-Jun",1271,"GCL","resistivity counter"
2000,"30-Jun",653,"GCL","resistivity counter"
2000,"1-Jul",741,"GCL","resistivity counter"
2000,"2-Jul",572,"GCL","resistivity counter"
2000,"3-Jul",337,"GCL","resistivity counter"
2000,"4-Jul",249,"GCL","resistivity counter"
2000,"5-Jul",203,"GCL","resistivity counter"
2000,"6-Jul",487,"GCL","resistivity counter"
2000,"7-Jul",1001,"GCL","resistivity counter"
2000,"8-Jul",1709,"GCL","resistivity counter"
2000,"9-Jul",1469,"GCL","resistivity counter"
2000,"10-Jul",2400,"GCL","resistivity counter"
2000,"11-Jul",1658,"GCL","resistivity counter"
2000,"12-Jul",1496,"GCL","resistivity counter"
2000,"13-Jul",1644,"GCL","resistivity counter"
2000,"14-Jul",1725,"GCL","resistivity counter"
2000,"15-Jul",1896,"GCL","resistivity counter"
2000,"16-Jul",1681,"GCL","resistivity counter"
2000,"17-Jul",1939,"GCL","resistivity counter"
2000,"18-Jul",1522,"GCL","resistivity counter"
2000,"19-Jul",585,"GCL","resistivity counter"
2000,"20-Jul",888,"GCL","resistivity counter"
2000,"21-Jul",0,"GCL","resistivity counter"
2000,"22-Jul",3271,"GCL","resistivity counter"
2000,"23-Jul",2121,"GCL","resistivity counter"
2000,"24-Jul",1184,"GCL","resistivity counter"
2000,"25-Jul",1397,"GCL","resistivity counter"
2000,"26-Jul",1660,"GCL","resistivity counter"
2000,"27-Jul",1779,"GCL","resistivity counter"
2000,"28-Jul",794,"GCL","resistivity counter"
2000,"29-Jul",470,"GCL","resistivity counter"
2000,"30-Jul",444,"GCL","resistivity counter"
2000,"31-Jul",616,"GCL","resistivity counter"
2000,"1-Aug",617,"GCL","resistivity counter"
2000,"2-Aug",496,"GCL","resistivity counter"
2000,"3-Aug",268,"GCL","resistivity counter"
2000,"4-Aug",336,"GCL","resistivity counter"
2000,"5-Aug",405,"GCL","resistivity counter"
2000,"6-Aug",354,"GCL","resistivity counter"
2000,"7-Aug",391,"GCL","resistivity counter"
2000,"8-Aug",304,"GCL","resistivity counter"
2000,"9-Aug",488,"GCL","resistivity counter"
2000,"10-Aug",233,"GCL","resistivity counter"
2000,"11-Aug",213,"GCL","resistivity counter"
2000,"12-Aug",275,"GCL","resistivity counter"
2000,"13-Aug",184,"GCL","resistivity counter"
2000,"14-Aug",366,"GCL","resistivity counter"
2000,"15-Aug",446,"GCL","resistivity counter"
2000,"16-Aug",331,"GCL","resistivity counter"
2000,"17-Aug",309,"GCL","resistivity counter"
2000,"18-Aug",330,"GCL","resistivity counter"
2000,"19-Aug",445,"GCL","resistivity counter"
2000,"20-Aug",446,"GCL","resistivity counter"
2000,"21-Aug",470,"GCL","resistivity counter"
2000,"22-Aug",660,"GCL","resistivity counter"
2000,"23-Aug",585,"GCL","resistivity counter"
2000,"24-Aug",357,"GCL","resistivity counter"
2000,"25-Aug",187,"GCL","resistivity counter"
2000,"26-Aug",257,"GCL","resistivity counter"
2000,"27-Aug",159,"GCL","resistivity counter"
2000,"28-Aug",196,"GCL","resistivity counter"
2000,"29-Aug",319,"GCL","resistivity counter"
2000,"30-Aug",191,"GCL","resistivity counter"
2000,"31-Aug",144,"GCL","resistivity counter"
2000,"1-Sep",119,"GCL","resistivity counter"
2000,"2-Sep",101,"GCL","resistivity counter"
2000,"3-Sep",36,"GCL","resistivity counter"
2000,"4-Sep",23,"GCL","resistivity counter"
2000,"5-Sep",0,"GCL","resistivity counter"
2000,"6-Sep",7,"GCL","resistivity counter"
2000,"7-Sep",11,"GCL","resistivity counter"
2000,"8-Sep",25,"GCL","resistivity counter"
2000,"9-Sep",16,"GCL","resistivity counter"
2000,"10-Sep",34,"GCL","resistivity counter"
2000,"11-Sep",43,"GCL","resistivity counter"
2000,"12-Sep",69,"GCL","resistivity counter"
2000,"13-Sep",74,"GCL","resistivity counter"
2000,"14-Sep",8,"GCL","resistivity counter"
2000,"15-Sep",6,"GCL","resistivity counter"
2000,"16-Sep",4,"GCL","resistivity counter"
2000,"17-Sep",3,"GCL","resistivity counter"
2000,"18-Sep",8,"GCL","resistivity counter"
2000,"19-Sep",9,"GCL","resistivity counter"
2000,"20-Sep",1,"GCL","resistivity counter"
2000,"21-Sep",17,"GCL","resistivity counter"
2000,"22-Sep",18,"GCL","resistivity counter"
2000,"23-Sep",2,"GCL","resistivity counter"
2000,"24-Sep",0,"GCL","resistivity counter"
2000,"25-Sep",2,"GCL","resistivity counter"
2000,"26-Sep",1,"GCL","resistivity counter"
2000,"27-Sep",0,"GCL","resistivity counter"
2000,"28-Sep",1,"GCL","resistivity counter"
2000,"29-Sep",0,"GCL","resistivity counter"
2000,"30-Sep",1,"GCL","resistivity counter"
2000,"1-Oct",1,"GCL","resistivity counter"
2000,"2-Oct",0,"GCL","resistivity counter"
2000,"3-Oct",1,"GCL","resistivity counter"
2000,"4-Oct",0,"GCL","resistivity counter"
2000,"5-Oct",0,"GCL","resistivity counter"
2000,"6-Oct",0,"GCL","resistivity counter"
2000,"7-Oct",1,"GCL","resistivity counter"
2000,"8-Oct",0,"GCL","resistivity counter"
2000,"9-Oct",0,"GCL","resistivity counter"
2000,"10-Oct",1,"GCL","resistivity counter"
2000,"11-Oct",0,"GCL","resistivity counter"
2000,"12-Oct",0,"GCL","resistivity counter"
2000,"13-Oct",0,"GCL","resistivity counter"
2000,"14-Oct",2,"GCL","resistivity counter"
2000,"15-Oct",2,"GCL","resistivity counter"
2000,"16-Oct",0,"GCL","resistivity counter"
2000,"17-Oct",0,"GCL","resistivity counter"
2000,"18-Oct",0,"GCL","resistivity counter"
2000,"19-Oct",0,"GCL","resistivity counter"
2000,"20-Oct",2,"GCL","resistivity counter"
2000,"21-Oct",10,"GCL","resistivity counter"
2000,"22-Oct",0,"GCL","resistivity counter"
2000,"23-Oct",0,"GCL","resistivity counter"
2000,"24-Oct",0,"GCL","resistivity counter"
2000,"25-Oct",1,"GCL","resistivity counter"
2000,"26-Oct",1,"GCL","resistivity counter"
2000,"27-Oct",1,"GCL","resistivity counter"
2000,"28-Oct",2,"GCL","resistivity counter"
2000,"29-Oct",0,"GCL","resistivity counter"
2000,"30-Oct",0,"GCL","resistivity counter"
2000,"31-Oct",0,"GCL","resistivity counter"
2000,"1-Nov",1,"GCL","resistivity counter"
2000,"26-May",247,"SPR","resistivity counter"
2000,"27-May",224,"SPR","resistivity counter"
2000,"28-May",648,"SPR","resistivity counter"
2000,"29-May",410,"SPR","resistivity counter"
2000,"30-May",508,"SPR","resistivity counter"
2000,"31-May",312,"SPR","resistivity counter"
2000,"1-Jun",276,"SPR","resistivity counter"
2000,"2-Jun",270,"SPR","resistivity counter"
2000,"3-Jun",263,"SPR","resistivity counter"
2000,"4-Jun",258,"SPR","resistivity counter"
2000,"5-Jun",988,"SPR","resistivity counter"
2000,"6-Jun",760,"SPR","resistivity counter"
2000,"7-Jun",679,"SPR","resistivity counter"
2000,"8-Jun",717,"SPR","resistivity counter"
2000,"9-Jun",1016,"SPR","resistivity counter"
2000,"10-Jun",1145,"SPR","resistivity counter"
2000,"11-Jun",923,"SPR","resistivity counter"
2000,"12-Jun",573,"SPR","resistivity counter"
2000,"13-Jun",359,"SPR","resistivity counter"
2000,"14-Jun",158,"SPR","resistivity counter"
2000,"15-Jun",215,"SPR","resistivity counter"
2000,"16-Jun",307,"SPR","resistivity counter"
2000,"17-Jun",855,"SPR","resistivity counter"
2000,"18-Jun",1523,"SPR","resistivity counter"
2000,"19-Jun",736,"SPR","resistivity counter"
2000,"20-Jun",379,"SPR","resistivity counter"
2000,"21-Jun",3501,"SPR","resistivity counter"
2000,"22-Jun",1882,"SPR","resistivity counter"
2000,"23-Jun",2514,"SPR","resistivity counter"
2000,"24-Jun",1724,"SPR","resistivity counter"
2000,"25-Jun",2929,"SPR","resistivity counter"
2000,"26-Jun",2979,"SPR","resistivity counter"
2000,"27-Jun",2442,"SPR","resistivity counter"
2000,"28-Jun",1270,"SPR","resistivity counter"
2000,"29-Jun",831,"SPR","resistivity counter"
2000,"30-Jun",1412,"SPR","resistivity counter"
2000,"1-Jul",1018,"SPR","resistivity counter"
2000,"2-Jul",506,"SPR","resistivity counter"
2000,"3-Jul",680,"SPR","resistivity counter"
2000,"4-Jul",1945,"SPR","resistivity counter"
2000,"5-Jul",3026,"SPR","resistivity counter"
2000,"6-Jul",4434,"SPR","resistivity counter"
2000,"7-Jul",4354,"SPR","resistivity counter"
2000,"8-Jul",4478,"SPR","resistivity counter"
2000,"9-Jul",5179,"SPR","resistivity counter"
2000,"10-Jul",4107,"SPR","resistivity counter"
2000,"11-Jul",2671,"SPR","resistivity counter"
2000,"12-Jul",4289,"SPR","resistivity counter"
2000,"13-Jul",5422,"SPR","resistivity counter"
2000,"14-Jul",2750,"SPR","resistivity counter"
2000,"15-Jul",5528,"SPR","resistivity counter"
2000,"16-Jul",5066,"SPR","resistivity counter"
2000,"17-Jul",2164,"SPR","resistivity counter"
2000,"18-Jul",1434,"SPR","resistivity counter"
2000,"19-Jul",1402,"SPR","resistivity counter"
2000,"20-Jul",3030,"SPR","resistivity counter"
2000,"21-Jul",1312,"SPR","resistivity counter"
2000,"22-Jul",1167,"SPR","resistivity counter"
2000,"23-Jul",718,"SPR","resistivity counter"
2000,"24-Jul",1396,"SPR","resistivity counter"
2000,"25-Jul",1524,"SPR","resistivity counter"
2000,"26-Jul",1034,"SPR","resistivity counter"
2000,"27-Jul",602,"SPR","resistivity counter"
2000,"28-Jul",642,"SPR","resistivity counter"
2000,"29-Jul",1005,"SPR","resistivity counter"
2000,"30-Jul",1458,"SPR","resistivity counter"
2000,"31-Jul",1529,"SPR","resistivity counter"
2000,"1-Aug",800,"SPR","resistivity counter"
2000,"2-Aug",589,"SPR","resistivity counter"
2000,"3-Aug",606,"SPR","resistivity counter"
2000,"4-Aug",531,"SPR","resistivity counter"
2000,"5-Aug",392,"SPR","resistivity counter"
2000,"6-Aug",407,"SPR","resistivity counter"
2000,"7-Aug",347,"SPR","resistivity counter"
2000,"8-Aug",279,"SPR","resistivity counter"
2000,"9-Aug",170,"SPR","resistivity counter"
2000,"10-Aug",220,"SPR","resistivity counter"
2000,"11-Aug",271,"SPR","resistivity counter"
2000,"12-Aug",578,"SPR","resistivity counter"
2000,"13-Aug",618,"SPR","resistivity counter"
2000,"14-Aug",1225,"SPR","resistivity counter"
2000,"15-Aug",1253,"SPR","resistivity counter"
2000,"16-Aug",276,"SPR","resistivity counter"
2000,"17-Aug",84,"SPR","resistivity counter"
2000,"18-Aug",668,"SPR","resistivity counter"
2000,"19-Aug",559,"SPR","resistivity counter"
2000,"20-Aug",695,"SPR","resistivity counter"
2000,"21-Aug",824,"SPR","resistivity counter"
2000,"22-Aug",461,"SPR","resistivity counter"
2000,"23-Aug",320,"SPR","resistivity counter"
2000,"24-Aug",342,"SPR","resistivity counter"
2000,"25-Aug",107,"SPR","resistivity counter"
2000,"26-Aug",53,"SPR","resistivity counter"
2000,"27-Aug",5,"SPR","resistivity counter"
2000,"28-Aug",0,"SPR","resistivity counter"
2000,"29-Aug",125,"SPR","resistivity counter"
2000,"30-Aug",99,"SPR","resistivity counter"
2000,"31-Aug",78,"SPR","resistivity counter"
2000,"1-Sep",116,"SPR","resistivity counter"
2000,"2-Sep",110,"SPR","resistivity counter"
2000,"3-Sep",57,"SPR","resistivity counter"
2000,"4-Sep",82,"SPR","resistivity counter"
2000,"5-Sep",80,"SPR","resistivity counter"
2000,"6-Sep",70,"SPR","resistivity counter"
2000,"7-Sep",63,"SPR","resistivity counter"
2000,"8-Sep",81,"SPR","resistivity counter"
2000,"9-Sep",14,"SPR","resistivity counter"
2000,"10-Sep",76,"SPR","resistivity counter"
2000,"11-Sep",6,"SPR","resistivity counter"
2000,"12-Sep",0,"SPR","resistivity counter"
2000,"13-Sep",4,"SPR","resistivity counter"
2000,"14-Sep",12,"SPR","resistivity counter"
2000,"15-Sep",15,"SPR","resistivity counter"
2000,"16-Sep",11,"SPR","resistivity counter"
2000,"17-Sep",4,"SPR","resistivity counter"
2000,"18-Sep",1,"SPR","resistivity counter"
2000,"19-Sep",0,"SPR","resistivity counter"
2000,"20-Sep",0,"SPR","resistivity counter"
2000,"21-Sep",0,"SPR","resistivity counter"
2000,"22-Sep",22,"SPR","resistivity counter"
2000,"23-Sep",29,"SPR","resistivity counter"
2000,"24-Sep",30,"SPR","resistivity counter"
2000,"25-Sep",37,"SPR","resistivity counter"
2000,"26-Sep",59,"SPR","resistivity counter"
2000,"27-Sep",54,"SPR","resistivity counter"
2000,"28-Sep",44,"SPR","resistivity counter"
2000,"29-Sep",34,"SPR","resistivity counter"
2000,"30-Sep",14,"SPR","resistivity counter"
2000,"1-Oct",32,"SPR","resistivity counter"
2000,"2-Oct",7,"SPR","resistivity counter"
2000,"3-Oct",1,"SPR","resistivity counter"
2000,"4-Oct",0,"SPR","resistivity counter"
2000,"5-Oct",0,"SPR","resistivity counter"
2000,"6-Oct",0,"SPR","resistivity counter"
2000,"7-Oct",0,"SPR","resistivity counter"
2000,"8-Oct",0,"SPR","resistivity counter"
2000,"9-Oct",0,"SPR","resistivity counter"
2000,"10-Oct",0,"SPR","resistivity counter"
2000,"11-Oct",0,"SPR","resistivity counter"
2000,"12-Oct",0,"SPR","resistivity counter"
2000,"13-Oct",0,"SPR","resistivity counter"
2000,"14-Oct",0,"SPR","resistivity counter"
2000,"15-Oct",0,"SPR","resistivity counter"
2000,"16-Oct",20,"SPR","resistivity counter"
2000,"17-Oct",59,"SPR","resistivity counter"
2000,"18-Oct",10,"SPR","resistivity counter"
2000,"19-Oct",0,"SPR","resistivity counter"
2000,"20-Oct",0,"SPR","resistivity counter"
2000,"21-Oct",0,"SPR","resistivity counter"
2000,"22-Oct",0,"SPR","resistivity counter"
2000,"23-Oct",0,"SPR","resistivity counter"
2000,"24-Oct",0,"SPR","resistivity counter"
2000,"25-Oct",0,"SPR","resistivity counter"
2000,"26-Oct",0,"SPR","resistivity counter"
2000,"27-Oct",0,"SPR","resistivity counter"
2000,"28-Oct",0,"SPR","resistivity counter"
2000,"29-Oct",0,"SPR","resistivity counter"
2000,"30-Oct",0,"SPR","resistivity counter"
2000,"31-Oct",0,"SPR","resistivity counter"
1999,"25-May",0,"GCL","resistivity counter"
1999,"26-May",2,"GCL","resistivity counter"
1999,"27-May",2,"GCL","resistivity counter"
1999,"28-May",12,"GCL","resistivity counter"
1999,"29-May",18,"GCL","resistivity counter"
1999,"30-May",19,"GCL","resistivity counter"
1999,"31-May",18,"GCL","resistivity counter"
1999,"1-Jun",20,"GCL","resistivity counter"
1999,"2-Jun",44,"GCL","resistivity counter"
1999,"3-Jun",38,"GCL","resistivity counter"
1999,"4-Jun",41,"GCL","resistivity counter"
1999,"5-Jun",66,"GCL","resistivity counter"
1999,"6-Jun",88,"GCL","resistivity counter"
1999,"7-Jun",70,"GCL","resistivity counter"
1999,"8-Jun",92,"GCL","resistivity counter"
1999,"9-Jun",117.938895676321,"GCL","resistivity counter"
1999,"10-Jun",169.577160248542,"GCL","resistivity counter"
1999,"11-Jun",336.311111111111,"GCL","resistivity counter"
1999,"12-Jun",1000.91256818175,"GCL","resistivity counter"
1999,"13-Jun",1569.3103696626,"GCL","resistivity counter"
1999,"14-Jun",1465.54945760437,"GCL","resistivity counter"
1999,"15-Jun",1293,"GCL","resistivity counter"
1999,"16-Jun",1055.38359938185,"GCL","resistivity counter"
1999,"17-Jun",840.020169957256,"GCL","resistivity counter"
1999,"18-Jun",747.643115942029,"GCL","resistivity counter"
1999,"19-Jun",645.674972059285,"GCL","resistivity counter"
1999,"20-Jun",1285.03445070386,"GCL","resistivity counter"
1999,"21-Jun",1009.98360261002,"GCL","resistivity counter"
1999,"22-Jun",849.900154212081,"GCL","resistivity counter"
1999,"23-Jun",1001.4267946761,"GCL","resistivity counter"
1999,"24-Jun",1532.22012755316,"GCL","resistivity counter"
1999,"25-Jun",5361.77777777778,"GCL","resistivity counter"
1999,"26-Jun",8452.76840842632,"GCL","resistivity counter"
1999,"27-Jun",6456.9437416909,"GCL","resistivity counter"
1999,"28-Jun",4107.68235294118,"GCL","resistivity counter"
1999,"29-Jun",7556.83971664254,"GCL","resistivity counter"
1999,"30-Jun",9261.52022392208,"GCL","resistivity counter"
1999,"1-Jul",8808.7058997688,"GCL","resistivity counter"
1999,"2-Jul",11579.9158552938,"GCL","resistivity counter"
1999,"3-Jul",10293.707030069,"GCL","resistivity counter"
1999,"4-Jul",4192.11357242638,"GCL","resistivity counter"
1999,"5-Jul",10431.6024750405,"GCL","resistivity counter"
1999,"6-Jul",12413.0926892667,"GCL","resistivity counter"
1999,"7-Jul",11855.567649048,"GCL","resistivity counter"
1999,"8-Jul",9204.89789436143,"GCL","resistivity counter"
1999,"9-Jul",9622.3887213506,"GCL","resistivity counter"
1999,"10-Jul",9567.96532480977,"GCL","resistivity counter"
1999,"11-Jul",8596.47336543261,"GCL","resistivity counter"
1999,"12-Jul",7262.33018974065,"GCL","resistivity counter"
1999,"13-Jul",2977.58292517949,"GCL","resistivity counter"
1999,"14-Jul",1547.02999991325,"GCL","resistivity counter"
1999,"15-Jul",1678.56586319275,"GCL","resistivity counter"
1999,"16-Jul",1732.49930421753,"GCL","resistivity counter"
1999,"17-Jul",4187.93856297661,"GCL","resistivity counter"
1999,"18-Jul",2546.51597450177,"GCL","resistivity counter"
1999,"19-Jul",1987.4410521986,"GCL","resistivity counter"
1999,"20-Jul",2930.07572498359,"GCL","resistivity counter"
1999,"21-Jul",1639.5683976832,"GCL","resistivity counter"
1999,"22-Jul",2205.69125128859,"GCL","resistivity counter"
1999,"23-Jul",3255.28345664765,"GCL","resistivity counter"
1999,"24-Jul",1418.94248065368,"GCL","resistivity counter"
1999,"25-Jul",1122.06694788078,"GCL","resistivity counter"
1999,"26-Jul",1593.80391049838,"GCL","resistivity counter"
1999,"27-Jul",1179.7725978455,"GCL","resistivity counter"
1999,"28-Jul",1380.5142837322,"GCL","resistivity counter"
1999,"29-Jul",1298.29348229917,"GCL","resistivity counter"
1999,"30-Jul",544.896535689375,"GCL","resistivity counter"
1999,"31-Jul",588.729787390612,"GCL","resistivity counter"
1999,"1-Aug",438.784282764357,"GCL","resistivity counter"
1999,"2-Aug",269.522721756984,"GCL","resistivity counter"
1999,"3-Aug",415.321624674238,"GCL","resistivity counter"
1999,"4-Aug",405.543475163124,"GCL","resistivity counter"
1999,"5-Aug",486.735294117647,"GCL","resistivity counter"
1999,"6-Aug",342.917647302151,"GCL","resistivity counter"
1999,"7-Aug",230.94411763072,"GCL","resistivity counter"
1999,"8-Aug",144.147058787942,"GCL","resistivity counter"
1999,"9-Aug",193.429411683082,"GCL","resistivity counter"
1999,"10-Aug",169,"GCL","resistivity counter"
1999,"11-Aug",144.37777787447,"GCL","resistivity counter"
1999,"12-Aug",166.222222447395,"GCL","resistivity counter"
1999,"13-Aug",138.233333333333,"GCL","resistivity counter"
1999,"14-Aug",86.775,"GCL","resistivity counter"
1999,"15-Aug",57.0333333563805,"GCL","resistivity counter"
1999,"16-Aug",57.5666666769981,"GCL","resistivity counter"
1999,"17-Aug",65,"GCL","resistivity counter"
1999,"18-Aug",39.41666680336,"GCL","resistivity counter"
1999,"19-Aug",59.1666671180725,"GCL","resistivity counter"
1999,"20-Aug",30.75,"GCL","resistivity counter"
1999,"21-Aug",26.9166664505005,"GCL","resistivity counter"
1999,"22-Aug",26.6666662597656,"GCL","resistivity counter"
1999,"23-Aug",28.875,"GCL","resistivity counter"
1999,"24-Aug",30.416666469574,"GCL","resistivity counter"
1999,"25-Aug",43.1249996423721,"GCL","resistivity counter"
1999,"26-Aug",62,"GCL","resistivity counter"
1999,"27-Aug",39,"GCL","resistivity counter"
1999,"28-Aug",36,"GCL","resistivity counter"
1999,"29-Aug",24,"GCL","resistivity counter"
1999,"30-Aug",47,"GCL","resistivity counter"
1999,"31-Aug",33,"GCL","resistivity counter"
1999,"1-Sep",44,"GCL","resistivity counter"
1999,"2-Sep",37,"GCL","resistivity counter"
1999,"3-Sep",36,"GCL","resistivity counter"
1999,"4-Sep",34,"GCL","resistivity counter"
1999,"5-Sep",42,"GCL","resistivity counter"
1999,"6-Sep",21,"GCL","resistivity counter"
1999,"7-Sep",23,"GCL","resistivity counter"
1999,"8-Sep",15,"GCL","resistivity counter"
1999,"9-Sep",7,"GCL","resistivity counter"
1999,"10-Sep",9,"GCL","resistivity counter"
1999,"11-Sep",7,"GCL","resistivity counter"
1999,"12-Sep",3,"GCL","resistivity counter"
1999,"13-Sep",2,"GCL","resistivity counter"
1999,"14-Sep",6,"GCL","resistivity counter"
1999,"15-Sep",20,"GCL","resistivity counter"
1999,"16-Sep",10,"GCL","resistivity counter"
1999,"17-Sep",0,"GCL","resistivity counter"
1999,"18-Sep",11,"GCL","resistivity counter"
1999,"19-Sep",3,"GCL","resistivity counter"
1999,"20-Sep",1,"GCL","resistivity counter"
1999,"21-Sep",4,"GCL","resistivity counter"
1999,"22-Sep",3,"GCL","resistivity counter"
1999,"23-Sep",3,"GCL","resistivity counter"
1999,"24-Sep",2,"GCL","resistivity counter"
1999,"25-Sep",4,"GCL","resistivity counter"
1999,"26-Sep",13,"GCL","resistivity counter"
1999,"27-Sep",0,"GCL","resistivity counter"
1999,"28-Sep",12,"GCL","resistivity counter"
1999,"29-Sep",8,"GCL","resistivity counter"
1999,"30-Sep",1,"GCL","resistivity counter"
1999,"1-Oct",6,"GCL","resistivity counter"
1999,"2-Oct",2,"GCL","resistivity counter"
1999,"3-Oct",2,"GCL","resistivity counter"
1999,"4-Oct",0,"GCL","resistivity counter"
1999,"5-Oct",0,"GCL","resistivity counter"
1999,"6-Oct",0,"GCL","resistivity counter"
1999,"7-Oct",3,"GCL","resistivity counter"
1999,"8-Oct",0,"GCL","resistivity counter"
1999,"9-Oct",3,"GCL","resistivity counter"
1999,"10-Oct",10,"GCL","resistivity counter"
1999,"11-Oct",1,"GCL","resistivity counter"
1999,"12-Oct",4,"GCL","resistivity counter"
1999,"13-Oct",0,"GCL","resistivity counter"
1999,"14-Oct",0,"GCL","resistivity counter"
1999,"15-Oct",18,"GCL","resistivity counter"
1999,"16-Oct",10,"GCL","resistivity counter"
1999,"17-Oct",1,"GCL","resistivity counter"
1999,"18-Oct",3,"GCL","resistivity counter"
1999,"19-Oct",2,"GCL","resistivity counter"
1999,"20-Oct",2,"GCL","resistivity counter"
1999,"21-Oct",0,"GCL","resistivity counter"
1999,"22-Oct",3,"GCL","resistivity counter"
1999,"23-Oct",1,"GCL","resistivity counter"
1999,"24-Oct",1,"GCL","resistivity counter"
1999,"25-Oct",0,"GCL","resistivity counter"
1999,"26-Oct",0,"GCL","resistivity counter"
1999,"27-Oct",1,"GCL","resistivity counter"
1999,"28-Oct",2,"GCL","resistivity counter"
1999,"29-Oct",0,"GCL","resistivity counter"
1999,"30-Oct",3,"GCL","resistivity counter"
1999,"31-Oct",6,"GCL","resistivity counter"
1999,"1-Nov",1,"GCL","resistivity counter"
1999,"2-Nov",2,"GCL","resistivity counter"
1999,"3-Nov",5,"GCL","resistivity counter"
1999,"4-Nov",4,"GCL","resistivity counter"
1999,"5-Nov",2,"GCL","resistivity counter"
1999,"6-Nov",3,"GCL","resistivity counter"
1999,"24-May",21.3333339691162,"SPR","resistivity counter"
1999,"25-May",133.333337306976,"SPR","resistivity counter"
1999,"26-May",114.666670084,"SPR","resistivity counter"
1999,"27-May",145.333337664604,"SPR","resistivity counter"
1999,"28-May",66.6666686534882,"SPR","resistivity counter"
1999,"29-May",124.000003695488,"SPR","resistivity counter"
1999,"30-May",161.333338141441,"SPR","resistivity counter"
1999,"31-May",240,"SPR","resistivity counter"
1999,"1-Jun",178.5,"SPR","resistivity counter"
1999,"2-Jun",246.70834851265,"SPR","resistivity counter"
1999,"3-Jun",189.354172587395,"SPR","resistivity counter"
1999,"4-Jun",210,"SPR","resistivity counter"
1999,"5-Jun",530.170440435409,"SPR","resistivity counter"
1999,"6-Jun",874.602225065232,"SPR","resistivity counter"
1999,"7-Jun",706.73296713829,"SPR","resistivity counter"
1999,"8-Jun",496.590909090909,"SPR","resistivity counter"
1999,"9-Jun",482.314672231674,"SPR","resistivity counter"
1999,"10-Jun",486.916110992432,"SPR","resistivity counter"
1999,"11-Jun",628.307692307692,"SPR","resistivity counter"
1999,"12-Jun",2428.82930159569,"SPR","resistivity counter"
1999,"13-Jun",4848.42598199844,"SPR","resistivity counter"
1999,"14-Jun",2727.40036439896,"SPR","resistivity counter"
1999,"15-Jun",2562.31839622642,"SPR","resistivity counter"
1999,"16-Jun",1650.69925653934,"SPR","resistivity counter"
1999,"17-Jun",3056.35560888052,"SPR","resistivity counter"
1999,"18-Jun",2865.97435897436,"SPR","resistivity counter"
1999,"19-Jun",3081.39938676357,"SPR","resistivity counter"
1999,"20-Jun",3534.05960583687,"SPR","resistivity counter"
1999,"21-Jun",2816.02577209473,"SPR","resistivity counter"
1999,"22-Jun",2602.42990654206,"SPR","resistivity counter"
1999,"23-Jun",2686.18158638477,"SPR","resistivity counter"
1999,"24-Jun",3001.27447009087,"SPR","resistivity counter"
1999,"25-Jun",4339.27358490566,"SPR","resistivity counter"
1999,"26-Jun",3689.77493047714,"SPR","resistivity counter"
1999,"27-Jun",4582.0481133461,"SPR","resistivity counter"
1999,"28-Jun",3579.09794604778,"SPR","resistivity counter"
1999,"29-Jun",5438.08102345416,"SPR","resistivity counter"
1999,"30-Jun",4138.99125051498,"SPR","resistivity counter"
1999,"1-Jul",4410.692923069,"SPR","resistivity counter"
1999,"2-Jul",7235.22007181126,"SPR","resistivity counter"
1999,"3-Jul",3065.94935815331,"SPR","resistivity counter"
1999,"4-Jul",4531.49522128896,"SPR","resistivity counter"
1999,"5-Jul",4359.61378501003,"SPR","resistivity counter"
1999,"6-Jul",5419.80581551891,"SPR","resistivity counter"
1999,"7-Jul",7002.9852701441,"SPR","resistivity counter"
1999,"8-Jul",4899.49631595611,"SPR","resistivity counter"
1999,"9-Jul",3900.82087628866,"SPR","resistivity counter"
1999,"10-Jul",3742.76088047027,"SPR","resistivity counter"
1999,"11-Jul",3576.98000049591,"SPR","resistivity counter"
1999,"12-Jul",3395.56284022331,"SPR","resistivity counter"
1999,"13-Jul",2405.44760479042,"SPR","resistivity counter"
1999,"14-Jul",2936.06486773491,"SPR","resistivity counter"
1999,"15-Jul",2111.50884056091,"SPR","resistivity counter"
1999,"16-Jul",1605.40298507463,"SPR","resistivity counter"
1999,"17-Jul",1695.43304085732,"SPR","resistivity counter"
1999,"18-Jul",2230.63020539284,"SPR","resistivity counter"
1999,"19-Jul",1930.20016026497,"SPR","resistivity counter"
1999,"20-Jul",2424.51428571429,"SPR","resistivity counter"
1999,"21-Jul",2564.32884263992,"SPR","resistivity counter"
1999,"22-Jul",1618.6709523201,"SPR","resistivity counter"
1999,"23-Jul",1701.85873605948,"SPR","resistivity counter"
1999,"24-Jul",1343.32200586796,"SPR","resistivity counter"
1999,"25-Jul",851.957249641418,"SPR","resistivity counter"
1999,"26-Jul",952.836878061295,"SPR","resistivity counter"
1999,"27-Jul",844.404166666666,"SPR","resistivity counter"
1999,"28-Jul",1175.45004165173,"SPR","resistivity counter"
1999,"29-Jul",1158.55396986008,"SPR","resistivity counter"
1999,"30-Jul",887.285714285714,"SPR","resistivity counter"
1999,"31-Jul",575.146015555153,"SPR","resistivity counter"
1999,"1-Aug",786.64267734916,"SPR","resistivity counter"
1999,"2-Aug",598.691558445462,"SPR","resistivity counter"
1999,"3-Aug",648.459060566909,"SPR","resistivity counter"
1999,"4-Aug",672.314152711715,"SPR","resistivity counter"
1999,"5-Aug",734.761802087029,"SPR","resistivity counter"
1999,"6-Aug",610.748247325025,"SPR","resistivity counter"
1999,"7-Aug",528.345809847604,"SPR","resistivity counter"
1999,"8-Aug",395.547436873491,"SPR","resistivity counter"
1999,"9-Aug",351.191663758929,"SPR","resistivity counter"
1999,"10-Aug",520.444456012494,"SPR","resistivity counter"
1999,"11-Aug",542.279227917527,"SPR","resistivity counter"
1999,"12-Aug",556.681995935833,"SPR","resistivity counter"
1999,"13-Aug",470.913973721591,"SPR","resistivity counter"
1999,"14-Aug",304.115237863006,"SPR","resistivity counter"
1999,"15-Aug",252.849284768032,"SPR","resistivity counter"
1999,"16-Aug",273.04781487046,"SPR","resistivity counter"
1999,"17-Aug",243.364763918252,"SPR","resistivity counter"
1999,"18-Aug",272.449540026578,"SPR","resistivity counter"
1999,"19-Aug",234.422792839705,"SPR","resistivity counter"
1999,"20-Aug",105.9375,"SPR","resistivity counter"
1999,"21-Aug",136.649690366803,"SPR","resistivity counter"
1999,"22-Aug",164.50245006892,"SPR","resistivity counter"
1999,"23-Aug",189.259037426831,"SPR","resistivity counter"
1999,"24-Aug",149.929812232374,"SPR","resistivity counter"
1999,"25-Aug",192.697806499654,"SPR","resistivity counter"
1999,"26-Aug",140.615210581274,"SPR","resistivity counter"
1999,"27-Aug",122.22471046274,"SPR","resistivity counter"
1999,"28-Aug",121.0317238337,"SPR","resistivity counter"
1999,"29-Aug",135.148012513413,"SPR","resistivity counter"
1999,"30-Aug",97.3968253968254,"SPR","resistivity counter"
1999,"31-Aug",110.603177605281,"SPR","resistivity counter"
1999,"1-Sep",167.555560103522,"SPR","resistivity counter"
1999,"2-Sep",122.158733474489,"SPR","resistivity counter"
1999,"3-Sep",132.888892495897,"SPR","resistivity counter"
1999,"4-Sep",138.666670430501,"SPR","resistivity counter"
1999,"5-Sep",134.539686191498,"SPR","resistivity counter"
1999,"6-Sep",87.4920658668639,"SPR","resistivity counter"
1999,"7-Sep",76.7619068454561,"SPR","resistivity counter"
1999,"8-Sep",99.0476217360723,"SPR","resistivity counter"
1999,"9-Sep",109.77778075748,"SPR","resistivity counter"
1999,"10-Sep",86.6666690190633,"SPR","resistivity counter"
1999,"11-Sep",118.857146083287,"SPR","resistivity counter"
1999,"12-Sep",126.285717713492,"SPR","resistivity counter"
1999,"13-Sep",155.174607386513,"SPR","resistivity counter"
1999,"14-Sep",106.476193366278,"SPR","resistivity counter"
1999,"15-Sep",116.380955539885,"SPR","resistivity counter"
1999,"16-Sep",102.349209127275,"SPR","resistivity counter"
1999,"17-Sep",77.5873036932566,"SPR","resistivity counter"
1999,"18-Sep",28.8888896730211,"SPR","resistivity counter"
1999,"19-Sep",25.5873022818187,"SPR","resistivity counter"
1999,"20-Sep",32.5291007584379,"SPR","resistivity counter"
1999,"21-Sep",39.470900784778,"SPR","resistivity counter"
1999,"22-Sep",46.412699636528,"SPR","resistivity counter"
1999,"23-Sep",53.3544981807938,"SPR","resistivity counter"
1999,"24-Sep",60.2962977090093,"SPR","resistivity counter"
1999,"25-Sep",67.2380970404349,"SPR","resistivity counter"
1999,"26-Sep",74.1798963964592,"SPR","resistivity counter"
1999,"27-Sep",81.1216953589036,"SPR","resistivity counter"
1999,"28-Sep",88.0634944689404,"SPR","resistivity counter"
1999,"29-Sep",95.0052933329899,"SPR","resistivity counter"
1999,"30-Sep",101.947092147842,"SPR","resistivity counter"
1999,"1-Oct",0,"SPR","resistivity counter"
1999,"2-Oct",0,"SPR","resistivity counter"
1999,"3-Oct",0,"SPR","resistivity counter"
1999,"4-Oct",0,"SPR","resistivity counter"
1999,"5-Oct",0,"SPR","resistivity counter"
1999,"6-Oct",0,"SPR","resistivity counter"
1999,"7-Oct",0,"SPR","resistivity counter"
1999,"8-Oct",0,"SPR","resistivity counter"
1999,"9-Oct",0,"SPR","resistivity counter"
1999,"10-Oct",0,"SPR","resistivity counter"
1999,"11-Oct",0,"SPR","resistivity counter"
1999,"12-Oct",0,"SPR","resistivity counter"
1999,"13-Oct",0,"SPR","resistivity counter"
1999,"14-Oct",0,"SPR","resistivity counter"
1999,"15-Oct",0,"SPR","resistivity counter"
1999,"16-Oct",0,"SPR","resistivity counter"
1999,"17-Oct",0,"SPR","resistivity counter"
1999,"18-Oct",0,"SPR","resistivity counter"
1999,"19-Oct",0,"SPR","resistivity counter"
1998,"21-May",0,"GCL","resistivity counter"
1998,"22-May",1,"GCL","resistivity counter"
1998,"23-May",12,"GCL","resistivity counter"
1998,"24-May",9,"GCL","resistivity counter"
1998,"25-May",22,"GCL","resistivity counter"
1998,"26-May",13,"GCL","resistivity counter"
1998,"27-May",31,"GCL","resistivity counter"
1998,"28-May",12,"GCL","resistivity counter"
1998,"29-May",11,"GCL","resistivity counter"
1998,"30-May",36,"GCL","resistivity counter"
1998,"31-May",68,"GCL","resistivity counter"
1998,"1-Jun",24,"GCL","resistivity counter"
1998,"2-Jun",68,"GCL","resistivity counter"
1998,"3-Jun",108,"GCL","resistivity counter"
1998,"4-Jun",200,"GCL","resistivity counter"
1998,"5-Jun",101,"GCL","resistivity counter"
1998,"6-Jun",258,"GCL","resistivity counter"
1998,"7-Jun",232,"GCL","resistivity counter"
1998,"8-Jun",473,"GCL","resistivity counter"
1998,"9-Jun",582,"GCL","resistivity counter"
1998,"10-Jun",673,"GCL","resistivity counter"
1998,"11-Jun",677,"GCL","resistivity counter"
1998,"12-Jun",742,"GCL","resistivity counter"
1998,"13-Jun",930,"GCL","resistivity counter"
1998,"14-Jun",1012,"GCL","resistivity counter"
1998,"15-Jun",753,"GCL","resistivity counter"
1998,"16-Jun",679,"GCL","resistivity counter"
1998,"17-Jun",792,"GCL","resistivity counter"
1998,"18-Jun",1611,"GCL","resistivity counter"
1998,"19-Jun",3000,"GCL","resistivity counter"
1998,"20-Jun",2730,"GCL","resistivity counter"
1998,"21-Jun",861,"GCL","resistivity counter"
1998,"22-Jun",4348,"GCL","resistivity counter"
1998,"23-Jun",2451,"GCL","resistivity counter"
1998,"24-Jun",1266,"GCL","resistivity counter"
1998,"25-Jun",1789,"GCL","resistivity counter"
1998,"26-Jun",2807,"GCL","resistivity counter"
1998,"27-Jun",910,"GCL","resistivity counter"
1998,"28-Jun",406,"GCL","resistivity counter"
1998,"29-Jun",2617,"GCL","resistivity counter"
1998,"30-Jun",4537,"GCL","resistivity counter"
1998,"1-Jul",2258,"GCL","resistivity counter"
1998,"2-Jul",1854,"GCL","resistivity counter"
1998,"3-Jul",2138,"GCL","resistivity counter"
1998,"4-Jul",977,"GCL","resistivity counter"
1998,"5-Jul",268,"GCL","resistivity counter"
1998,"6-Jul",231,"GCL","resistivity counter"
1998,"7-Jul",624,"GCL","resistivity counter"
1998,"8-Jul",3778,"GCL","resistivity counter"
1998,"9-Jul",4087,"GCL","resistivity counter"
1998,"10-Jul",3136,"GCL","resistivity counter"
1998,"11-Jul",1422,"GCL","resistivity counter"
1998,"12-Jul",1123,"GCL","resistivity counter"
1998,"13-Jul",1443,"GCL","resistivity counter"
1998,"14-Jul",1355,"GCL","resistivity counter"
1998,"15-Jul",5978,"GCL","resistivity counter"
1998,"16-Jul",18612,"GCL","resistivity counter"
1998,"17-Jul",11271,"GCL","resistivity counter"
1998,"18-Jul",7775,"GCL","resistivity counter"
1998,"19-Jul",7902,"GCL","resistivity counter"
1998,"20-Jul",3771,"GCL","resistivity counter"
1998,"21-Jul",2977,"GCL","resistivity counter"
1998,"22-Jul",2900,"GCL","resistivity counter"
1998,"23-Jul",2198,"GCL","resistivity counter"
1998,"24-Jul",729,"GCL","resistivity counter"
1998,"25-Jul",250,"GCL","resistivity counter"
1998,"26-Jul",936,"GCL","resistivity counter"
1998,"27-Jul",1037,"GCL","resistivity counter"
1998,"28-Jul",231,"GCL","resistivity counter"
1998,"29-Jul",203,"GCL","resistivity counter"
1998,"30-Jul",233,"GCL","resistivity counter"
1998,"31-Jul",329,"GCL","resistivity counter"
1998,"1-Aug",168,"GCL","resistivity counter"
1998,"2-Aug",335,"GCL","resistivity counter"
1998,"3-Aug",363,"GCL","resistivity counter"
1998,"4-Aug",250,"GCL","resistivity counter"
1998,"5-Aug",236,"GCL","resistivity counter"
1998,"6-Aug",290,"GCL","resistivity counter"
1998,"7-Aug",1022,"GCL","resistivity counter"
1998,"8-Aug",1666,"GCL","resistivity counter"
1998,"9-Aug",2596,"GCL","resistivity counter"
1998,"10-Aug",2473,"GCL","resistivity counter"
1998,"11-Aug",2556,"GCL","resistivity counter"
1998,"12-Aug",1311,"GCL","resistivity counter"
1998,"13-Aug",2178,"GCL","resistivity counter"
1998,"14-Aug",814,"GCL","resistivity counter"
1998,"15-Aug",613,"GCL","resistivity counter"
1998,"16-Aug",489,"GCL","resistivity counter"
1998,"17-Aug",1040,"GCL","resistivity counter"
1998,"18-Aug",2553,"GCL","resistivity counter"
1998,"19-Aug",2474,"GCL","resistivity counter"
1998,"20-Aug",2403,"GCL","resistivity counter"
1998,"21-Aug",1326,"GCL","resistivity counter"
1998,"22-Aug",2969,"GCL","resistivity counter"
1998,"23-Aug",1448,"GCL","resistivity counter"
1998,"24-Aug",1739,"GCL","resistivity counter"
1998,"25-Aug",867,"GCL","resistivity counter"
1998,"26-Aug",3470,"GCL","resistivity counter"
1998,"27-Aug",1351,"GCL","resistivity counter"
1998,"28-Aug",2103,"GCL","resistivity counter"
1998,"29-Aug",1689,"GCL","resistivity counter"
1998,"30-Aug",1223,"GCL","resistivity counter"
1998,"31-Aug",1683,"GCL","resistivity counter"
1998,"1-Sep",734,"GCL","resistivity counter"
1998,"2-Sep",3666,"GCL","resistivity counter"
1998,"3-Sep",1219,"GCL","resistivity counter"
1998,"4-Sep",1392,"GCL","resistivity counter"
1998,"5-Sep",1148,"GCL","resistivity counter"
1998,"6-Sep",1078,"GCL","resistivity counter"
1998,"7-Sep",2394,"GCL","resistivity counter"
1998,"8-Sep",1508,"GCL","resistivity counter"
1998,"9-Sep",1459,"GCL","resistivity counter"
1998,"10-Sep",2209,"GCL","resistivity counter"
1998,"11-Sep",927,"GCL","resistivity counter"
1998,"12-Sep",3372,"GCL","resistivity counter"
1998,"13-Sep",4443,"GCL","resistivity counter"
1998,"14-Sep",3343,"GCL","resistivity counter"
1998,"15-Sep",3984,"GCL","resistivity counter"
1998,"16-Sep",2772,"GCL","resistivity counter"
1998,"17-Sep",2939,"GCL","resistivity counter"
1998,"18-Sep",2858,"GCL","resistivity counter"
1998,"19-Sep",2546,"GCL","resistivity counter"
1998,"20-Sep",1612,"GCL","resistivity counter"
1998,"21-Sep",1710,"GCL","resistivity counter"
1998,"22-Sep",1340,"GCL","resistivity counter"
1998,"23-Sep",1235,"GCL","resistivity counter"
1998,"24-Sep",1765,"GCL","resistivity counter"
1998,"25-Sep",1879,"GCL","resistivity counter"
1998,"26-Sep",1756,"GCL","resistivity counter"
1998,"27-Sep",2293,"GCL","resistivity counter"
1998,"28-Sep",2435,"GCL","resistivity counter"
1998,"29-Sep",2592,"GCL","resistivity counter"
1998,"30-Sep",3011,"GCL","resistivity counter"
1998,"1-Oct",3008,"GCL","resistivity counter"
1998,"2-Oct",2212,"GCL","resistivity counter"
1998,"3-Oct",2041,"GCL","resistivity counter"
1998,"4-Oct",1982,"GCL","resistivity counter"
1998,"5-Oct",2101,"GCL","resistivity counter"
1998,"6-Oct",2009,"GCL","resistivity counter"
1998,"7-Oct",1712,"GCL","resistivity counter"
1998,"8-Oct",1496,"GCL","resistivity counter"
1998,"9-Oct",1630,"GCL","resistivity counter"
1998,"10-Oct",1223,"GCL","resistivity counter"
1998,"11-Oct",1008,"GCL","resistivity counter"
1998,"12-Oct",1244,"GCL","resistivity counter"
1998,"13-Oct",2177,"GCL","resistivity counter"
1998,"14-Oct",1315,"GCL","resistivity counter"
1998,"15-Oct",829,"GCL","resistivity counter"
1998,"16-Oct",939,"GCL","resistivity counter"
1998,"17-Oct",1240,"GCL","resistivity counter"
1998,"18-Oct",936,"GCL","resistivity counter"
1998,"19-Oct",528,"GCL","resistivity counter"
1998,"20-Oct",486,"GCL","resistivity counter"
1998,"21-Oct",472,"GCL","resistivity counter"
1998,"22-Oct",301,"GCL","resistivity counter"
1998,"23-Oct",271,"GCL","resistivity counter"
1998,"24-Oct",257,"GCL","resistivity counter"
1998,"25-Oct",196,"GCL","resistivity counter"
1998,"26-Oct",142,"GCL","resistivity counter"
1998,"27-Oct",262,"GCL","resistivity counter"
1998,"28-Oct",171,"GCL","resistivity counter"
1998,"29-Oct",146,"GCL","resistivity counter"
1998,"30-Oct",108,"GCL","resistivity counter"
1998,"31-Oct",61,"GCL","resistivity counter"
1998,"1-Nov",52,"GCL","resistivity counter"
1998,"2-Nov",82,"GCL","resistivity counter"
1998,"3-Nov",43,"GCL","resistivity counter"
1998,"4-Nov",39,"GCL","resistivity counter"
1998,"5-Nov",19,"GCL","resistivity counter"
1998,"6-Nov",27,"GCL","resistivity counter"
1998,"7-Nov",14,"GCL","resistivity counter"
1998,"8-Nov",17,"GCL","resistivity counter"
1998,"9-Nov",14,"GCL","resistivity counter"
1998,"10-Nov",8,"GCL","resistivity counter"
1998,"11-Nov",0,"GCL","resistivity counter"
1998,"12-Nov",0,"GCL","resistivity counter"
1998,"14-May",0,"SPR","resistivity counter"
1998,"15-May",20,"SPR","resistivity counter"
1998,"16-May",39,"SPR","resistivity counter"
1998,"17-May",25,"SPR","resistivity counter"
1998,"18-May",24,"SPR","resistivity counter"
1998,"19-May",46,"SPR","resistivity counter"
1998,"20-May",38,"SPR","resistivity counter"
1998,"21-May",33,"SPR","resistivity counter"
1998,"22-May",28,"SPR","resistivity counter"
1998,"23-May",23,"SPR","resistivity counter"
1998,"24-May",17,"SPR","resistivity counter"
1998,"25-May",101,"SPR","resistivity counter"
1998,"26-May",128,"SPR","resistivity counter"
1998,"27-May",164,"SPR","resistivity counter"
1998,"28-May",68,"SPR","resistivity counter"
1998,"29-May",63,"SPR","resistivity counter"
1998,"30-May",249,"SPR","resistivity counter"
1998,"31-May",389,"SPR","resistivity counter"
1998,"1-Jun",396,"SPR","resistivity counter"
1998,"2-Jun",168,"SPR","resistivity counter"
1998,"3-Jun",138,"SPR","resistivity counter"
1998,"4-Jun",202,"SPR","resistivity counter"
1998,"5-Jun",1502,"SPR","resistivity counter"
1998,"6-Jun",1097,"SPR","resistivity counter"
1998,"7-Jun",843,"SPR","resistivity counter"
1998,"8-Jun",404,"SPR","resistivity counter"
1998,"9-Jun",418,"SPR","resistivity counter"
1998,"10-Jun",399,"SPR","resistivity counter"
1998,"11-Jun",445,"SPR","resistivity counter"
1998,"12-Jun",590,"SPR","resistivity counter"
1998,"13-Jun",378,"SPR","resistivity counter"
1998,"14-Jun",494,"SPR","resistivity counter"
1998,"15-Jun",355,"SPR","resistivity counter"
1998,"16-Jun",700,"SPR","resistivity counter"
1998,"17-Jun",2224,"SPR","resistivity counter"
1998,"18-Jun",2396,"SPR","resistivity counter"
1998,"19-Jun",883,"SPR","resistivity counter"
1998,"20-Jun",1687,"SPR","resistivity counter"
1998,"21-Jun",2801,"SPR","resistivity counter"
1998,"22-Jun",1303,"SPR","resistivity counter"
1998,"23-Jun",1101,"SPR","resistivity counter"
1998,"24-Jun",1593,"SPR","resistivity counter"
1998,"25-Jun",1979,"SPR","resistivity counter"
1998,"26-Jun",803,"SPR","resistivity counter"
1998,"27-Jun",1075,"SPR","resistivity counter"
1998,"28-Jun",3594,"SPR","resistivity counter"
1998,"29-Jun",3762,"SPR","resistivity counter"
1998,"30-Jun",3718,"SPR","resistivity counter"
1998,"1-Jul",3003,"SPR","resistivity counter"
1998,"2-Jul",4071,"SPR","resistivity counter"
1998,"3-Jul",1206,"SPR","resistivity counter"
1998,"4-Jul",688,"SPR","resistivity counter"
1998,"5-Jul",752,"SPR","resistivity counter"
1998,"6-Jul",2011,"SPR","resistivity counter"
1998,"7-Jul",7012,"SPR","resistivity counter"
1998,"8-Jul",7585,"SPR","resistivity counter"
1998,"9-Jul",1507,"SPR","resistivity counter"
1998,"10-Jul",1109,"SPR","resistivity counter"
1998,"11-Jul",758,"SPR","resistivity counter"
1998,"12-Jul",2064,"SPR","resistivity counter"
1998,"13-Jul",2784,"SPR","resistivity counter"
1998,"14-Jul",7531,"SPR","resistivity counter"
1998,"15-Jul",10342,"SPR","resistivity counter"
1998,"16-Jul",11424,"SPR","resistivity counter"
1998,"17-Jul",8240,"SPR","resistivity counter"
1998,"18-Jul",8157,"SPR","resistivity counter"
1998,"19-Jul",4582,"SPR","resistivity counter"
1998,"20-Jul",4549,"SPR","resistivity counter"
1998,"21-Jul",4222,"SPR","resistivity counter"
1998,"22-Jul",1469,"SPR","resistivity counter"
1998,"23-Jul",282,"SPR","resistivity counter"
1998,"24-Jul",231,"SPR","resistivity counter"
1998,"25-Jul",2197,"SPR","resistivity counter"
1998,"26-Jul",1512,"SPR","resistivity counter"
1998,"27-Jul",277,"SPR","resistivity counter"
1998,"28-Jul",39,"SPR","resistivity counter"
1998,"29-Jul",2,"SPR","resistivity counter"
1998,"30-Jul",37,"SPR","resistivity counter"
1998,"31-Jul",134,"SPR","resistivity counter"
1998,"1-Aug",413,"SPR","resistivity counter"
1998,"2-Aug",688,"SPR","resistivity counter"
1998,"3-Aug",385,"SPR","resistivity counter"
1998,"4-Aug",188,"SPR","resistivity counter"
1998,"5-Aug",405,"SPR","resistivity counter"
1998,"6-Aug",3062,"SPR","resistivity counter"
1998,"7-Aug",5973,"SPR","resistivity counter"
1998,"8-Aug",6259,"SPR","resistivity counter"
1998,"9-Aug",8313,"SPR","resistivity counter"
1998,"10-Aug",4894,"SPR","resistivity counter"
1998,"11-Aug",4178,"SPR","resistivity counter"
1998,"12-Aug",2568,"SPR","resistivity counter"
1998,"13-Aug",2628,"SPR","resistivity counter"
1998,"14-Aug",935,"SPR","resistivity counter"
1998,"15-Aug",546,"SPR","resistivity counter"
1998,"16-Aug",278,"SPR","resistivity counter"
1998,"17-Aug",1934,"SPR","resistivity counter"
1998,"18-Aug",6699,"SPR","resistivity counter"
1998,"19-Aug",4374,"SPR","resistivity counter"
1998,"20-Aug",7220,"SPR","resistivity counter"
1998,"21-Aug",2360,"SPR","resistivity counter"
1998,"22-Aug",3009,"SPR","resistivity counter"
1998,"23-Aug",771,"SPR","resistivity counter"
1998,"24-Aug",4512,"SPR","resistivity counter"
1998,"25-Aug",1801,"SPR","resistivity counter"
1998,"26-Aug",2033,"SPR","resistivity counter"
1998,"27-Aug",1842,"SPR","resistivity counter"
1998,"28-Aug",2255,"SPR","resistivity counter"
1998,"29-Aug",2048,"SPR","resistivity counter"
1998,"30-Aug",1244,"SPR","resistivity counter"
1998,"31-Aug",773,"SPR","resistivity counter"
1998,"1-Sep",230,"SPR","resistivity counter"
1998,"2-Sep",211,"SPR","resistivity counter"
1998,"3-Sep",574,"SPR","resistivity counter"
1998,"4-Sep",250,"SPR","resistivity counter"
1998,"5-Sep",859,"SPR","resistivity counter"
1998,"6-Sep",675,"SPR","resistivity counter"
1998,"7-Sep",269,"SPR","resistivity counter"
1998,"8-Sep",520,"SPR","resistivity counter"
1998,"9-Sep",486,"SPR","resistivity counter"
1998,"10-Sep",287,"SPR","resistivity counter"
1998,"11-Sep",317,"SPR","resistivity counter"
1998,"12-Sep",770,"SPR","resistivity counter"
1998,"13-Sep",1281,"SPR","resistivity counter"
1998,"14-Sep",1198,"SPR","resistivity counter"
1998,"15-Sep",2482,"SPR","resistivity counter"
1998,"16-Sep",660,"SPR","resistivity counter"
1998,"17-Sep",415,"SPR","resistivity counter"
1998,"18-Sep",439,"SPR","resistivity counter"
1998,"19-Sep",384,"SPR","resistivity counter"
1998,"20-Sep",225,"SPR","resistivity counter"
1998,"21-Sep",85,"SPR","resistivity counter"
1998,"22-Sep",67,"SPR","resistivity counter"
1998,"23-Sep",121,"SPR","resistivity counter"
1998,"24-Sep",159,"SPR","resistivity counter"
1998,"25-Sep",95,"SPR","resistivity counter"
1998,"26-Sep",99,"SPR","resistivity counter"
1998,"27-Sep",82,"SPR","resistivity counter"
1998,"28-Sep",84,"SPR","resistivity counter"
1998,"29-Sep",77,"SPR","resistivity counter"
1998,"30-Sep",84,"SPR","resistivity counter"
1998,"1-Oct",308,"SPR","resistivity counter"
1998,"2-Oct",1383,"SPR","resistivity counter"
1998,"3-Oct",994,"SPR","resistivity counter"
1998,"4-Oct",553,"SPR","resistivity counter"
1998,"5-Oct",2461,"SPR","resistivity counter"
1998,"6-Oct",8870,"SPR","resistivity counter"
1998,"7-Oct",4591,"SPR","resistivity counter"
1998,"8-Oct",2023,"SPR","resistivity counter"
1998,"9-Oct",3551,"SPR","resistivity counter"
1998,"10-Oct",2001,"SPR","resistivity counter"
1998,"11-Oct",880,"SPR","resistivity counter"
1998,"12-Oct",2424,"SPR","resistivity counter"
1998,"13-Oct",4646,"SPR","resistivity counter"
1998,"14-Oct",1740,"SPR","resistivity counter"
1998,"15-Oct",836,"SPR","resistivity counter"
1998,"16-Oct",0,"SPR","resistivity counter"
1998,"17-Oct",0,"SPR","resistivity counter"
1998,"18-Oct",0,"SPR","resistivity counter"
1998,"19-Oct",0,"SPR","resistivity counter"
1997,"27-May",2,"GCL","resistivity counter"
1997,"28-May",5,"GCL","resistivity counter"
1997,"29-May",14,"GCL","resistivity counter"
1997,"30-May",5,"GCL","resistivity counter"
1997,"31-May",16,"GCL","resistivity counter"
1997,"1-Jun",16,"GCL","resistivity counter"
1997,"2-Jun",2,"GCL","resistivity counter"
1997,"3-Jun",9,"GCL","resistivity counter"
1997,"4-Jun",4,"GCL","resistivity counter"
1997,"5-Jun",5,"GCL","resistivity counter"
1997,"6-Jun",1,"GCL","resistivity counter"
1997,"7-Jun",16,"GCL","resistivity counter"
1997,"8-Jun",4,"GCL","resistivity counter"
1997,"9-Jun",10,"GCL","resistivity counter"
1997,"10-Jun",48,"GCL","resistivity counter"
1997,"11-Jun",164,"GCL","resistivity counter"
1997,"12-Jun",451,"GCL","resistivity counter"
1997,"13-Jun",570,"GCL","resistivity counter"
1997,"14-Jun",542,"GCL","resistivity counter"
1997,"15-Jun",983,"GCL","resistivity counter"
1997,"16-Jun",2901,"GCL","resistivity counter"
1997,"17-Jun",3525,"GCL","resistivity counter"
1997,"18-Jun",1021,"GCL","resistivity counter"
1997,"19-Jun",1216,"GCL","resistivity counter"
1997,"20-Jun",858,"GCL","resistivity counter"
1997,"21-Jun",403,"GCL","resistivity counter"
1997,"22-Jun",408,"GCL","resistivity counter"
1997,"23-Jun",534,"GCL","resistivity counter"
1997,"24-Jun",443,"GCL","resistivity counter"
1997,"25-Jun",623,"GCL","resistivity counter"
1997,"26-Jun",345,"GCL","resistivity counter"
1997,"27-Jun",1124,"GCL","resistivity counter"
1997,"28-Jun",729,"GCL","resistivity counter"
1997,"29-Jun",701,"GCL","resistivity counter"
1997,"30-Jun",891,"GCL","resistivity counter"
1997,"1-Jul",4617,"GCL","resistivity counter"
1997,"2-Jul",5983,"GCL","resistivity counter"
1997,"3-Jul",5000,"GCL","resistivity counter"
1997,"4-Jul",9177,"GCL","resistivity counter"
1997,"5-Jul",7773,"GCL","resistivity counter"
1997,"6-Jul",9726,"GCL","resistivity counter"
1997,"7-Jul",5914,"GCL","resistivity counter"
1997,"8-Jul",813,"GCL","resistivity counter"
1997,"9-Jul",2709,"GCL","resistivity counter"
1997,"10-Jul",2735,"GCL","resistivity counter"
1997,"11-Jul",1026,"GCL","resistivity counter"
1997,"12-Jul",468,"GCL","resistivity counter"
1997,"13-Jul",1283,"GCL","resistivity counter"
1997,"14-Jul",3597,"GCL","resistivity counter"
1997,"15-Jul",7125,"GCL","resistivity counter"
1997,"16-Jul",7936,"GCL","resistivity counter"
1997,"17-Jul",7060,"GCL","resistivity counter"
1997,"18-Jul",5690,"GCL","resistivity counter"
1997,"19-Jul",2843,"GCL","resistivity counter"
1997,"20-Jul",1990,"GCL","resistivity counter"
1997,"21-Jul",1367,"GCL","resistivity counter"
1997,"22-Jul",785,"GCL","resistivity counter"
1997,"23-Jul",978,"GCL","resistivity counter"
1997,"24-Jul",589,"GCL","resistivity counter"
1997,"25-Jul",694,"GCL","resistivity counter"
1997,"26-Jul",1977,"GCL","resistivity counter"
1997,"27-Jul",2145,"GCL","resistivity counter"
1997,"28-Jul",2101,"GCL","resistivity counter"
1997,"29-Jul",2467,"GCL","resistivity counter"
1997,"30-Jul",2232,"GCL","resistivity counter"
1997,"31-Jul",1426,"GCL","resistivity counter"
1997,"1-Aug",1086,"GCL","resistivity counter"
1997,"2-Aug",690,"GCL","resistivity counter"
1997,"3-Aug",861,"GCL","resistivity counter"
1997,"4-Aug",707,"GCL","resistivity counter"
1997,"5-Aug",565,"GCL","resistivity counter"
1997,"6-Aug",116,"GCL","resistivity counter"
1997,"7-Aug",0,"GCL","resistivity counter"
1997,"8-Aug",59,"GCL","resistivity counter"
1997,"9-Aug",158,"GCL","resistivity counter"
1997,"10-Aug",21,"GCL","resistivity counter"
1997,"11-Aug",35,"GCL","resistivity counter"
1997,"12-Aug",36,"GCL","resistivity counter"
1997,"13-Aug",52,"GCL","resistivity counter"
1997,"14-Aug",58,"GCL","resistivity counter"
1997,"15-Aug",69,"GCL","resistivity counter"
1997,"16-Aug",34,"GCL","resistivity counter"
1997,"17-Aug",93,"GCL","resistivity counter"
1997,"18-Aug",310,"GCL","resistivity counter"
1997,"19-Aug",446,"GCL","resistivity counter"
1997,"20-Aug",514,"GCL","resistivity counter"
1997,"21-Aug",1963,"GCL","resistivity counter"
1997,"22-Aug",1802,"GCL","resistivity counter"
1997,"23-Aug",1015,"GCL","resistivity counter"
1997,"24-Aug",3850,"GCL","resistivity counter"
1997,"25-Aug",5727,"GCL","resistivity counter"
1997,"26-Aug",3454,"GCL","resistivity counter"
1997,"27-Aug",1102,"GCL","resistivity counter"
1997,"28-Aug",931,"GCL","resistivity counter"
1997,"29-Aug",743,"GCL","resistivity counter"
1997,"30-Aug",779,"GCL","resistivity counter"
1997,"31-Aug",1542,"GCL","resistivity counter"
1997,"1-Sep",1644,"GCL","resistivity counter"
1997,"2-Sep",1257,"GCL","resistivity counter"
1997,"3-Sep",1136.10330105175,"GCL","resistivity counter"
1997,"4-Sep",1191.29438717068,"GCL","resistivity counter"
1997,"5-Sep",642.507549724045,"GCL","resistivity counter"
1997,"6-Sep",858.065187962095,"GCL","resistivity counter"
1997,"7-Sep",271.790065604499,"GCL","resistivity counter"
1997,"8-Sep",463.396855149432,"GCL","resistivity counter"
1997,"9-Sep",311.361033010518,"GCL","resistivity counter"
1997,"10-Sep",310.319691762991,"GCL","resistivity counter"
1997,"11-Sep",213.474955742997,"GCL","resistivity counter"
1997,"12-Sep",90.5966885348329,"GCL","resistivity counter"
1997,"13-Sep",163.49057586171,"GCL","resistivity counter"
1997,"14-Sep",376.965531604707,"GCL","resistivity counter"
1997,"15-Sep",281.16213683224,"GCL","resistivity counter"
1997,"16-Sep",178.069353327085,"GCL","resistivity counter"
1997,"17-Sep",270.748724356972,"GCL","resistivity counter"
1997,"18-Sep",346.766635426429,"GCL","resistivity counter"
1997,"19-Sep",612.308653545767,"GCL","resistivity counter"
1997,"20-Sep",584.192439862543,"GCL","resistivity counter"
1997,"21-Sep",797.66739560554,"GCL","resistivity counter"
1997,"22-Sep",704.988024575653,"GCL","resistivity counter"
1997,"23-Sep",988.232843902947,"GCL","resistivity counter"
1997,"24-Sep",638.342184733937,"GCL","resistivity counter"
1997,"25-Sep",255.12860564407,"GCL","resistivity counter"
1997,"26-Sep",60.3977923565552,"GCL","resistivity counter"
1997,"27-Sep",89.555347287306,"GCL","resistivity counter"
1997,"28-Sep",29.1575549307508,"GCL","resistivity counter"
1997,"29-Sep",9.37207122774133,"GCL","resistivity counter"
1997,"30-Sep",0,"GCL","resistivity counter"
1997,"1-Oct",0,"GCL","resistivity counter"
1997,"2-Oct",0,"GCL","resistivity counter"
1997,"3-Oct",0,"GCL","resistivity counter"
1997,"4-Oct",0,"GCL","resistivity counter"
1997,"5-Oct",0,"GCL","resistivity counter"
1997,"6-Oct",0,"GCL","resistivity counter"
1997,"7-Oct",0,"GCL","resistivity counter"
1997,"8-Oct",1,"GCL","resistivity counter"
1997,"9-Oct",1,"GCL","resistivity counter"
1997,"10-Oct",1,"GCL","resistivity counter"
1997,"11-Oct",1,"GCL","resistivity counter"
1997,"12-Oct",1,"GCL","resistivity counter"
1997,"13-Oct",1,"GCL","resistivity counter"
1997,"14-Oct",1,"GCL","resistivity counter"
1997,"15-Oct",1,"GCL","resistivity counter"
1997,"16-Oct",1,"GCL","resistivity counter"
1997,"17-Oct",1,"GCL","resistivity counter"
1997,"18-Oct",1,"GCL","resistivity counter"
1997,"19-Oct",0,"GCL","resistivity counter"
1997,"20-Oct",0,"GCL","resistivity counter"
1997,"21-Oct",1,"GCL","resistivity counter"
1997,"22-Oct",1,"GCL","resistivity counter"
1997,"23-Oct",1,"GCL","resistivity counter"
1997,"24-Oct",1,"GCL","resistivity counter"
1997,"25-Oct",1,"GCL","resistivity counter"
1997,"26-Oct",1,"GCL","resistivity counter"
1997,"27-Oct",1,"GCL","resistivity counter"
1997,"28-Oct",0,"GCL","resistivity counter"
1997,"29-Oct",1,"GCL","resistivity counter"
1997,"30-Oct",0,"GCL","resistivity counter"
1997,"31-Oct",0,"GCL","resistivity counter"
1997,"27-May",145,"SPR","resistivity counter"
1997,"28-May",208,"SPR","resistivity counter"
1997,"29-May",283,"SPR","resistivity counter"
1997,"30-May",388,"SPR","resistivity counter"
1997,"31-May",235,"SPR","resistivity counter"
1997,"1-Jun",309,"SPR","resistivity counter"
1997,"2-Jun",271,"SPR","resistivity counter"
1997,"3-Jun",195,"SPR","resistivity counter"
1997,"4-Jun",153,"SPR","resistivity counter"
1997,"5-Jun",395,"SPR","resistivity counter"
1997,"6-Jun",523,"SPR","resistivity counter"
1997,"7-Jun",779,"SPR","resistivity counter"
1997,"8-Jun",562,"SPR","resistivity counter"
1997,"9-Jun",360,"SPR","resistivity counter"
1997,"10-Jun",175,"SPR","resistivity counter"
1997,"11-Jun",1045,"SPR","resistivity counter"
1997,"12-Jun",1525,"SPR","resistivity counter"
1997,"13-Jun",2048,"SPR","resistivity counter"
1997,"14-Jun",1309,"SPR","resistivity counter"
1997,"15-Jun",1874,"SPR","resistivity counter"
1997,"16-Jun",1401,"SPR","resistivity counter"
1997,"17-Jun",1042,"SPR","resistivity counter"
1997,"18-Jun",715,"SPR","resistivity counter"
1997,"19-Jun",500,"SPR","resistivity counter"
1997,"20-Jun",478,"SPR","resistivity counter"
1997,"21-Jun",556,"SPR","resistivity counter"
1997,"22-Jun",350,"SPR","resistivity counter"
1997,"23-Jun",260,"SPR","resistivity counter"
1997,"24-Jun",337,"SPR","resistivity counter"
1997,"25-Jun",851,"SPR","resistivity counter"
1997,"26-Jun",2903,"SPR","resistivity counter"
1997,"27-Jun",3242,"SPR","resistivity counter"
1997,"28-Jun",3892,"SPR","resistivity counter"
1997,"29-Jun",5576,"SPR","resistivity counter"
1997,"30-Jun",3563,"SPR","resistivity counter"
1997,"1-Jul",3383,"SPR","resistivity counter"
1997,"2-Jul",3194,"SPR","resistivity counter"
1997,"3-Jul",3385,"SPR","resistivity counter"
1997,"4-Jul",3895,"SPR","resistivity counter"
1997,"5-Jul",2114,"SPR","resistivity counter"
1997,"6-Jul",1137,"SPR","resistivity counter"
1997,"7-Jul",1032,"SPR","resistivity counter"
1997,"8-Jul",745,"SPR","resistivity counter"
1997,"9-Jul",1252,"SPR","resistivity counter"
1997,"10-Jul",3965,"SPR","resistivity counter"
1997,"11-Jul",3713,"SPR","resistivity counter"
1997,"12-Jul",2116,"SPR","resistivity counter"
1997,"13-Jul",2381,"SPR","resistivity counter"
1997,"14-Jul",2336,"SPR","resistivity counter"
1997,"15-Jul",2063,"SPR","resistivity counter"
1997,"16-Jul",1091,"SPR","resistivity counter"
1997,"17-Jul",1203,"SPR","resistivity counter"
1997,"18-Jul",643,"SPR","resistivity counter"
1997,"19-Jul",927,"SPR","resistivity counter"
1997,"20-Jul",575,"SPR","resistivity counter"
1997,"21-Jul",316,"SPR","resistivity counter"
1997,"22-Jul",1026,"SPR","resistivity counter"
1997,"23-Jul",350,"SPR","resistivity counter"
1997,"24-Jul",1439,"SPR","resistivity counter"
1997,"25-Jul",2569,"SPR","resistivity counter"
1997,"26-Jul",3210,"SPR","resistivity counter"
1997,"27-Jul",1896,"SPR","resistivity counter"
1997,"28-Jul",3156,"SPR","resistivity counter"
1997,"29-Jul",1906,"SPR","resistivity counter"
1997,"30-Jul",1790,"SPR","resistivity counter"
1997,"31-Jul",1407,"SPR","resistivity counter"
1997,"1-Aug",2357,"SPR","resistivity counter"
1997,"2-Aug",774,"SPR","resistivity counter"
1997,"3-Aug",1023,"SPR","resistivity counter"
1997,"4-Aug",332,"SPR","resistivity counter"
1997,"5-Aug",57,"SPR","resistivity counter"
1997,"6-Aug",90,"SPR","resistivity counter"
1997,"7-Aug",102,"SPR","resistivity counter"
1997,"8-Aug",144,"SPR","resistivity counter"
1997,"9-Aug",208,"SPR","resistivity counter"
1997,"10-Aug",287,"SPR","resistivity counter"
1997,"11-Aug",343,"SPR","resistivity counter"
1997,"12-Aug",149,"SPR","resistivity counter"
1997,"13-Aug",148,"SPR","resistivity counter"
1997,"14-Aug",99,"SPR","resistivity counter"
1997,"15-Aug",170,"SPR","resistivity counter"
1997,"16-Aug",580,"SPR","resistivity counter"
1997,"17-Aug",1929,"SPR","resistivity counter"
1997,"18-Aug",1250,"SPR","resistivity counter"
1997,"19-Aug",1272,"SPR","resistivity counter"
1997,"20-Aug",4400,"SPR","resistivity counter"
1997,"21-Aug",5129,"SPR","resistivity counter"
1997,"22-Aug",3156,"SPR","resistivity counter"
1997,"23-Aug",1874,"SPR","resistivity counter"
1997,"24-Aug",1351,"SPR","resistivity counter"
1997,"25-Aug",1842,"SPR","resistivity counter"
1997,"26-Aug",1925,"SPR","resistivity counter"
1997,"27-Aug",1038,"SPR","resistivity counter"
1997,"28-Aug",1076,"SPR","resistivity counter"
1997,"29-Aug",1070,"SPR","resistivity counter"
1997,"30-Aug",881,"SPR","resistivity counter"
1997,"31-Aug",933,"SPR","resistivity counter"
1997,"1-Sep",1076,"SPR","resistivity counter"
1997,"2-Sep",701,"SPR","resistivity counter"
1997,"3-Sep",523,"SPR","resistivity counter"
1997,"4-Sep",555,"SPR","resistivity counter"
1997,"5-Sep",491,"SPR","resistivity counter"
1997,"6-Sep",436,"SPR","resistivity counter"
1997,"7-Sep",311,"SPR","resistivity counter"
1997,"8-Sep",262,"SPR","resistivity counter"
1997,"9-Sep",337,"SPR","resistivity counter"
1997,"10-Sep",211,"SPR","resistivity counter"
1997,"11-Sep",204,"SPR","resistivity counter"
1997,"12-Sep",93,"SPR","resistivity counter"
1997,"13-Sep",149,"SPR","resistivity counter"
1997,"14-Sep",273,"SPR","resistivity counter"
1997,"15-Sep",223,"SPR","resistivity counter"
1997,"16-Sep",177,"SPR","resistivity counter"
1997,"17-Sep",396,"SPR","resistivity counter"
1997,"18-Sep",291,"SPR","resistivity counter"
1997,"19-Sep",372,"SPR","resistivity counter"
1997,"20-Sep",384,"SPR","resistivity counter"
1997,"21-Sep",227,"SPR","resistivity counter"
1997,"22-Sep",345,"SPR","resistivity counter"
1997,"23-Sep",358,"SPR","resistivity counter"
1997,"24-Sep",194,"SPR","resistivity counter"
1997,"25-Sep",99,"SPR","resistivity counter"
1997,"26-Sep",61,"SPR","resistivity counter"
1997,"27-Sep",2,"SPR","resistivity counter"
1997,"28-Sep",0,"SPR","resistivity counter"
1997,"29-Sep",0,"SPR","resistivity counter"
1997,"30-Sep",0,"SPR","resistivity counter"
1997,"1-Sep",0,"SPR","resistivity counter"
1997,"2-Sep",0,"SPR","resistivity counter"
1997,"3-Sep",0,"SPR","resistivity counter"
1997,"4-Sep",0,"SPR","resistivity counter"
1996,"6-Jun",1,"GCL","resistivity counter"
1996,"7-Jun",74,"GCL","resistivity counter"
1996,"8-Jun",221,"GCL","resistivity counter"
1996,"9-Jun",143,"GCL","resistivity counter"
1996,"10-Jun",209,"GCL","resistivity counter"
1996,"11-Jun",116,"GCL","resistivity counter"
1996,"12-Jun",119,"GCL","resistivity counter"
1996,"13-Jun",507,"GCL","resistivity counter"
1996,"14-Jun",678,"GCL","resistivity counter"
1996,"15-Jun",538,"GCL","resistivity counter"
1996,"16-Jun",698,"GCL","resistivity counter"
1996,"17-Jun",680,"GCL","resistivity counter"
1996,"18-Jun",1066,"GCL","resistivity counter"
1996,"19-Jun",1092,"GCL","resistivity counter"
1996,"20-Jun",362,"GCL","resistivity counter"
1996,"21-Jun",638,"GCL","resistivity counter"
1996,"22-Jun",587,"GCL","resistivity counter"
1996,"23-Jun",429,"GCL","resistivity counter"
1996,"24-Jun",244,"GCL","resistivity counter"
1996,"25-Jun",245,"GCL","resistivity counter"
1996,"26-Jun",329,"GCL","resistivity counter"
1996,"27-Jun",1206,"GCL","resistivity counter"
1996,"28-Jun",697,"GCL","resistivity counter"
1996,"29-Jun",1206,"GCL","resistivity counter"
1996,"30-Jun",594,"GCL","resistivity counter"
1996,"1-Jul",1070,"GCL","resistivity counter"
1996,"2-Jul",5673,"GCL","resistivity counter"
1996,"3-Jul",4425,"GCL","resistivity counter"
1996,"4-Jul",1287,"GCL","resistivity counter"
1996,"5-Jul",2144,"GCL","resistivity counter"
1996,"6-Jul",2495,"GCL","resistivity counter"
1996,"7-Jul",4319,"GCL","resistivity counter"
1996,"8-Jul",13088,"GCL","resistivity counter"
1996,"9-Jul",8119,"GCL","resistivity counter"
1996,"10-Jul",4398,"GCL","resistivity counter"
1996,"11-Jul",2291,"GCL","resistivity counter"
1996,"12-Jul",2290,"GCL","resistivity counter"
1996,"13-Jul",1116,"GCL","resistivity counter"
1996,"14-Jul",670,"GCL","resistivity counter"
1996,"15-Jul",1086,"GCL","resistivity counter"
1996,"16-Jul",2151,"GCL","resistivity counter"
1996,"17-Jul",883,"GCL","resistivity counter"
1996,"18-Jul",2575,"GCL","resistivity counter"
1996,"19-Jul",7650,"GCL","resistivity counter"
1996,"20-Jul",10061,"GCL","resistivity counter"
1996,"21-Jul",5328,"GCL","resistivity counter"
1996,"22-Jul",4008,"GCL","resistivity counter"
1996,"23-Jul",3668,"GCL","resistivity counter"
1996,"24-Jul",4449,"GCL","resistivity counter"
1996,"25-Jul",2372,"GCL","resistivity counter"
1996,"26-Jul",773,"GCL","resistivity counter"
1996,"27-Jul",472,"GCL","resistivity counter"
1996,"28-Jul",199,"GCL","resistivity counter"
1996,"29-Jul",986,"GCL","resistivity counter"
1996,"30-Jul",307,"GCL","resistivity counter"
1996,"31-Jul",100,"GCL","resistivity counter"
1996,"1-Aug",423,"GCL","resistivity counter"
1996,"2-Aug",781,"GCL","resistivity counter"
1996,"3-Aug",700,"GCL","resistivity counter"
1996,"4-Aug",1667,"GCL","resistivity counter"
1996,"5-Aug",1537,"GCL","resistivity counter"
1996,"6-Aug",852,"GCL","resistivity counter"
1996,"7-Aug",2534,"GCL","resistivity counter"
1996,"8-Aug",1653,"GCL","resistivity counter"
1996,"9-Aug",1486,"GCL","resistivity counter"
1996,"10-Aug",595,"GCL","resistivity counter"
1996,"11-Aug",1283,"GCL","resistivity counter"
1996,"12-Aug",1210,"GCL","resistivity counter"
1996,"13-Aug",747,"GCL","resistivity counter"
1996,"14-Aug",410,"GCL","resistivity counter"
1996,"15-Aug",308,"GCL","resistivity counter"
1996,"16-Aug",323,"GCL","resistivity counter"
1996,"17-Aug",551,"GCL","resistivity counter"
1996,"18-Aug",720,"GCL","resistivity counter"
1996,"19-Aug",695,"GCL","resistivity counter"
1996,"20-Aug",649,"GCL","resistivity counter"
1996,"21-Aug",523,"GCL","resistivity counter"
1996,"22-Aug",764,"GCL","resistivity counter"
1996,"23-Aug",452,"GCL","resistivity counter"
1996,"24-Aug",543,"GCL","resistivity counter"
1996,"25-Aug",585,"GCL","resistivity counter"
1996,"26-Aug",193,"GCL","resistivity counter"
1996,"27-Aug",449,"GCL","resistivity counter"
1996,"28-Aug",1172,"GCL","resistivity counter"
1996,"29-Aug",362,"GCL","resistivity counter"
1996,"30-Aug",465,"GCL","resistivity counter"
1996,"31-Aug",672,"GCL","resistivity counter"
1996,"1-Sep",678,"GCL","resistivity counter"
1996,"2-Sep",742,"GCL","resistivity counter"
1996,"3-Sep",448,"GCL","resistivity counter"
1996,"4-Sep",907,"GCL","resistivity counter"
1996,"5-Sep",561,"GCL","resistivity counter"
1996,"6-Sep",672,"GCL","resistivity counter"
1996,"7-Sep",997,"GCL","resistivity counter"
1996,"8-Sep",644,"GCL","resistivity counter"
1996,"9-Sep",603,"GCL","resistivity counter"
1996,"10-Sep",885,"GCL","resistivity counter"
1996,"11-Sep",605,"GCL","resistivity counter"
1996,"12-Sep",567,"GCL","resistivity counter"
1996,"13-Sep",563,"GCL","resistivity counter"
1996,"14-Sep",1019,"GCL","resistivity counter"
1996,"15-Sep",995,"GCL","resistivity counter"
1996,"16-Sep",774,"GCL","resistivity counter"
1996,"17-Sep",2868,"GCL","resistivity counter"
1996,"18-Sep",1663,"GCL","resistivity counter"
1996,"19-Sep",1506,"GCL","resistivity counter"
1996,"20-Sep",1980,"GCL","resistivity counter"
1996,"21-Sep",1985,"GCL","resistivity counter"
1996,"22-Sep",1603,"GCL","resistivity counter"
1996,"23-Sep",1288,"GCL","resistivity counter"
1996,"24-Sep",1046,"GCL","resistivity counter"
1996,"25-Sep",184,"GCL","resistivity counter"
1996,"26-Sep",179,"GCL","resistivity counter"
1996,"27-Sep",82,"GCL","resistivity counter"
1996,"28-Sep",69,"GCL","resistivity counter"
1996,"29-Sep",35,"GCL","resistivity counter"
1996,"30-Sep",20,"GCL","resistivity counter"
1996,"1-Oct",14,"GCL","resistivity counter"
1996,"2-Oct",6,"GCL","resistivity counter"
1996,"3-Oct",6,"GCL","resistivity counter"
1996,"4-Oct",41,"GCL","resistivity counter"
1996,"5-Oct",69,"GCL","resistivity counter"
1996,"6-Oct",12,"GCL","resistivity counter"
1996,"7-Oct",29,"GCL","resistivity counter"
1996,"8-Oct",15,"GCL","resistivity counter"
1996,"9-Oct",21,"GCL","resistivity counter"
1996,"10-Oct",7,"GCL","resistivity counter"
1996,"11-Oct",5,"GCL","resistivity counter"
1996,"12-Oct",4,"GCL","resistivity counter"
1996,"13-Oct",32,"GCL","resistivity counter"
1996,"14-Oct",40,"GCL","resistivity counter"
1996,"15-Oct",2,"GCL","resistivity counter"
1996,"16-Oct",4,"GCL","resistivity counter"
1996,"17-Oct",3,"GCL","resistivity counter"
1996,"18-Oct",24,"GCL","resistivity counter"
1996,"19-Oct",12,"GCL","resistivity counter"
1996,"20-Oct",3,"GCL","resistivity counter"
1996,"21-Oct",1,"GCL","resistivity counter"
1996,"22-Oct",8,"GCL","resistivity counter"
1996,"23-Oct",20,"GCL","resistivity counter"
1996,"24-Oct",10,"GCL","resistivity counter"
1996,"25-Oct",4,"GCL","resistivity counter"
1996,"26-Oct",3,"GCL","resistivity counter"
1996,"27-Oct",8,"GCL","resistivity counter"
1996,"28-Oct",2,"GCL","resistivity counter"
1996,"29-Oct",11,"GCL","resistivity counter"
1996,"30-Oct",2,"GCL","resistivity counter"
1996,"31-Oct",1,"GCL","resistivity counter"
1996,"1-Nov",0,"GCL","resistivity counter"
1996,"2-Nov",1,"GCL","resistivity counter"
1996,"3-Nov",0,"GCL","resistivity counter"
1996,"4-Nov",0,"GCL","resistivity counter"
1996,"5-Nov",1,"GCL","resistivity counter"
1996,"24-May",43,"SPR","resistivity counter"
1996,"25-May",45,"SPR","resistivity counter"
1996,"26-May",26,"SPR","resistivity counter"
1996,"27-May",162,"SPR","resistivity counter"
1996,"28-May",135,"SPR","resistivity counter"
1996,"29-May",138,"SPR","resistivity counter"
1996,"30-May",141,"SPR","resistivity counter"
1996,"31-May",239,"SPR","resistivity counter"
1996,"1-Jun",113,"SPR","resistivity counter"
1996,"2-Jun",183,"SPR","resistivity counter"
1996,"3-Jun",240,"SPR","resistivity counter"
1996,"4-Jun",208,"SPR","resistivity counter"
1996,"5-Jun",305,"SPR","resistivity counter"
1996,"6-Jun",220,"SPR","resistivity counter"
1996,"7-Jun",288,"SPR","resistivity counter"
1996,"8-Jun",308,"SPR","resistivity counter"
1996,"9-Jun",176,"SPR","resistivity counter"
1996,"10-Jun",467,"SPR","resistivity counter"
1996,"11-Jun",141,"SPR","resistivity counter"
1996,"12-Jun",197,"SPR","resistivity counter"
1996,"13-Jun",1469,"SPR","resistivity counter"
1996,"14-Jun",2045,"SPR","resistivity counter"
1996,"15-Jun",1252,"SPR","resistivity counter"
1996,"16-Jun",621,"SPR","resistivity counter"
1996,"17-Jun",554,"SPR","resistivity counter"
1996,"18-Jun",826,"SPR","resistivity counter"
1996,"19-Jun",568,"SPR","resistivity counter"
1996,"20-Jun",935,"SPR","resistivity counter"
1996,"21-Jun",1492,"SPR","resistivity counter"
1996,"22-Jun",478,"SPR","resistivity counter"
1996,"23-Jun",369,"SPR","resistivity counter"
1996,"24-Jun",1533,"SPR","resistivity counter"
1996,"25-Jun",1051,"SPR","resistivity counter"
1996,"26-Jun",714,"SPR","resistivity counter"
1996,"27-Jun",2030,"SPR","resistivity counter"
1996,"28-Jun",1458,"SPR","resistivity counter"
1996,"29-Jun",1573,"SPR","resistivity counter"
1996,"30-Jun",7434,"SPR","resistivity counter"
1996,"1-Jul",4621,"SPR","resistivity counter"
1996,"2-Jul",5045,"SPR","resistivity counter"
1996,"3-Jul",2047,"SPR","resistivity counter"
1996,"4-Jul",4122,"SPR","resistivity counter"
1996,"5-Jul",11393,"SPR","resistivity counter"
1996,"6-Jul",10859,"SPR","resistivity counter"
1996,"7-Jul",8379,"SPR","resistivity counter"
1996,"8-Jul",6411,"SPR","resistivity counter"
1996,"9-Jul",1805,"SPR","resistivity counter"
1996,"10-Jul",4976,"SPR","resistivity counter"
1996,"11-Jul",5111,"SPR","resistivity counter"
1996,"12-Jul",1935,"SPR","resistivity counter"
1996,"13-Jul",837,"SPR","resistivity counter"
1996,"14-Jul",259,"SPR","resistivity counter"
1996,"15-Jul",142,"SPR","resistivity counter"
1996,"16-Jul",176,"SPR","resistivity counter"
1996,"17-Jul",7012,"SPR","resistivity counter"
1996,"18-Jul",7956,"SPR","resistivity counter"
1996,"19-Jul",7823,"SPR","resistivity counter"
1996,"20-Jul",8174,"SPR","resistivity counter"
1996,"21-Jul",5786,"SPR","resistivity counter"
1996,"22-Jul",6417,"SPR","resistivity counter"
1996,"23-Jul",3728,"SPR","resistivity counter"
1996,"24-Jul",1698,"SPR","resistivity counter"
1996,"25-Jul",1194,"SPR","resistivity counter"
1996,"26-Jul",871,"SPR","resistivity counter"
1996,"27-Jul",342,"SPR","resistivity counter"
1996,"28-Jul",166,"SPR","resistivity counter"
1996,"29-Jul",95,"SPR","resistivity counter"
1996,"30-Jul",93,"SPR","resistivity counter"
1996,"31-Jul",1324,"SPR","resistivity counter"
1996,"1-Aug",2741,"SPR","resistivity counter"
1996,"2-Aug",2716,"SPR","resistivity counter"
1996,"3-Aug",6232,"SPR","resistivity counter"
1996,"4-Aug",6895,"SPR","resistivity counter"
1996,"5-Aug",5200,"SPR","resistivity counter"
1996,"6-Aug",4472,"SPR","resistivity counter"
1996,"7-Aug",989,"SPR","resistivity counter"
1996,"8-Aug",1911,"SPR","resistivity counter"
1996,"9-Aug",641,"SPR","resistivity counter"
1996,"10-Aug",275,"SPR","resistivity counter"
1996,"11-Aug",566,"SPR","resistivity counter"
1996,"12-Aug",190,"SPR","resistivity counter"
1996,"13-Aug",305,"SPR","resistivity counter"
1996,"14-Aug",775,"SPR","resistivity counter"
1996,"15-Aug",693,"SPR","resistivity counter"
1996,"16-Aug",287,"SPR","resistivity counter"
1996,"17-Aug",187,"SPR","resistivity counter"
1996,"18-Aug",417,"SPR","resistivity counter"
1996,"19-Aug",179,"SPR","resistivity counter"
1996,"20-Aug",278,"SPR","resistivity counter"
1996,"21-Aug",280,"SPR","resistivity counter"
1996,"22-Aug",113,"SPR","resistivity counter"
1996,"23-Aug",53,"SPR","resistivity counter"
1996,"24-Aug",128,"SPR","resistivity counter"
1996,"25-Aug",96,"SPR","resistivity counter"
1996,"26-Aug",21,"SPR","resistivity counter"
1996,"27-Aug",7,"SPR","resistivity counter"
1996,"28-Aug",12,"SPR","resistivity counter"
1996,"29-Aug",3,"SPR","resistivity counter"
1996,"30-Aug",22,"SPR","resistivity counter"
1996,"31-Aug",61,"SPR","resistivity counter"
1996,"1-Sep",30,"SPR","resistivity counter"
1996,"2-Sep",78,"SPR","resistivity counter"
1996,"3-Sep",116,"SPR","resistivity counter"
1996,"4-Sep",70,"SPR","resistivity counter"
1996,"5-Sep",227,"SPR","resistivity counter"
1996,"6-Sep",157,"SPR","resistivity counter"
1996,"7-Sep",367,"SPR","resistivity counter"
1996,"8-Sep",1297,"SPR","resistivity counter"
1996,"9-Sep",280,"SPR","resistivity counter"
1996,"10-Sep",467,"SPR","resistivity counter"
1996,"11-Sep",420,"SPR","resistivity counter"
1996,"12-Sep",218,"SPR","resistivity counter"
1996,"13-Sep",140,"SPR","resistivity counter"
1996,"14-Sep",2108,"SPR","resistivity counter"
1996,"15-Sep",1985,"SPR","resistivity counter"
1996,"16-Sep",2914,"SPR","resistivity counter"
1996,"17-Sep",1427,"SPR","resistivity counter"
1996,"18-Sep",1266,"SPR","resistivity counter"
1996,"19-Sep",1382,"SPR","resistivity counter"
1996,"20-Sep",587,"SPR","resistivity counter"
1996,"21-Sep",307,"SPR","resistivity counter"
1996,"22-Sep",344,"SPR","resistivity counter"
1996,"23-Sep",74,"SPR","resistivity counter"
1996,"24-Sep",181,"SPR","resistivity counter"
1996,"25-Sep",64,"SPR","resistivity counter"
1996,"26-Sep",126,"SPR","resistivity counter"
1996,"27-Sep",291,"SPR","resistivity counter"
1996,"28-Sep",44,"SPR","resistivity counter"
1996,"29-Sep",75,"SPR","resistivity counter"
1996,"30-Sep",920,"SPR","resistivity counter"
1996,"1-Oct",3055,"SPR","resistivity counter"
1996,"2-Oct",0,"SPR","resistivity counter"
1996,"3-Oct",35,"SPR","resistivity counter"
1996,"4-Oct",237,"SPR","resistivity counter"
1996,"5-Oct",227,"SPR","resistivity counter"
1996,"6-Oct",76,"SPR","resistivity counter"
1996,"7-Oct",41,"SPR","resistivity counter"
1996,"8-Oct",67,"SPR","resistivity counter"
1996,"9-Oct",75,"SPR","resistivity counter"
1996,"10-Oct",41,"SPR","resistivity counter"
1996,"11-Oct",40,"SPR","resistivity counter"
1996,"12-Oct",18,"SPR","resistivity counter"
1996,"13-Oct",76,"SPR","resistivity counter"
1996,"14-Oct",54,"SPR","resistivity counter"
1996,"15-Oct",82,"SPR","resistivity counter"
1996,"16-Oct",46,"SPR","resistivity counter"
1996,"17-Oct",33,"SPR","resistivity counter"
1996,"18-Oct",33,"SPR","resistivity counter"
1996,"19-Oct",48,"SPR","resistivity counter"
1996,"20-Oct",67,"SPR","resistivity counter"
1996,"21-Oct",19,"SPR","resistivity counter"
1996,"22-Oct",0,"SPR","resistivity counter"
1995,"2-Jun",25,"GCL","resistivity counter"
1995,"3-Jun",82,"GCL","resistivity counter"
1995,"4-Jun",61,"GCL","resistivity counter"
1995,"5-Jun",73,"GCL","resistivity counter"
1995,"6-Jun",97,"GCL","resistivity counter"
1995,"7-Jun",125,"GCL","resistivity counter"
1995,"8-Jun",67,"GCL","resistivity counter"
1995,"9-Jun",112,"GCL","resistivity counter"
1995,"10-Jun",103,"GCL","resistivity counter"
1995,"11-Jun",87,"GCL","resistivity counter"
1995,"12-Jun",116,"GCL","resistivity counter"
1995,"13-Jun",119,"GCL","resistivity counter"
1995,"14-Jun",138,"GCL","resistivity counter"
1995,"15-Jun",287,"GCL","resistivity counter"
1995,"16-Jun",351,"GCL","resistivity counter"
1995,"17-Jun",708,"GCL","resistivity counter"
1995,"18-Jun",1509,"GCL","resistivity counter"
1995,"19-Jun",5280,"GCL","resistivity counter"
1995,"20-Jun",2763,"GCL","resistivity counter"
1995,"21-Jun",2148,"GCL","resistivity counter"
1995,"22-Jun",2788,"GCL","resistivity counter"
1995,"23-Jun",1612,"GCL","resistivity counter"
1995,"24-Jun",630,"GCL","resistivity counter"
1995,"25-Jun",902,"GCL","resistivity counter"
1995,"26-Jun",1377,"GCL","resistivity counter"
1995,"27-Jun",1606,"GCL","resistivity counter"
1995,"28-Jun",766,"GCL","resistivity counter"
1995,"29-Jun",315,"GCL","resistivity counter"
1995,"30-Jun",287,"GCL","resistivity counter"
1995,"1-Jul",74,"GCL","resistivity counter"
1995,"2-Jul",86,"GCL","resistivity counter"
1995,"3-Jul",29,"GCL","resistivity counter"
1995,"4-Jul",38,"GCL","resistivity counter"
1995,"5-Jul",124,"GCL","resistivity counter"
1995,"6-Jul",361,"GCL","resistivity counter"
1995,"7-Jul",1098,"GCL","resistivity counter"
1995,"8-Jul",732,"GCL","resistivity counter"
1995,"9-Jul",607,"GCL","resistivity counter"
1995,"10-Jul",469,"GCL","resistivity counter"
1995,"11-Jul",459,"GCL","resistivity counter"
1995,"12-Jul",392,"GCL","resistivity counter"
1995,"13-Jul",670,"GCL","resistivity counter"
1995,"14-Jul",870,"GCL","resistivity counter"
1995,"15-Jul",1355,"GCL","resistivity counter"
1995,"16-Jul",1209,"GCL","resistivity counter"
1995,"17-Jul",968,"GCL","resistivity counter"
1995,"18-Jul",372,"GCL","resistivity counter"
1995,"19-Jul",0,"GCL","resistivity counter"
1995,"20-Jul",0,"GCL","resistivity counter"
1995,"21-Jul",96,"GCL","resistivity counter"
1995,"22-Jul",111,"GCL","resistivity counter"
1995,"23-Jul",162,"GCL","resistivity counter"
1995,"24-Jul",420,"GCL","resistivity counter"
1995,"25-Jul",459,"GCL","resistivity counter"
1995,"26-Jul",995,"GCL","resistivity counter"
1995,"27-Jul",872,"GCL","resistivity counter"
1995,"28-Jul",851,"GCL","resistivity counter"
1995,"29-Jul",1155,"GCL","resistivity counter"
1995,"30-Jul",1857,"GCL","resistivity counter"
1995,"31-Jul",1950,"GCL","resistivity counter"
1995,"1-Aug",2842,"GCL","resistivity counter"
1995,"2-Aug",1403,"GCL","resistivity counter"
1995,"3-Aug",1162,"GCL","resistivity counter"
1995,"4-Aug",1749,"GCL","resistivity counter"
1995,"5-Aug",2183,"GCL","resistivity counter"
1995,"6-Aug",777,"GCL","resistivity counter"
1995,"7-Aug",457,"GCL","resistivity counter"
1995,"8-Aug",470,"GCL","resistivity counter"
1995,"9-Aug",530,"GCL","resistivity counter"
1995,"10-Aug",544,"GCL","resistivity counter"
1995,"11-Aug",461,"GCL","resistivity counter"
1995,"12-Aug",707,"GCL","resistivity counter"
1995,"13-Aug",534,"GCL","resistivity counter"
1995,"14-Aug",812,"GCL","resistivity counter"
1995,"15-Aug",819,"GCL","resistivity counter"
1995,"16-Aug",521,"GCL","resistivity counter"
1995,"17-Aug",468,"GCL","resistivity counter"
1995,"18-Aug",502,"GCL","resistivity counter"
1995,"19-Aug",440,"GCL","resistivity counter"
1995,"20-Aug",291,"GCL","resistivity counter"
1995,"21-Aug",582,"GCL","resistivity counter"
1995,"22-Aug",394,"GCL","resistivity counter"
1995,"23-Aug",437,"GCL","resistivity counter"
1995,"24-Aug",182,"GCL","resistivity counter"
1995,"25-Aug",117,"GCL","resistivity counter"
1995,"26-Aug",111,"GCL","resistivity counter"
1995,"27-Aug",214,"GCL","resistivity counter"
1995,"28-Aug",79,"GCL","resistivity counter"
1995,"29-Aug",152,"GCL","resistivity counter"
1995,"30-Aug",90,"GCL","resistivity counter"
1995,"31-Aug",88,"GCL","resistivity counter"
1995,"1-Sep",41,"GCL","resistivity counter"
1995,"2-Sep",26,"GCL","resistivity counter"
1995,"3-Sep",126,"GCL","resistivity counter"
1995,"4-Sep",57,"GCL","resistivity counter"
1995,"5-Sep",73,"GCL","resistivity counter"
1995,"6-Sep",205,"GCL","resistivity counter"
1995,"7-Sep",69,"GCL","resistivity counter"
1995,"8-Sep",0,"GCL","resistivity counter"
1995,"9-Sep",0,"GCL","resistivity counter"
1995,"10-Sep",1,"GCL","resistivity counter"
1995,"11-Sep",0,"GCL","resistivity counter"
1995,"12-Sep",0,"GCL","resistivity counter"
1995,"13-Sep",0,"GCL","resistivity counter"
1995,"14-Sep",0,"GCL","resistivity counter"
1995,"15-Sep",0,"GCL","resistivity counter"
1995,"16-Sep",0,"GCL","resistivity counter"
1995,"17-Sep",1,"GCL","resistivity counter"
1995,"18-Sep",0,"GCL","resistivity counter"
1995,"19-Sep",1,"GCL","resistivity counter"
1995,"5-Jun",19,"SPR","resistivity counter"
1995,"6-Jun",28,"SPR","resistivity counter"
1995,"7-Jun",17,"SPR","resistivity counter"
1995,"8-Jun",83,"SPR","resistivity counter"
1995,"9-Jun",204,"SPR","resistivity counter"
1995,"10-Jun",160,"SPR","resistivity counter"
1995,"11-Jun",769,"SPR","resistivity counter"
1995,"12-Jun",608,"SPR","resistivity counter"
1995,"13-Jun",540,"SPR","resistivity counter"
1995,"14-Jun",447,"SPR","resistivity counter"
1995,"15-Jun",2923,"SPR","resistivity counter"
1995,"16-Jun",3999,"SPR","resistivity counter"
1995,"17-Jun",2352,"SPR","resistivity counter"
1995,"18-Jun",1444,"SPR","resistivity counter"
1995,"19-Jun",828,"SPR","resistivity counter"
1995,"20-Jun",469,"SPR","resistivity counter"
1995,"21-Jun",637,"SPR","resistivity counter"
1995,"22-Jun",1472,"SPR","resistivity counter"
1995,"23-Jun",2252,"SPR","resistivity counter"
1995,"24-Jun",1615,"SPR","resistivity counter"
1995,"25-Jun",1807,"SPR","resistivity counter"
1995,"26-Jun",1205,"SPR","resistivity counter"
1995,"27-Jun",744,"SPR","resistivity counter"
1995,"28-Jun",690,"SPR","resistivity counter"
1995,"29-Jun",228,"SPR","resistivity counter"
1995,"30-Jun",215,"SPR","resistivity counter"
1995,"1-Jul",379,"SPR","resistivity counter"
1995,"2-Jul",301,"SPR","resistivity counter"
1995,"3-Jul",1007,"SPR","resistivity counter"
1995,"4-Jul",1627,"SPR","resistivity counter"
1995,"5-Jul",3348,"SPR","resistivity counter"
1995,"6-Jul",3764,"SPR","resistivity counter"
1995,"7-Jul",2746,"SPR","resistivity counter"
1995,"8-Jul",1939,"SPR","resistivity counter"
1995,"9-Jul",2439,"SPR","resistivity counter"
1995,"10-Jul",1108,"SPR","resistivity counter"
1995,"11-Jul",1268,"SPR","resistivity counter"
1995,"12-Jul",1633,"SPR","resistivity counter"
1995,"13-Jul",2561,"SPR","resistivity counter"
1995,"14-Jul",1968,"SPR","resistivity counter"
1995,"15-Jul",1518,"SPR","resistivity counter"
1995,"16-Jul",1388,"SPR","resistivity counter"
1995,"17-Jul",672,"SPR","resistivity counter"
1995,"18-Jul",146,"SPR","resistivity counter"
1995,"19-Jul",50,"SPR","resistivity counter"
1995,"20-Jul",25,"SPR","resistivity counter"
1995,"21-Jul",249,"SPR","resistivity counter"
1995,"22-Jul",888,"SPR","resistivity counter"
1995,"23-Jul",1142,"SPR","resistivity counter"
1995,"24-Jul",1375,"SPR","resistivity counter"
1995,"25-Jul",1833,"SPR","resistivity counter"
1995,"26-Jul",2202,"SPR","resistivity counter"
1995,"27-Jul",3288,"SPR","resistivity counter"
1995,"28-Jul",4405,"SPR","resistivity counter"
1995,"29-Jul",2572,"SPR","resistivity counter"
1995,"30-Jul",3243,"SPR","resistivity counter"
1995,"31-Jul",3296,"SPR","resistivity counter"
1995,"1-Aug",2592,"SPR","resistivity counter"
1995,"2-Aug",2529,"SPR","resistivity counter"
1995,"3-Aug",2063,"SPR","resistivity counter"
1995,"4-Aug",1191,"SPR","resistivity counter"
1995,"5-Aug",1552,"SPR","resistivity counter"
1995,"6-Aug",916,"SPR","resistivity counter"
1995,"7-Aug",684,"SPR","resistivity counter"
1995,"8-Aug",1445,"SPR","resistivity counter"
1995,"9-Aug",1076,"SPR","resistivity counter"
1995,"10-Aug",1193,"SPR","resistivity counter"
1995,"11-Aug",1000,"SPR","resistivity counter"
1995,"12-Aug",1039,"SPR","resistivity counter"
1995,"13-Aug",514,"SPR","resistivity counter"
1995,"14-Aug",510,"SPR","resistivity counter"
1995,"15-Aug",1178,"SPR","resistivity counter"
1995,"16-Aug",443,"SPR","resistivity counter"
1995,"17-Aug",473,"SPR","resistivity counter"
1995,"18-Aug",197,"SPR","resistivity counter"
1995,"19-Aug",461,"SPR","resistivity counter"
1995,"20-Aug",182,"SPR","resistivity counter"
1995,"21-Aug",282,"SPR","resistivity counter"
1995,"22-Aug",284,"SPR","resistivity counter"
1995,"23-Aug",165,"SPR","resistivity counter"
1995,"24-Aug",80,"SPR","resistivity counter"
1995,"25-Aug",29,"SPR","resistivity counter"
1995,"26-Aug",60,"SPR","resistivity counter"
1995,"27-Aug",33,"SPR","resistivity counter"
1995,"28-Aug",24,"SPR","resistivity counter"
1995,"29-Aug",12,"SPR","resistivity counter"
1995,"30-Aug",13,"SPR","resistivity counter"
1995,"31-Aug",9,"SPR","resistivity counter"
1995,"1-Sep",14,"SPR","resistivity counter"
1995,"2-Sep",11,"SPR","resistivity counter"
1995,"3-Sep",7,"SPR","resistivity counter"
1995,"4-Sep",4,"SPR","resistivity counter"
1994,"2-Jun",7,"GCL","resistivity counter"
1994,"3-Jun",20,"GCL","resistivity counter"
1994,"4-Jun",43,"GCL","resistivity counter"
1994,"5-Jun",30,"GCL","resistivity counter"
1994,"6-Jun",93,"GCL","resistivity counter"
1994,"7-Jun",86,"GCL","resistivity counter"
1994,"8-Jun",83,"GCL","resistivity counter"
1994,"9-Jun",71,"GCL","resistivity counter"
1994,"10-Jun",94,"GCL","resistivity counter"
1994,"11-Jun",109,"GCL","resistivity counter"
1994,"12-Jun",212,"GCL","resistivity counter"
1994,"13-Jun",245,"GCL","resistivity counter"
1994,"14-Jun",191,"GCL","resistivity counter"
1994,"15-Jun",81,"GCL","resistivity counter"
1994,"16-Jun",178,"GCL","resistivity counter"
1994,"17-Jun",123,"GCL","resistivity counter"
1994,"18-Jun",77,"GCL","resistivity counter"
1994,"19-Jun",51,"GCL","resistivity counter"
1994,"20-Jun",300,"GCL","resistivity counter"
1994,"21-Jun",515,"GCL","resistivity counter"
1994,"22-Jun",2489,"GCL","resistivity counter"
1994,"23-Jun",3256,"GCL","resistivity counter"
1994,"24-Jun",1668,"GCL","resistivity counter"
1994,"25-Jun",3008,"GCL","resistivity counter"
1994,"26-Jun",4384,"GCL","resistivity counter"
1994,"27-Jun",6715,"GCL","resistivity counter"
1994,"28-Jun",4940,"GCL","resistivity counter"
1994,"29-Jun",5071,"GCL","resistivity counter"
1994,"30-Jun",3811,"GCL","resistivity counter"
1994,"1-Jul",2719,"GCL","resistivity counter"
1994,"2-Jul",3290,"GCL","resistivity counter"
1994,"3-Jul",2973,"GCL","resistivity counter"
1994,"4-Jul",3613,"GCL","resistivity counter"
1994,"5-Jul",3598,"GCL","resistivity counter"
1994,"6-Jul",1506,"GCL","resistivity counter"
1994,"7-Jul",396,"GCL","resistivity counter"
1994,"8-Jul",2296,"GCL","resistivity counter"
1994,"9-Jul",2008,"GCL","resistivity counter"
1994,"10-Jul",249,"GCL","resistivity counter"
1994,"11-Jul",325,"GCL","resistivity counter"
1994,"12-Jul",152,"GCL","resistivity counter"
1994,"13-Jul",574,"GCL","resistivity counter"
1994,"14-Jul",249,"GCL","resistivity counter"
1994,"15-Jul",130,"GCL","resistivity counter"
1994,"16-Jul",238,"GCL","resistivity counter"
1994,"17-Jul",351,"GCL","resistivity counter"
1994,"18-Jul",402,"GCL","resistivity counter"
1994,"19-Jul",142,"GCL","resistivity counter"
1994,"20-Jul",158,"GCL","resistivity counter"
1994,"21-Jul",134,"GCL","resistivity counter"
1994,"22-Jul",86,"GCL","resistivity counter"
1994,"23-Jul",19,"GCL","resistivity counter"
1994,"24-Jul",21,"GCL","resistivity counter"
1994,"25-Jul",43,"GCL","resistivity counter"
1994,"26-Jul",32,"GCL","resistivity counter"
1994,"27-Jul",19,"GCL","resistivity counter"
1994,"28-Jul",117,"GCL","resistivity counter"
1994,"29-Jul",87,"GCL","resistivity counter"
1994,"30-Jul",81,"GCL","resistivity counter"
1994,"31-Jul",242,"GCL","resistivity counter"
1994,"1-Aug",249,"GCL","resistivity counter"
1994,"2-Aug",259,"GCL","resistivity counter"
1994,"3-Aug",164,"GCL","resistivity counter"
1994,"4-Aug",124,"GCL","resistivity counter"
1994,"5-Aug",107,"GCL","resistivity counter"
1994,"6-Aug",153,"GCL","resistivity counter"
1994,"7-Aug",101,"GCL","resistivity counter"
1994,"8-Aug",158,"GCL","resistivity counter"
1994,"9-Aug",148,"GCL","resistivity counter"
1994,"10-Aug",70,"GCL","resistivity counter"
1994,"11-Aug",92,"GCL","resistivity counter"
1994,"12-Aug",117,"GCL","resistivity counter"
1994,"13-Aug",268,"GCL","resistivity counter"
1994,"14-Aug",202,"GCL","resistivity counter"
1994,"15-Aug",822,"GCL","resistivity counter"
1994,"16-Aug",689,"GCL","resistivity counter"
1994,"17-Aug",1058,"GCL","resistivity counter"
1994,"18-Aug",1585,"GCL","resistivity counter"
1994,"19-Aug",1486,"GCL","resistivity counter"
1994,"20-Aug",939,"GCL","resistivity counter"
1994,"21-Aug",478,"GCL","resistivity counter"
1994,"22-Aug",601,"GCL","resistivity counter"
1994,"23-Aug",710,"GCL","resistivity counter"
1994,"24-Aug",526,"GCL","resistivity counter"
1994,"25-Aug",837,"GCL","resistivity counter"
1994,"26-Aug",760,"GCL","resistivity counter"
1994,"27-Aug",1086,"GCL","resistivity counter"
1994,"28-Aug",799,"GCL","resistivity counter"
1994,"29-Aug",869,"GCL","resistivity counter"
1994,"30-Aug",899,"GCL","resistivity counter"
1994,"31-Aug",251,"GCL","resistivity counter"
1994,"1-Sep",399,"GCL","resistivity counter"
1994,"2-Sep",324,"GCL","resistivity counter"
1994,"3-Sep",400,"GCL","resistivity counter"
1994,"4-Sep",696,"GCL","resistivity counter"
1994,"5-Sep",765,"GCL","resistivity counter"
1994,"6-Sep",1125,"GCL","resistivity counter"
1994,"7-Sep",761,"GCL","resistivity counter"
1994,"8-Sep",1436,"GCL","resistivity counter"
1994,"9-Sep",1526,"GCL","resistivity counter"
1994,"10-Sep",1986,"GCL","resistivity counter"
1994,"11-Sep",2023,"GCL","resistivity counter"
1994,"12-Sep",2404,"GCL","resistivity counter"
1994,"13-Sep",2337,"GCL","resistivity counter"
1994,"14-Sep",1525,"GCL","resistivity counter"
1994,"15-Sep",1302,"GCL","resistivity counter"
1994,"16-Sep",909,"GCL","resistivity counter"
1994,"17-Sep",758,"GCL","resistivity counter"
1994,"18-Sep",537,"GCL","resistivity counter"
1994,"19-Sep",577,"GCL","resistivity counter"
1994,"20-Sep",507,"GCL","resistivity counter"
1994,"21-Sep",446,"GCL","resistivity counter"
1994,"22-Sep",403,"GCL","resistivity counter"
1994,"23-Sep",229,"GCL","resistivity counter"
1994,"24-Sep",266,"GCL","resistivity counter"
1994,"25-Sep",206,"GCL","resistivity counter"
1994,"26-Sep",121,"GCL","resistivity counter"
1994,"27-Sep",180,"GCL","resistivity counter"
1994,"28-Sep",160,"GCL","resistivity counter"
1994,"29-Sep",222,"GCL","resistivity counter"
1994,"30-Sep",137,"GCL","resistivity counter"
1994,"1-Oct",152,"GCL","resistivity counter"
1994,"2-Oct",104,"GCL","resistivity counter"
1994,"3-Oct",177,"GCL","resistivity counter"
1994,"4-Oct",104,"GCL","resistivity counter"
1994,"5-Oct",203,"GCL","resistivity counter"
1994,"6-Oct",401,"GCL","resistivity counter"
1994,"7-Oct",370,"GCL","resistivity counter"
1994,"8-Oct",652,"GCL","resistivity counter"
1994,"9-Oct",1056,"GCL","resistivity counter"
1994,"10-Oct",969,"GCL","resistivity counter"
1994,"11-Oct",734,"GCL","resistivity counter"
1994,"12-Oct",542,"GCL","resistivity counter"
1994,"13-Oct",392,"GCL","resistivity counter"
1994,"14-Oct",260,"GCL","resistivity counter"
1994,"15-Oct",185,"GCL","resistivity counter"
1994,"16-Oct",212,"GCL","resistivity counter"
1994,"17-Oct",109,"GCL","resistivity counter"
1994,"18-Oct",97,"GCL","resistivity counter"
1994,"19-Oct",148,"GCL","resistivity counter"
1994,"20-Oct",67,"GCL","resistivity counter"
1994,"21-Oct",94,"GCL","resistivity counter"
1994,"22-Oct",118,"GCL","resistivity counter"
1994,"23-Oct",316,"GCL","resistivity counter"
1994,"24-Oct",185,"GCL","resistivity counter"
1994,"25-Oct",76,"GCL","resistivity counter"
1994,"26-Oct",36,"GCL","resistivity counter"
1994,"27-Oct",42,"GCL","resistivity counter"
1994,"28-Oct",38,"GCL","resistivity counter"
1994,"29-Oct",33,"GCL","resistivity counter"
1994,"30-Oct",29,"GCL","resistivity counter"
1994,"31-Oct",25,"GCL","resistivity counter"
1994,"1-Nov",21,"GCL","resistivity counter"
1994,"2-Nov",17,"GCL","resistivity counter"
1994,"3-Nov",12,"GCL","resistivity counter"
1994,"4-Nov",8,"GCL","resistivity counter"
1994,"5-Nov",4,"GCL","resistivity counter"
1994,"6-Nov",0,"GCL","resistivity counter"
1994,"7-Nov",21,"GCL","resistivity counter"
1994,"8-Nov",1,"GCL","resistivity counter"
1994,"9-Nov",3,"GCL","resistivity counter"
1994,"10-Nov",5,"GCL","resistivity counter"
1994,"2-Jun",94,"SPR","resistivity counter"
1994,"3-Jun",123,"SPR","resistivity counter"
1994,"4-Jun",274,"SPR","resistivity counter"
1994,"5-Jun",190,"SPR","resistivity counter"
1994,"6-Jun",243,"SPR","resistivity counter"
1994,"7-Jun",139,"SPR","resistivity counter"
1994,"8-Jun",105,"SPR","resistivity counter"
1994,"9-Jun",137,"SPR","resistivity counter"
1994,"10-Jun",1367,"SPR","resistivity counter"
1994,"11-Jun",1076,"SPR","resistivity counter"
1994,"12-Jun",459,"SPR","resistivity counter"
1994,"13-Jun",283,"SPR","resistivity counter"
1994,"14-Jun",132,"SPR","resistivity counter"
1994,"15-Jun",90,"SPR","resistivity counter"
1994,"16-Jun",276,"SPR","resistivity counter"
1994,"17-Jun",1440,"SPR","resistivity counter"
1994,"18-Jun",2474,"SPR","resistivity counter"
1994,"19-Jun",1622,"SPR","resistivity counter"
1994,"20-Jun",1316,"SPR","resistivity counter"
1994,"21-Jun",1708,"SPR","resistivity counter"
1994,"22-Jun",3740,"SPR","resistivity counter"
1994,"23-Jun",9570,"SPR","resistivity counter"
1994,"24-Jun",4925,"SPR","resistivity counter"
1994,"25-Jun",4217,"SPR","resistivity counter"
1994,"26-Jun",6404,"SPR","resistivity counter"
1994,"27-Jun",2418,"SPR","resistivity counter"
1994,"28-Jun",3877,"SPR","resistivity counter"
1994,"29-Jun",7361,"SPR","resistivity counter"
1994,"30-Jun",7522,"SPR","resistivity counter"
1994,"1-Jul",3174,"SPR","resistivity counter"
1994,"2-Jul",2649,"SPR","resistivity counter"
1994,"3-Jul",2844,"SPR","resistivity counter"
1994,"4-Jul",2137,"SPR","resistivity counter"
1994,"5-Jul",1782,"SPR","resistivity counter"
1994,"6-Jul",1283,"SPR","resistivity counter"
1994,"7-Jul",2016,"SPR","resistivity counter"
1994,"8-Jul",4822,"SPR","resistivity counter"
1994,"9-Jul",3655,"SPR","resistivity counter"
1994,"10-Jul",1875,"SPR","resistivity counter"
1994,"11-Jul",305,"SPR","resistivity counter"
1994,"12-Jul",179,"SPR","resistivity counter"
1994,"13-Jul",201,"SPR","resistivity counter"
1994,"14-Jul",305,"SPR","resistivity counter"
1994,"15-Jul",532,"SPR","resistivity counter"
1994,"16-Jul",431,"SPR","resistivity counter"
1994,"17-Jul",339,"SPR","resistivity counter"
1994,"18-Jul",245,"SPR","resistivity counter"
1994,"19-Jul",173,"SPR","resistivity counter"
1994,"20-Jul",229,"SPR","resistivity counter"
1994,"21-Jul",35,"SPR","resistivity counter"
1994,"22-Jul",16,"SPR","resistivity counter"
1994,"23-Jul",11,"SPR","resistivity counter"
1994,"24-Jul",6,"SPR","resistivity counter"
1994,"25-Jul",47,"SPR","resistivity counter"
1994,"26-Jul",153,"SPR","resistivity counter"
1994,"27-Jul",53,"SPR","resistivity counter"
1994,"28-Jul",174,"SPR","resistivity counter"
1994,"29-Jul",195,"SPR","resistivity counter"
1994,"30-Jul",334,"SPR","resistivity counter"
1994,"31-Jul",1459,"SPR","resistivity counter"
1994,"1-Aug",601,"SPR","resistivity counter"
1994,"2-Aug",445,"SPR","resistivity counter"
1994,"3-Aug",233,"SPR","resistivity counter"
1994,"4-Aug",199,"SPR","resistivity counter"
1994,"5-Aug",137,"SPR","resistivity counter"
1994,"6-Aug",221,"SPR","resistivity counter"
1994,"7-Aug",180,"SPR","resistivity counter"
1994,"8-Aug",457,"SPR","resistivity counter"
1994,"9-Aug",750,"SPR","resistivity counter"
1994,"10-Aug",137,"SPR","resistivity counter"
1994,"11-Aug",505,"SPR","resistivity counter"
1994,"12-Aug",531,"SPR","resistivity counter"
1994,"13-Aug",739,"SPR","resistivity counter"
1994,"14-Aug",1097,"SPR","resistivity counter"
1994,"15-Aug",2542,"SPR","resistivity counter"
1994,"16-Aug",2320,"SPR","resistivity counter"
1994,"17-Aug",2508,"SPR","resistivity counter"
1994,"18-Aug",2176,"SPR","resistivity counter"
1994,"19-Aug",1201,"SPR","resistivity counter"
1994,"20-Aug",547,"SPR","resistivity counter"
1994,"21-Aug",128,"SPR","resistivity counter"
1994,"22-Aug",433,"SPR","resistivity counter"
1994,"23-Aug",192,"SPR","resistivity counter"
1994,"24-Aug",218,"SPR","resistivity counter"
1994,"25-Aug",886,"SPR","resistivity counter"
1994,"26-Aug",682,"SPR","resistivity counter"
1994,"27-Aug",248,"SPR","resistivity counter"
1994,"28-Aug",256,"SPR","resistivity counter"
1994,"29-Aug",850,"SPR","resistivity counter"
1994,"30-Aug",274,"SPR","resistivity counter"
1994,"31-Aug",82,"SPR","resistivity counter"
1994,"1-Sep",47,"SPR","resistivity counter"
1994,"2-Sep",41,"SPR","resistivity counter"
1994,"3-Sep",148,"SPR","resistivity counter"
1994,"4-Sep",710,"SPR","resistivity counter"
1994,"5-Sep",537,"SPR","resistivity counter"
1994,"6-Sep",276,"SPR","resistivity counter"
1994,"7-Sep",328,"SPR","resistivity counter"
1994,"8-Sep",3946,"SPR","resistivity counter"
1994,"9-Sep",4649,"SPR","resistivity counter"
1994,"10-Sep",3522,"SPR","resistivity counter"
1994,"11-Sep",2894,"SPR","resistivity counter"
1994,"12-Sep",2187,"SPR","resistivity counter"
1994,"13-Sep",1589,"SPR","resistivity counter"
1994,"14-Sep",1311,"SPR","resistivity counter"
1994,"15-Sep",964,"SPR","resistivity counter"
1994,"16-Sep",552,"SPR","resistivity counter"
1994,"17-Sep",663,"SPR","resistivity counter"
1994,"18-Sep",365,"SPR","resistivity counter"
1994,"19-Sep",449,"SPR","resistivity counter"
1994,"20-Sep",186,"SPR","resistivity counter"
1994,"21-Sep",219,"SPR","resistivity counter"
1994,"22-Sep",127,"SPR","resistivity counter"
1994,"23-Sep",123,"SPR","resistivity counter"
1994,"24-Sep",150,"SPR","resistivity counter"
1994,"25-Sep",162,"SPR","resistivity counter"
1994,"26-Sep",138,"SPR","resistivity counter"
1994,"27-Sep",115,"SPR","resistivity counter"
1994,"28-Sep",88,"SPR","resistivity counter"
1994,"29-Sep",58,"SPR","resistivity counter"
1994,"30-Sep",210,"SPR","resistivity counter"
1993,"6-Jun",0,"GCL","resistivity counter"
1993,"7-Jun",0,"GCL","resistivity counter"
1993,"8-Jun",0,"GCL","resistivity counter"
1993,"9-Jun",58,"GCL","resistivity counter"
1993,"10-Jun",160,"GCL","resistivity counter"
1993,"11-Jun",271,"GCL","resistivity counter"
1993,"12-Jun",333,"GCL","resistivity counter"
1993,"13-Jun",448,"GCL","resistivity counter"
1993,"14-Jun",512,"GCL","resistivity counter"
1993,"15-Jun",683,"GCL","resistivity counter"
1993,"16-Jun",584,"GCL","resistivity counter"
1993,"17-Jun",551,"GCL","resistivity counter"
1993,"18-Jun",669,"GCL","resistivity counter"
1993,"19-Jun",787,"GCL","resistivity counter"
1993,"20-Jun",1018,"GCL","resistivity counter"
1993,"21-Jun",500,"GCL","resistivity counter"
1993,"22-Jun",594,"GCL","resistivity counter"
1993,"23-Jun",748,"GCL","resistivity counter"
1993,"24-Jun",735,"GCL","resistivity counter"
1993,"25-Jun",639,"GCL","resistivity counter"
1993,"26-Jun",494,"GCL","resistivity counter"
1993,"27-Jun",1182,"GCL","resistivity counter"
1993,"28-Jun",674,"GCL","resistivity counter"
1993,"29-Jun",1003,"GCL","resistivity counter"
1993,"30-Jun",922,"GCL","resistivity counter"
1993,"1-Jul",405,"GCL","resistivity counter"
1993,"2-Jul",391,"GCL","resistivity counter"
1993,"3-Jul",532,"GCL","resistivity counter"
1993,"4-Jul",925,"GCL","resistivity counter"
1993,"5-Jul",537,"GCL","resistivity counter"
1993,"6-Jul",515,"GCL","resistivity counter"
1993,"7-Jul",330,"GCL","resistivity counter"
1993,"8-Jul",394,"GCL","resistivity counter"
1993,"9-Jul",325,"GCL","resistivity counter"
1993,"10-Jul",349,"GCL","resistivity counter"
1993,"11-Jul",1176,"GCL","resistivity counter"
1993,"12-Jul",1179,"GCL","resistivity counter"
1993,"13-Jul",787,"GCL","resistivity counter"
1993,"14-Jul",694,"GCL","resistivity counter"
1993,"15-Jul",366,"GCL","resistivity counter"
1993,"16-Jul",452,"GCL","resistivity counter"
1993,"17-Jul",254,"GCL","resistivity counter"
1993,"18-Jul",317,"GCL","resistivity counter"
1993,"19-Jul",438,"GCL","resistivity counter"
1993,"20-Jul",538,"GCL","resistivity counter"
1993,"21-Jul",1329,"GCL","resistivity counter"
1993,"22-Jul",1429,"GCL","resistivity counter"
1993,"23-Jul",3526,"GCL","resistivity counter"
1993,"24-Jul",8276,"GCL","resistivity counter"
1993,"25-Jul",5317,"GCL","resistivity counter"
1993,"26-Jul",10823,"GCL","resistivity counter"
1993,"27-Jul",11034,"GCL","resistivity counter"
1993,"28-Jul",5156,"GCL","resistivity counter"
1993,"29-Jul",6706,"GCL","resistivity counter"
1993,"30-Jul",4147,"GCL","resistivity counter"
1993,"31-Jul",2681,"GCL","resistivity counter"
1993,"1-Aug",2383,"GCL","resistivity counter"
1993,"2-Aug",3031,"GCL","resistivity counter"
1993,"3-Aug",1319,"GCL","resistivity counter"
1993,"4-Aug",672,"GCL","resistivity counter"
1993,"5-Aug",727,"GCL","resistivity counter"
1993,"6-Aug",1812,"GCL","resistivity counter"
1993,"7-Aug",419,"GCL","resistivity counter"
1993,"8-Aug",837,"GCL","resistivity counter"
1993,"9-Aug",2229,"GCL","resistivity counter"
1993,"10-Aug",4405,"GCL","resistivity counter"
1993,"11-Aug",3369,"GCL","resistivity counter"
1993,"12-Aug",4345,"GCL","resistivity counter"
1993,"13-Aug",4828,"GCL","resistivity counter"
1993,"14-Aug",6812,"GCL","resistivity counter"
1993,"15-Aug",3926,"GCL","resistivity counter"
1993,"16-Aug",3176,"GCL","resistivity counter"
1993,"17-Aug",1989,"GCL","resistivity counter"
1993,"18-Aug",1687,"GCL","resistivity counter"
1993,"19-Aug",4118,"GCL","resistivity counter"
1993,"20-Aug",2944,"GCL","resistivity counter"
1993,"21-Aug",2646,"GCL","resistivity counter"
1993,"22-Aug",1655,"GCL","resistivity counter"
1993,"23-Aug",4286,"GCL","resistivity counter"
1993,"24-Aug",3312,"GCL","resistivity counter"
1993,"25-Aug",2036,"GCL","resistivity counter"
1993,"26-Aug",2765,"GCL","resistivity counter"
1993,"27-Aug",7316,"GCL","resistivity counter"
1993,"28-Aug",2830,"GCL","resistivity counter"
1993,"29-Aug",2504,"GCL","resistivity counter"
1993,"30-Aug",2123,"GCL","resistivity counter"
1993,"31-Aug",1335,"GCL","resistivity counter"
1993,"1-Sep",1462,"GCL","resistivity counter"
1993,"2-Sep",508,"GCL","resistivity counter"
1993,"3-Sep",364,"GCL","resistivity counter"
1993,"4-Sep",324,"GCL","resistivity counter"
1993,"5-Sep",430,"GCL","resistivity counter"
1993,"6-Sep",721,"GCL","resistivity counter"
1993,"7-Sep",1483,"GCL","resistivity counter"
1993,"8-Sep",2040,"GCL","resistivity counter"
1993,"9-Sep",1989,"GCL","resistivity counter"
1993,"10-Sep",614,"GCL","resistivity counter"
1993,"11-Sep",409,"GCL","resistivity counter"
1993,"12-Sep",273,"GCL","resistivity counter"
1993,"13-Sep",185,"GCL","resistivity counter"
1993,"14-Sep",382,"GCL","resistivity counter"
1993,"15-Sep",391,"GCL","resistivity counter"
1993,"16-Sep",580,"GCL","resistivity counter"
1993,"17-Sep",1237,"GCL","resistivity counter"
1993,"18-Sep",1716,"GCL","resistivity counter"
1993,"19-Sep",1699,"GCL","resistivity counter"
1993,"20-Sep",1640,"GCL","resistivity counter"
1993,"21-Sep",2117,"GCL","resistivity counter"
1993,"22-Sep",1942,"GCL","resistivity counter"
1993,"23-Sep",1937,"GCL","resistivity counter"
1993,"24-Sep",1102,"GCL","resistivity counter"
1993,"25-Sep",736,"GCL","resistivity counter"
1993,"26-Sep",731,"GCL","resistivity counter"
1993,"27-Sep",613,"GCL","resistivity counter"
1993,"28-Sep",563,"GCL","resistivity counter"
1993,"29-Sep",344,"GCL","resistivity counter"
1993,"30-Sep",359,"GCL","resistivity counter"
1993,"1-Oct",475,"GCL","resistivity counter"
1993,"2-Oct",539,"GCL","resistivity counter"
1993,"3-Oct",743,"GCL","resistivity counter"
1993,"4-Oct",646,"GCL","resistivity counter"
1993,"5-Oct",1668,"GCL","resistivity counter"
1993,"6-Oct",1683,"GCL","resistivity counter"
1993,"7-Oct",1575,"GCL","resistivity counter"
1993,"8-Oct",1652,"GCL","resistivity counter"
1993,"9-Oct",1093,"GCL","resistivity counter"
1993,"10-Oct",1048,"GCL","resistivity counter"
1993,"11-Oct",1716,"GCL","resistivity counter"
1993,"12-Oct",2434,"GCL","resistivity counter"
1993,"13-Oct",2468,"GCL","resistivity counter"
1993,"14-Oct",2207,"GCL","resistivity counter"
1993,"15-Oct",2357,"GCL","resistivity counter"
1993,"16-Oct",1972,"GCL","resistivity counter"
1993,"17-Oct",2059,"GCL","resistivity counter"
1993,"18-Oct",1604,"GCL","resistivity counter"
1993,"19-Oct",1102,"GCL","resistivity counter"
1993,"20-Oct",949,"GCL","resistivity counter"
1993,"21-Oct",1421,"GCL","resistivity counter"
1993,"22-Oct",1001,"GCL","resistivity counter"
1993,"23-Oct",484,"GCL","resistivity counter"
1993,"24-Oct",524,"GCL","resistivity counter"
1993,"25-Oct",561,"GCL","resistivity counter"
1993,"26-Oct",396,"GCL","resistivity counter"
1993,"27-Oct",254,"GCL","resistivity counter"
1993,"28-Oct",220,"GCL","resistivity counter"
1993,"29-Oct",115,"GCL","resistivity counter"
1993,"30-Oct",100,"GCL","resistivity counter"
1993,"31-Oct",65,"GCL","resistivity counter"
1993,"1-Nov",64,"GCL","resistivity counter"
1993,"2-Nov",176,"GCL","resistivity counter"
1993,"3-Nov",99,"GCL","resistivity counter"
1993,"4-Nov",168,"GCL","resistivity counter"
1993,"5-Nov",116,"GCL","resistivity counter"
1993,"6-Nov",61,"GCL","resistivity counter"
1993,"7-Nov",104,"GCL","resistivity counter"
1993,"4-Jun",302,"SPR","resistivity counter"
1993,"5-Jun",867,"SPR","resistivity counter"
1993,"6-Jun",1075,"SPR","resistivity counter"
1993,"7-Jun",972,"SPR","resistivity counter"
1993,"8-Jun",820,"SPR","resistivity counter"
1993,"9-Jun",1160,"SPR","resistivity counter"
1993,"10-Jun",881,"SPR","resistivity counter"
1993,"11-Jun",1313,"SPR","resistivity counter"
1993,"12-Jun",809,"SPR","resistivity counter"
1993,"13-Jun",1085,"SPR","resistivity counter"
1993,"14-Jun",891,"SPR","resistivity counter"
1993,"15-Jun",503,"SPR","resistivity counter"
1993,"16-Jun",489,"SPR","resistivity counter"
1993,"17-Jun",587,"SPR","resistivity counter"
1993,"18-Jun",849,"SPR","resistivity counter"
1993,"19-Jun",881,"SPR","resistivity counter"
1993,"20-Jun",1284,"SPR","resistivity counter"
1993,"21-Jun",568,"SPR","resistivity counter"
1993,"22-Jun",547,"SPR","resistivity counter"
1993,"23-Jun",454,"SPR","resistivity counter"
1993,"24-Jun",1063,"SPR","resistivity counter"
1993,"25-Jun",994,"SPR","resistivity counter"
1993,"26-Jun",1542,"SPR","resistivity counter"
1993,"27-Jun",819,"SPR","resistivity counter"
1993,"28-Jun",412,"SPR","resistivity counter"
1993,"29-Jun",1220,"SPR","resistivity counter"
1993,"30-Jun",314,"SPR","resistivity counter"
1993,"1-Jul",1534,"SPR","resistivity counter"
1993,"2-Jul",446,"SPR","resistivity counter"
1993,"3-Jul",1129,"SPR","resistivity counter"
1993,"4-Jul",428,"SPR","resistivity counter"
1993,"5-Jul",358,"SPR","resistivity counter"
1993,"6-Jul",404,"SPR","resistivity counter"
1993,"7-Jul",705,"SPR","resistivity counter"
1993,"8-Jul",291,"SPR","resistivity counter"
1993,"9-Jul",891,"SPR","resistivity counter"
1993,"10-Jul",2221,"SPR","resistivity counter"
1993,"11-Jul",1961,"SPR","resistivity counter"
1993,"12-Jul",840,"SPR","resistivity counter"
1993,"13-Jul",328,"SPR","resistivity counter"
1993,"14-Jul",303,"SPR","resistivity counter"
1993,"15-Jul",338,"SPR","resistivity counter"
1993,"16-Jul",516,"SPR","resistivity counter"
1993,"17-Jul",327,"SPR","resistivity counter"
1993,"18-Jul",449,"SPR","resistivity counter"
1993,"19-Jul",1101,"SPR","resistivity counter"
1993,"20-Jul",2410,"SPR","resistivity counter"
1993,"21-Jul",2280,"SPR","resistivity counter"
1993,"22-Jul",5680,"SPR","resistivity counter"
1993,"23-Jul",11138,"SPR","resistivity counter"
1993,"24-Jul",10911,"SPR","resistivity counter"
1993,"25-Jul",8318,"SPR","resistivity counter"
1993,"26-Jul",9261,"SPR","resistivity counter"
1993,"27-Jul",9611,"SPR","resistivity counter"
1993,"28-Jul",7091,"SPR","resistivity counter"
1993,"29-Jul",5764,"SPR","resistivity counter"
1993,"30-Jul",3469,"SPR","resistivity counter"
1993,"31-Jul",3094,"SPR","resistivity counter"
1993,"1-Aug",2463,"SPR","resistivity counter"
1993,"2-Aug",1222,"SPR","resistivity counter"
1993,"3-Aug",186,"SPR","resistivity counter"
1993,"4-Aug",47,"SPR","resistivity counter"
1993,"5-Aug",42,"SPR","resistivity counter"
1993,"6-Aug",102,"SPR","resistivity counter"
1993,"7-Aug",432,"SPR","resistivity counter"
1993,"8-Aug",3419,"SPR","resistivity counter"
1993,"9-Aug",6496,"SPR","resistivity counter"
1993,"10-Aug",4430,"SPR","resistivity counter"
1993,"11-Aug",2360,"SPR","resistivity counter"
1993,"12-Aug",2718,"SPR","resistivity counter"
1993,"13-Aug",2563,"SPR","resistivity counter"
1993,"14-Aug",3008,"SPR","resistivity counter"
1993,"15-Aug",2656,"SPR","resistivity counter"
1993,"16-Aug",1827,"SPR","resistivity counter"
1993,"17-Aug",1513,"SPR","resistivity counter"
1993,"18-Aug",2638,"SPR","resistivity counter"
1993,"19-Aug",2398,"SPR","resistivity counter"
1993,"20-Aug",1872,"SPR","resistivity counter"
1993,"21-Aug",1020,"SPR","resistivity counter"
1993,"22-Aug",3505,"SPR","resistivity counter"
1993,"23-Aug",6718,"SPR","resistivity counter"
1993,"24-Aug",1784,"SPR","resistivity counter"
1993,"25-Aug",3224,"SPR","resistivity counter"
1993,"26-Aug",5769,"SPR","resistivity counter"
1993,"27-Aug",1433,"SPR","resistivity counter"
1993,"28-Aug",2079,"SPR","resistivity counter"
1993,"29-Aug",1014,"SPR","resistivity counter"
1993,"30-Aug",1137,"SPR","resistivity counter"
1993,"31-Aug",890,"SPR","resistivity counter"
1993,"1-Sep",457,"SPR","resistivity counter"
1993,"2-Sep",372,"SPR","resistivity counter"
1993,"3-Sep",543,"SPR","resistivity counter"
1993,"4-Sep",1200,"SPR","resistivity counter"
1993,"5-Sep",1137,"SPR","resistivity counter"
1993,"6-Sep",1447,"SPR","resistivity counter"
1993,"7-Sep",1417,"SPR","resistivity counter"
1993,"8-Sep",847,"SPR","resistivity counter"
1993,"9-Sep",251,"SPR","resistivity counter"
1993,"10-Sep",198,"SPR","resistivity counter"
1993,"11-Sep",184,"SPR","resistivity counter"
1993,"12-Sep",140,"SPR","resistivity counter"
1993,"13-Sep",239,"SPR","resistivity counter"
1993,"14-Sep",270,"SPR","resistivity counter"
1993,"15-Sep",601,"SPR","resistivity counter"
1993,"16-Sep",387,"SPR","resistivity counter"
1993,"17-Sep",188,"SPR","resistivity counter"
1993,"18-Sep",471,"SPR","resistivity counter"
1993,"19-Sep",531,"SPR","resistivity counter"
1993,"20-Sep",946,"SPR","resistivity counter"
1993,"21-Sep",473,"SPR","resistivity counter"
1993,"22-Sep",627,"SPR","resistivity counter"
1993,"23-Sep",686,"SPR","resistivity counter"
1993,"24-Sep",783,"SPR","resistivity counter"
1993,"25-Sep",522,"SPR","resistivity counter"
1993,"26-Sep",380,"SPR","resistivity counter"
1993,"27-Sep",201,"SPR","resistivity counter"
1993,"28-Sep",143,"SPR","resistivity counter"
1993,"29-Sep",214,"SPR","resistivity counter"
1993,"30-Sep",192,"SPR","resistivity counter"
1993,"1-Oct",129,"SPR","resistivity counter"
1993,"2-Oct",117,"SPR","resistivity counter"
1993,"3-Oct",111,"SPR","resistivity counter"
1993,"4-Oct",185,"SPR","resistivity counter"
1993,"5-Oct",204,"SPR","resistivity counter"
1993,"6-Oct",174,"SPR","resistivity counter"
1993,"7-Oct",218,"SPR","resistivity counter"
1993,"8-Oct",210,"SPR","resistivity counter"
1993,"9-Oct",141,"SPR","resistivity counter"
1993,"10-Oct",128,"SPR","resistivity counter"
1993,"11-Oct",154,"SPR","resistivity counter"
1993,"12-Oct",140,"SPR","resistivity counter"
1993,"13-Oct",68,"SPR","resistivity counter"
1992,"1-Jun",4,"GCL","resistivity counter"
1992,"2-Jun",33,"GCL","resistivity counter"
1992,"3-Jun",70,"GCL","resistivity counter"
1992,"4-Jun",52,"GCL","resistivity counter"
1992,"5-Jun",28,"GCL","resistivity counter"
1992,"6-Jun",36,"GCL","resistivity counter"
1992,"7-Jun",26,"GCL","resistivity counter"
1992,"8-Jun",45,"GCL","resistivity counter"
1992,"9-Jun",60,"GCL","resistivity counter"
1992,"10-Jun",81,"GCL","resistivity counter"
1992,"11-Jun",122,"GCL","resistivity counter"
1992,"12-Jun",201,"GCL","resistivity counter"
1992,"13-Jun",345,"GCL","resistivity counter"
1992,"14-Jun",545,"GCL","resistivity counter"
1992,"15-Jun",400,"GCL","resistivity counter"
1992,"16-Jun",580,"GCL","resistivity counter"
1992,"17-Jun",689,"GCL","resistivity counter"
1992,"18-Jun",915,"GCL","resistivity counter"
1992,"19-Jun",1489,"GCL","resistivity counter"
1992,"20-Jun",1437,"GCL","resistivity counter"
1992,"21-Jun",495,"GCL","resistivity counter"
1992,"22-Jun",906,"GCL","resistivity counter"
1992,"23-Jun",1246,"GCL","resistivity counter"
1992,"24-Jun",438,"GCL","resistivity counter"
1992,"25-Jun",177,"GCL","resistivity counter"
1992,"26-Jun",91,"GCL","resistivity counter"
1992,"27-Jun",17,"GCL","resistivity counter"
1992,"28-Jun",16,"GCL","resistivity counter"
1992,"29-Jun",15,"GCL","resistivity counter"
1992,"30-Jun",101,"GCL","resistivity counter"
1992,"1-Jul",132,"GCL","resistivity counter"
1992,"2-Jul",123,"GCL","resistivity counter"
1992,"3-Jul",480,"GCL","resistivity counter"
1992,"4-Jul",1063,"GCL","resistivity counter"
1992,"5-Jul",1914,"GCL","resistivity counter"
1992,"6-Jul",3081,"GCL","resistivity counter"
1992,"7-Jul",3420,"GCL","resistivity counter"
1992,"8-Jul",7908,"GCL","resistivity counter"
1992,"9-Jul",3490,"GCL","resistivity counter"
1992,"10-Jul",5890,"GCL","resistivity counter"
1992,"11-Jul",3282,"GCL","resistivity counter"
1992,"12-Jul",1349,"GCL","resistivity counter"
1992,"13-Jul",629,"GCL","resistivity counter"
1992,"14-Jul",1884,"GCL","resistivity counter"
1992,"15-Jul",2283,"GCL","resistivity counter"
1992,"16-Jul",2720,"GCL","resistivity counter"
1992,"17-Jul",1746,"GCL","resistivity counter"
1992,"18-Jul",641,"GCL","resistivity counter"
1992,"19-Jul",317,"GCL","resistivity counter"
1992,"20-Jul",145,"GCL","resistivity counter"
1992,"21-Jul",74,"GCL","resistivity counter"
1992,"22-Jul",24,"GCL","resistivity counter"
1992,"23-Jul",20,"GCL","resistivity counter"
1992,"24-Jul",584,"GCL","resistivity counter"
1992,"25-Jul",1278,"GCL","resistivity counter"
1992,"26-Jul",3495,"GCL","resistivity counter"
1992,"27-Jul",2223,"GCL","resistivity counter"
1992,"28-Jul",3603,"GCL","resistivity counter"
1992,"29-Jul",1536,"GCL","resistivity counter"
1992,"30-Jul",1000,"GCL","resistivity counter"
1992,"31-Jul",1101,"GCL","resistivity counter"
1992,"1-Aug",994,"GCL","resistivity counter"
1992,"2-Aug",564,"GCL","resistivity counter"
1992,"3-Aug",1120,"GCL","resistivity counter"
1992,"4-Aug",2408,"GCL","resistivity counter"
1992,"5-Aug",1881,"GCL","resistivity counter"
1992,"6-Aug",2260,"GCL","resistivity counter"
1992,"7-Aug",1919,"GCL","resistivity counter"
1992,"8-Aug",1566,"GCL","resistivity counter"
1992,"9-Aug",2183,"GCL","resistivity counter"
1992,"10-Aug",2117,"GCL","resistivity counter"
1992,"11-Aug",984,"GCL","resistivity counter"
1992,"12-Aug",180,"GCL","resistivity counter"
1992,"13-Aug",3625,"GCL","resistivity counter"
1992,"14-Aug",1327,"GCL","resistivity counter"
1992,"15-Aug",457,"GCL","resistivity counter"
1992,"16-Aug",192,"GCL","resistivity counter"
1992,"17-Aug",308,"GCL","resistivity counter"
1992,"18-Aug",494,"GCL","resistivity counter"
1992,"19-Aug",419,"GCL","resistivity counter"
1992,"20-Aug",655,"GCL","resistivity counter"
1992,"21-Aug",613,"GCL","resistivity counter"
1992,"22-Aug",368,"GCL","resistivity counter"
1992,"23-Aug",934,"GCL","resistivity counter"
1992,"24-Aug",1376,"GCL","resistivity counter"
1992,"25-Aug",1603,"GCL","resistivity counter"
1992,"26-Aug",1106,"GCL","resistivity counter"
1992,"27-Aug",624,"GCL","resistivity counter"
1992,"28-Aug",570,"GCL","resistivity counter"
1992,"29-Aug",451,"GCL","resistivity counter"
1992,"30-Aug",285,"GCL","resistivity counter"
1992,"31-Aug",751,"GCL","resistivity counter"
1992,"1-Sep",526,"GCL","resistivity counter"
1992,"2-Sep",885,"GCL","resistivity counter"
1992,"3-Sep",151,"GCL","resistivity counter"
1992,"4-Sep",440,"GCL","resistivity counter"
1992,"5-Sep",2428,"GCL","resistivity counter"
1992,"6-Sep",993,"GCL","resistivity counter"
1992,"7-Sep",1137,"GCL","resistivity counter"
1992,"8-Sep",1125,"GCL","resistivity counter"
1992,"9-Sep",657,"GCL","resistivity counter"
1992,"10-Sep",984,"GCL","resistivity counter"
1992,"11-Sep",840,"GCL","resistivity counter"
1992,"12-Sep",1326,"GCL","resistivity counter"
1992,"13-Sep",414,"GCL","resistivity counter"
1992,"14-Sep",427,"GCL","resistivity counter"
1992,"15-Sep",407,"GCL","resistivity counter"
1992,"16-Sep",775,"GCL","resistivity counter"
1992,"17-Sep",1102,"GCL","resistivity counter"
1992,"18-Sep",1404,"GCL","resistivity counter"
1992,"19-Sep",2072,"GCL","resistivity counter"
1992,"20-Sep",2192,"GCL","resistivity counter"
1992,"21-Sep",2058,"GCL","resistivity counter"
1992,"22-Sep",1730,"GCL","resistivity counter"
1992,"23-Sep",1511,"GCL","resistivity counter"
1992,"24-Sep",2213,"GCL","resistivity counter"
1992,"25-Sep",2737,"GCL","resistivity counter"
1992,"26-Sep",2530,"GCL","resistivity counter"
1992,"27-Sep",4025,"GCL","resistivity counter"
1992,"28-Sep",6149,"GCL","resistivity counter"
1992,"29-Sep",8214,"GCL","resistivity counter"
1992,"30-Sep",7653,"GCL","resistivity counter"
1992,"1-Oct",8345,"GCL","resistivity counter"
1992,"2-Oct",5242,"GCL","resistivity counter"
1992,"3-Oct",3636,"GCL","resistivity counter"
1992,"4-Oct",2295,"GCL","resistivity counter"
1992,"5-Oct",1340,"GCL","resistivity counter"
1992,"6-Oct",816,"GCL","resistivity counter"
1992,"7-Oct",746,"GCL","resistivity counter"
1992,"8-Oct",1309,"GCL","resistivity counter"
1992,"9-Oct",1032,"GCL","resistivity counter"
1992,"10-Oct",526,"GCL","resistivity counter"
1992,"11-Oct",611,"GCL","resistivity counter"
1992,"12-Oct",867,"GCL","resistivity counter"
1992,"13-Oct",544,"GCL","resistivity counter"
1992,"14-Oct",367,"GCL","resistivity counter"
1992,"15-Oct",278,"GCL","resistivity counter"
1992,"16-Oct",296,"GCL","resistivity counter"
1992,"17-Oct",529,"GCL","resistivity counter"
1992,"18-Oct",459,"GCL","resistivity counter"
1992,"19-Oct",1324,"GCL","resistivity counter"
1992,"20-Oct",210,"GCL","resistivity counter"
1992,"21-Oct",212,"GCL","resistivity counter"
1992,"22-Oct",215,"GCL","resistivity counter"
1992,"23-Oct",217,"GCL","resistivity counter"
1992,"24-Oct",220,"GCL","resistivity counter"
1992,"25-Oct",222,"GCL","resistivity counter"
1992,"26-Oct",225,"GCL","resistivity counter"
1992,"27-Oct",227,"GCL","resistivity counter"
1992,"28-Oct",230,"GCL","resistivity counter"
1992,"29-Oct",232,"GCL","resistivity counter"
1992,"30-Oct",235,"GCL","resistivity counter"
1992,"31-Oct",262,"GCL","resistivity counter"
1992,"1-Nov",35,"GCL","resistivity counter"
1992,"2-Nov",4,"GCL","resistivity counter"
1992,"3-Nov",4,"GCL","resistivity counter"
1992,"4-Nov",24,"GCL","resistivity counter"
1992,"5-Nov",20,"GCL","resistivity counter"
1992,"6-Nov",37,"GCL","resistivity counter"
1992,"7-Nov",51,"GCL","resistivity counter"
1992,"8-Nov",47,"GCL","resistivity counter"
1992,"9-Nov",47,"GCL","resistivity counter"
1992,"10-Nov",46,"GCL","resistivity counter"
1992,"4-Jun",34,"SPR","resistivity counter"
1992,"5-Jun",143,"SPR","resistivity counter"
1992,"6-Jun",267,"SPR","resistivity counter"
1992,"7-Jun",145,"SPR","resistivity counter"
1992,"8-Jun",198,"SPR","resistivity counter"
1992,"9-Jun",550,"SPR","resistivity counter"
1992,"10-Jun",568,"SPR","resistivity counter"
1992,"11-Jun",586,"SPR","resistivity counter"
1992,"12-Jun",590,"SPR","resistivity counter"
1992,"13-Jun",985,"SPR","resistivity counter"
1992,"14-Jun",921,"SPR","resistivity counter"
1992,"15-Jun",641,"SPR","resistivity counter"
1992,"16-Jun",612,"SPR","resistivity counter"
1992,"17-Jun",1028,"SPR","resistivity counter"
1992,"18-Jun",1855,"SPR","resistivity counter"
1992,"19-Jun",356,"SPR","resistivity counter"
1992,"20-Jun",805,"SPR","resistivity counter"
1992,"21-Jun",1254,"SPR","resistivity counter"
1992,"22-Jun",928,"SPR","resistivity counter"
1992,"23-Jun",175,"SPR","resistivity counter"
1992,"24-Jun",36,"SPR","resistivity counter"
1992,"25-Jun",20,"SPR","resistivity counter"
1992,"26-Jun",4,"SPR","resistivity counter"
1992,"27-Jun",39,"SPR","resistivity counter"
1992,"28-Jun",177,"SPR","resistivity counter"
1992,"29-Jun",317,"SPR","resistivity counter"
1992,"30-Jun",127,"SPR","resistivity counter"
1992,"1-Jul",319,"SPR","resistivity counter"
1992,"2-Jul",1094,"SPR","resistivity counter"
1992,"3-Jul",2024,"SPR","resistivity counter"
1992,"4-Jul",3089,"SPR","resistivity counter"
1992,"5-Jul",4713,"SPR","resistivity counter"
1992,"6-Jul",4679,"SPR","resistivity counter"
1992,"7-Jul",9638,"SPR","resistivity counter"
1992,"8-Jul",8199,"SPR","resistivity counter"
1992,"9-Jul",5380,"SPR","resistivity counter"
1992,"10-Jul",5103,"SPR","resistivity counter"
1992,"11-Jul",1751,"SPR","resistivity counter"
1992,"12-Jul",942,"SPR","resistivity counter"
1992,"13-Jul",2054,"SPR","resistivity counter"
1992,"14-Jul",3774,"SPR","resistivity counter"
1992,"15-Jul",3679,"SPR","resistivity counter"
1992,"16-Jul",1352,"SPR","resistivity counter"
1992,"17-Jul",684,"SPR","resistivity counter"
1992,"18-Jul",314,"SPR","resistivity counter"
1992,"19-Jul",109,"SPR","resistivity counter"
1992,"20-Jul",19,"SPR","resistivity counter"
1992,"21-Jul",43,"SPR","resistivity counter"
1992,"22-Jul",1363,"SPR","resistivity counter"
1992,"23-Jul",3318,"SPR","resistivity counter"
1992,"24-Jul",2401,"SPR","resistivity counter"
1992,"25-Jul",3186,"SPR","resistivity counter"
1992,"26-Jul",3724,"SPR","resistivity counter"
1992,"27-Jul",3760,"SPR","resistivity counter"
1992,"28-Jul",1997,"SPR","resistivity counter"
1992,"29-Jul",1212,"SPR","resistivity counter"
1992,"30-Jul",776,"SPR","resistivity counter"
1992,"31-Jul",466,"SPR","resistivity counter"
1992,"1-Aug",237,"SPR","resistivity counter"
1992,"2-Aug",582,"SPR","resistivity counter"
1992,"3-Aug",3001,"SPR","resistivity counter"
1992,"4-Aug",3704,"SPR","resistivity counter"
1992,"5-Aug",3354,"SPR","resistivity counter"
1992,"6-Aug",3486,"SPR","resistivity counter"
1992,"7-Aug",3608,"SPR","resistivity counter"
1992,"8-Aug",2188,"SPR","resistivity counter"
1992,"9-Aug",5065,"SPR","resistivity counter"
1992,"10-Aug",2694,"SPR","resistivity counter"
1992,"11-Aug",2970,"SPR","resistivity counter"
1992,"12-Aug",1134,"SPR","resistivity counter"
1992,"13-Aug",361,"SPR","resistivity counter"
1992,"14-Aug",161,"SPR","resistivity counter"
1992,"15-Aug",130,"SPR","resistivity counter"
1992,"16-Aug",106,"SPR","resistivity counter"
1992,"17-Aug",73,"SPR","resistivity counter"
1992,"18-Aug",310,"SPR","resistivity counter"
1992,"19-Aug",1482,"SPR","resistivity counter"
1992,"20-Aug",1976,"SPR","resistivity counter"
1992,"21-Aug",2048,"SPR","resistivity counter"
1992,"22-Aug",3425,"SPR","resistivity counter"
1992,"23-Aug",3940,"SPR","resistivity counter"
1992,"24-Aug",5338,"SPR","resistivity counter"
1992,"25-Aug",4039,"SPR","resistivity counter"
1992,"26-Aug",2948,"SPR","resistivity counter"
1992,"27-Aug",1231,"SPR","resistivity counter"
1992,"28-Aug",1566,"SPR","resistivity counter"
1992,"29-Aug",902,"SPR","resistivity counter"
1992,"30-Aug",1123,"SPR","resistivity counter"
1992,"31-Aug",2485,"SPR","resistivity counter"
1992,"1-Sep",1339,"SPR","resistivity counter"
1992,"2-Sep",1709,"SPR","resistivity counter"
1992,"3-Sep",1475,"SPR","resistivity counter"
1992,"4-Sep",1384,"SPR","resistivity counter"
1992,"5-Sep",1071,"SPR","resistivity counter"
1992,"6-Sep",1219,"SPR","resistivity counter"
1992,"7-Sep",877,"SPR","resistivity counter"
1992,"8-Sep",836,"SPR","resistivity counter"
1992,"9-Sep",532,"SPR","resistivity counter"
1992,"10-Sep",410,"SPR","resistivity counter"
1992,"11-Sep",469,"SPR","resistivity counter"
1992,"12-Sep",393,"SPR","resistivity counter"
1992,"13-Sep",383,"SPR","resistivity counter"
1992,"14-Sep",334,"SPR","resistivity counter"
1992,"15-Sep",569,"SPR","resistivity counter"
1992,"16-Sep",570,"SPR","resistivity counter"
1992,"17-Sep",939,"SPR","resistivity counter"
1992,"18-Sep",1092,"SPR","resistivity counter"
1992,"19-Sep",1028,"SPR","resistivity counter"
1992,"20-Sep",1132,"SPR","resistivity counter"
1992,"21-Sep",650,"SPR","resistivity counter"
1992,"22-Sep",1239,"SPR","resistivity counter"
1992,"23-Sep",1171,"SPR","resistivity counter"
1992,"24-Sep",2422,"SPR","resistivity counter"
1992,"25-Sep",1682,"SPR","resistivity counter"
1992,"26-Sep",2824,"SPR","resistivity counter"
1992,"27-Sep",4042,"SPR","resistivity counter"
1992,"28-Sep",4951,"SPR","resistivity counter"
1992,"29-Sep",5057,"SPR","resistivity counter"
1992,"30-Sep",4041,"SPR","resistivity counter"
1992,"1-Oct",3266,"SPR","resistivity counter"
1992,"2-Oct",2068,"SPR","resistivity counter"
1992,"3-Oct",1177,"SPR","resistivity counter"
1992,"4-Oct",887,"SPR","resistivity counter"
1992,"5-Oct",581,"SPR","resistivity counter"
1992,"6-Oct",577,"SPR","resistivity counter"
1992,"7-Oct",494,"SPR","resistivity counter"
1992,"8-Oct",403,"SPR","resistivity counter"
1992,"9-Oct",399,"SPR","resistivity counter"
1992,"10-Oct",370,"SPR","resistivity counter"
1992,"11-Oct",322,"SPR","resistivity counter"
1992,"12-Oct",345,"SPR","resistivity counter"
1992,"13-Oct",316,"SPR","resistivity counter"
1992,"14-Oct",230,"SPR","resistivity counter"
1992,"15-Oct",192,"SPR","resistivity counter"
1992,"16-Oct",218,"SPR","resistivity counter"
1992,"17-Oct",191,"SPR","resistivity counter"
1992,"18-Oct",837,"SPR","resistivity counter"
1992,"19-Oct",1191,"SPR","resistivity counter"
1992,"20-Oct",1540,"SPR","resistivity counter"
1992,"21-Oct",304,"SPR","resistivity counter"
1991,"7-Jun",45,"GCL","resistivity counter"
1991,"8-Jun",14,"GCL","resistivity counter"
1991,"9-Jun",10,"GCL","resistivity counter"
1991,"10-Jun",23,"GCL","resistivity counter"
1991,"11-Jun",233,"GCL","resistivity counter"
1991,"12-Jun",201,"GCL","resistivity counter"
1991,"13-Jun",220,"GCL","resistivity counter"
1991,"14-Jun",201,"GCL","resistivity counter"
1991,"15-Jun",431,"GCL","resistivity counter"
1991,"16-Jun",610,"GCL","resistivity counter"
1991,"17-Jun",683,"GCL","resistivity counter"
1991,"18-Jun",1217,"GCL","resistivity counter"
1991,"19-Jun",963,"GCL","resistivity counter"
1991,"20-Jun",1238,"GCL","resistivity counter"
1991,"21-Jun",3098,"GCL","resistivity counter"
1991,"22-Jun",4311,"GCL","resistivity counter"
1991,"23-Jun",2646,"GCL","resistivity counter"
1991,"24-Jun",3736,"GCL","resistivity counter"
1991,"25-Jun",4182,"GCL","resistivity counter"
1991,"26-Jun",3696,"GCL","resistivity counter"
1991,"27-Jun",2481,"GCL","resistivity counter"
1991,"28-Jun",2552,"GCL","resistivity counter"
1991,"29-Jun",2210,"GCL","resistivity counter"
1991,"30-Jun",2912,"GCL","resistivity counter"
1991,"1-Jul",2289,"GCL","resistivity counter"
1991,"2-Jul",818,"GCL","resistivity counter"
1991,"3-Jul",1013,"GCL","resistivity counter"
1991,"4-Jul",758,"GCL","resistivity counter"
1991,"5-Jul",575,"GCL","resistivity counter"
1991,"6-Jul",604,"GCL","resistivity counter"
1991,"7-Jul",422,"GCL","resistivity counter"
1991,"8-Jul",590,"GCL","resistivity counter"
1991,"9-Jul",629,"GCL","resistivity counter"
1991,"10-Jul",189,"GCL","resistivity counter"
1991,"11-Jul",395,"GCL","resistivity counter"
1991,"12-Jul",3279,"GCL","resistivity counter"
1991,"13-Jul",1801,"GCL","resistivity counter"
1991,"14-Jul",1345,"GCL","resistivity counter"
1991,"15-Jul",970,"GCL","resistivity counter"
1991,"16-Jul",6375,"GCL","resistivity counter"
1991,"17-Jul",6392,"GCL","resistivity counter"
1991,"18-Jul",15539,"GCL","resistivity counter"
1991,"19-Jul",29591,"GCL","resistivity counter"
1991,"20-Jul",36312,"GCL","resistivity counter"
1991,"21-Jul",22173,"GCL","resistivity counter"
1991,"22-Jul",20492,"GCL","resistivity counter"
1991,"23-Jul",27648,"GCL","resistivity counter"
1991,"24-Jul",16481,"GCL","resistivity counter"
1991,"25-Jul",1451,"GCL","resistivity counter"
1991,"26-Jul",621,"GCL","resistivity counter"
1991,"27-Jul",4168,"GCL","resistivity counter"
1991,"28-Jul",5472,"GCL","resistivity counter"
1991,"29-Jul",3902,"GCL","resistivity counter"
1991,"30-Jul",3387,"GCL","resistivity counter"
1991,"31-Jul",2715,"GCL","resistivity counter"
1991,"1-Aug",2285,"GCL","resistivity counter"
1991,"2-Aug",1585,"GCL","resistivity counter"
1991,"3-Aug",861,"GCL","resistivity counter"
1991,"4-Aug",902,"GCL","resistivity counter"
1991,"5-Aug",829,"GCL","resistivity counter"
1991,"6-Aug",581,"GCL","resistivity counter"
1991,"7-Aug",460,"GCL","resistivity counter"
1991,"8-Aug",479,"GCL","resistivity counter"
1991,"9-Aug",117,"GCL","resistivity counter"
1991,"10-Aug",84,"GCL","resistivity counter"
1991,"11-Aug",149,"GCL","resistivity counter"
1991,"12-Aug",5810,"GCL","resistivity counter"
1991,"13-Aug",25804,"GCL","resistivity counter"
1991,"14-Aug",39118,"GCL","resistivity counter"
1991,"15-Aug",14379,"GCL","resistivity counter"
1991,"16-Aug",4733,"GCL","resistivity counter"
1991,"17-Aug",1376,"GCL","resistivity counter"
1991,"18-Aug",637,"GCL","resistivity counter"
1991,"19-Aug",370,"GCL","resistivity counter"
1991,"20-Aug",227,"GCL","resistivity counter"
1991,"21-Aug",101,"GCL","resistivity counter"
1991,"22-Aug",108,"GCL","resistivity counter"
1991,"23-Aug",186,"GCL","resistivity counter"
1991,"24-Aug",421,"GCL","resistivity counter"
1991,"25-Aug",1275,"GCL","resistivity counter"
1991,"26-Aug",2274,"GCL","resistivity counter"
1991,"27-Aug",2922,"GCL","resistivity counter"
1991,"28-Aug",3338,"GCL","resistivity counter"
1991,"29-Aug",2867,"GCL","resistivity counter"
1991,"30-Aug",563,"GCL","resistivity counter"
1991,"31-Aug",1390,"GCL","resistivity counter"
1991,"1-Sep",804,"GCL","resistivity counter"
1991,"2-Sep",672,"GCL","resistivity counter"
1991,"3-Sep",6512,"GCL","resistivity counter"
1991,"4-Sep",15592,"GCL","resistivity counter"
1991,"5-Sep",11981,"GCL","resistivity counter"
1991,"6-Sep",6876,"GCL","resistivity counter"
1991,"7-Sep",3352,"GCL","resistivity counter"
1991,"8-Sep",1707,"GCL","resistivity counter"
1991,"9-Sep",1119,"GCL","resistivity counter"
1991,"10-Sep",1142,"GCL","resistivity counter"
1991,"11-Sep",1402,"GCL","resistivity counter"
1991,"12-Sep",1008,"GCL","resistivity counter"
1991,"13-Sep",590,"GCL","resistivity counter"
1991,"14-Sep",588,"GCL","resistivity counter"
1991,"15-Sep",531,"GCL","resistivity counter"
1991,"16-Sep",516,"GCL","resistivity counter"
1991,"17-Sep",576,"GCL","resistivity counter"
1991,"18-Sep",501,"GCL","resistivity counter"
1991,"19-Sep",394,"GCL","resistivity counter"
1991,"20-Sep",187,"GCL","resistivity counter"
1991,"21-Sep",104,"GCL","resistivity counter"
1991,"22-Sep",53,"GCL","resistivity counter"
1991,"23-Sep",112,"GCL","resistivity counter"
1991,"24-Sep",155,"GCL","resistivity counter"
1991,"25-Sep",226,"GCL","resistivity counter"
1991,"26-Sep",301,"GCL","resistivity counter"
1991,"27-Sep",415,"GCL","resistivity counter"
1991,"28-Sep",392,"GCL","resistivity counter"
1991,"29-Sep",355,"GCL","resistivity counter"
1991,"30-Sep",297,"GCL","resistivity counter"
1991,"1-Oct",328,"GCL","resistivity counter"
1991,"2-Oct",549,"GCL","resistivity counter"
1991,"3-Oct",247,"GCL","resistivity counter"
1991,"4-Oct",98,"GCL","resistivity counter"
1991,"5-Oct",70,"GCL","resistivity counter"
1991,"6-Oct",81,"GCL","resistivity counter"
1991,"7-Oct",59,"GCL","resistivity counter"
1991,"8-Oct",36,"GCL","resistivity counter"
1991,"9-Oct",27,"GCL","resistivity counter"
1991,"10-Oct",36,"GCL","resistivity counter"
1991,"11-Oct",28,"GCL","resistivity counter"
1991,"12-Oct",28,"GCL","resistivity counter"
1991,"13-Oct",44,"GCL","resistivity counter"
1991,"14-Oct",14,"GCL","resistivity counter"
1991,"15-Oct",16,"GCL","resistivity counter"
1991,"16-Oct",14,"GCL","resistivity counter"
1991,"17-Oct",47,"GCL","resistivity counter"
1991,"18-Oct",8,"GCL","resistivity counter"
1991,"19-Oct",25,"GCL","resistivity counter"
1991,"20-Oct",62,"GCL","resistivity counter"
1991,"21-Oct",59,"GCL","resistivity counter"
1991,"22-Oct",46,"GCL","resistivity counter"
1991,"23-Oct",29,"GCL","resistivity counter"
1991,"24-Oct",25,"GCL","resistivity counter"
1991,"25-Oct",22,"GCL","resistivity counter"
1991,"26-Oct",6,"GCL","resistivity counter"
1991,"27-Oct",0,"GCL","resistivity counter"
1991,"28-Oct",0,"GCL","resistivity counter"
1991,"29-Oct",0,"GCL","resistivity counter"
1991,"30-Oct",0,"GCL","resistivity counter"
1991,"31-Oct",2,"GCL","resistivity counter"
1991,"1-Nov",0,"GCL","resistivity counter"
1991,"2-Nov",9,"GCL","resistivity counter"
1991,"3-Nov",2,"GCL","resistivity counter"
1991,"4-Nov",3,"GCL","resistivity counter"
1991,"5-Nov",22,"GCL","resistivity counter"
1991,"6-Nov",85,"GCL","resistivity counter"
1991,"7-Nov",17,"GCL","resistivity counter"
1991,"8-Nov",18,"GCL","resistivity counter"
1991,"9-Nov",124,"GCL","resistivity counter"
1991,"10-Nov",85,"GCL","resistivity counter"
1991,"11-Nov",19,"GCL","resistivity counter"
1991,"10-Jun",21,"SPR","resistivity counter"
1991,"11-Jun",189,"SPR","resistivity counter"
1991,"12-Jun",90,"SPR","resistivity counter"
1991,"13-Jun",81,"SPR","resistivity counter"
1991,"14-Jun",548,"SPR","resistivity counter"
1991,"15-Jun",158,"SPR","resistivity counter"
1991,"16-Jun",440,"SPR","resistivity counter"
1991,"17-Jun",387,"SPR","resistivity counter"
1991,"18-Jun",114,"SPR","resistivity counter"
1991,"19-Jun",1401,"SPR","resistivity counter"
1991,"20-Jun",1957,"SPR","resistivity counter"
1991,"21-Jun",807,"SPR","resistivity counter"
1991,"22-Jun",591,"SPR","resistivity counter"
1991,"23-Jun",1428,"SPR","resistivity counter"
1991,"24-Jun",531,"SPR","resistivity counter"
1991,"25-Jun",688,"SPR","resistivity counter"
1991,"26-Jun",1361,"SPR","resistivity counter"
1991,"27-Jun",1638,"SPR","resistivity counter"
1991,"28-Jun",1000,"SPR","resistivity counter"
1991,"29-Jun",780,"SPR","resistivity counter"
1991,"30-Jun",641,"SPR","resistivity counter"
1991,"1-Jul",526,"SPR","resistivity counter"
1991,"2-Jul",119,"SPR","resistivity counter"
1991,"3-Jul",336,"SPR","resistivity counter"
1991,"4-Jul",295,"SPR","resistivity counter"
1991,"5-Jul",393,"SPR","resistivity counter"
1991,"6-Jul",272,"SPR","resistivity counter"
1991,"7-Jul",273,"SPR","resistivity counter"
1991,"8-Jul",108,"SPR","resistivity counter"
1991,"9-Jul",88,"SPR","resistivity counter"
1991,"10-Jul",94,"SPR","resistivity counter"
1991,"11-Jul",921,"SPR","resistivity counter"
1991,"12-Jul",1488,"SPR","resistivity counter"
1991,"13-Jul",473,"SPR","resistivity counter"
1991,"14-Jul",545,"SPR","resistivity counter"
1991,"15-Jul",8418,"SPR","resistivity counter"
1991,"16-Jul",4114,"SPR","resistivity counter"
1991,"17-Jul",8054,"SPR","resistivity counter"
1991,"18-Jul",14286,"SPR","resistivity counter"
1991,"19-Jul",11916,"SPR","resistivity counter"
1991,"20-Jul",15318,"SPR","resistivity counter"
1991,"21-Jul",18736,"SPR","resistivity counter"
1991,"22-Jul",5199,"SPR","resistivity counter"
1991,"23-Jul",3451,"SPR","resistivity counter"
1991,"24-Jul",1025,"SPR","resistivity counter"
1991,"25-Jul",584,"SPR","resistivity counter"
1991,"26-Jul",2198,"SPR","resistivity counter"
1991,"27-Jul",4612,"SPR","resistivity counter"
1991,"28-Jul",4112,"SPR","resistivity counter"
1991,"29-Jul",2684,"SPR","resistivity counter"
1991,"30-Jul",2712,"SPR","resistivity counter"
1991,"31-Jul",2419,"SPR","resistivity counter"
1991,"1-Aug",1235,"SPR","resistivity counter"
1991,"2-Aug",876,"SPR","resistivity counter"
1991,"3-Aug",1181,"SPR","resistivity counter"
1991,"4-Aug",1041,"SPR","resistivity counter"
1991,"5-Aug",574,"SPR","resistivity counter"
1991,"6-Aug",958,"SPR","resistivity counter"
1991,"7-Aug",668,"SPR","resistivity counter"
1991,"8-Aug",790,"SPR","resistivity counter"
1991,"9-Aug",954,"SPR","resistivity counter"
1991,"10-Aug",6944,"SPR","resistivity counter"
1991,"11-Aug",11257,"SPR","resistivity counter"
1991,"12-Aug",9648,"SPR","resistivity counter"
1991,"13-Aug",4886,"SPR","resistivity counter"
1991,"14-Aug",2558,"SPR","resistivity counter"
1991,"15-Aug",1220,"SPR","resistivity counter"
1991,"16-Aug",1094,"SPR","resistivity counter"
1991,"17-Aug",617,"SPR","resistivity counter"
1991,"18-Aug",585,"SPR","resistivity counter"
1991,"19-Aug",385,"SPR","resistivity counter"
1991,"20-Aug",179,"SPR","resistivity counter"
1991,"21-Aug",327,"SPR","resistivity counter"
1991,"22-Aug",547,"SPR","resistivity counter"
1991,"23-Aug",1006,"SPR","resistivity counter"
1991,"24-Aug",1808,"SPR","resistivity counter"
1991,"25-Aug",2670,"SPR","resistivity counter"
1991,"26-Aug",2813,"SPR","resistivity counter"
1991,"27-Aug",3841,"SPR","resistivity counter"
1991,"28-Aug",3087,"SPR","resistivity counter"
1991,"29-Aug",2466,"SPR","resistivity counter"
1991,"30-Aug",1708,"SPR","resistivity counter"
1991,"31-Aug",1561,"SPR","resistivity counter"
1991,"1-Sep",1405,"SPR","resistivity counter"
1991,"2-Sep",1256,"SPR","resistivity counter"
1991,"3-Sep",1106,"SPR","resistivity counter"
1991,"4-Sep",954,"SPR","resistivity counter"
1991,"5-Sep",805,"SPR","resistivity counter"
1991,"6-Sep",674,"SPR","resistivity counter"
1991,"7-Sep",534,"SPR","resistivity counter"
1991,"8-Sep",266,"SPR","resistivity counter"
1991,"9-Sep",206,"SPR","resistivity counter"
1991,"10-Sep",353,"SPR","resistivity counter"
1991,"11-Sep",212,"SPR","resistivity counter"
1991,"12-Sep",185,"SPR","resistivity counter"
1991,"13-Sep",134,"SPR","resistivity counter"
1991,"14-Sep",110,"SPR","resistivity counter"
1991,"15-Sep",130,"SPR","resistivity counter"
1991,"16-Sep",160,"SPR","resistivity counter"
1991,"17-Sep",118,"SPR","resistivity counter"
1991,"18-Sep",78,"SPR","resistivity counter"
1991,"19-Sep",82,"SPR","resistivity counter"
1991,"20-Sep",24,"SPR","resistivity counter"
1991,"21-Sep",60,"SPR","resistivity counter"
1991,"22-Sep",80,"SPR","resistivity counter"
1991,"23-Sep",68,"SPR","resistivity counter"
1991,"24-Sep",80,"SPR","resistivity counter"
1991,"25-Sep",70,"SPR","resistivity counter"
1991,"26-Sep",75,"SPR","resistivity counter"
1991,"27-Sep",62,"SPR","resistivity counter"
1991,"28-Sep",30,"SPR","resistivity counter"
1991,"29-Sep",35,"SPR","resistivity counter"
1991,"30-Sep",19,"SPR","resistivity counter"
1990,"8-Jun",27,"GCL","resistivity counter"
1990,"9-Jun",43,"GCL","resistivity counter"
1990,"10-Jun",64,"GCL","resistivity counter"
1990,"11-Jun",90,"GCL","resistivity counter"
1990,"12-Jun",112,"GCL","resistivity counter"
1990,"13-Jun",140,"GCL","resistivity counter"
1990,"14-Jun",242,"GCL","resistivity counter"
1990,"15-Jun",414,"GCL","resistivity counter"
1990,"16-Jun",447,"GCL","resistivity counter"
1990,"17-Jun",723,"GCL","resistivity counter"
1990,"18-Jun",1371,"GCL","resistivity counter"
1990,"19-Jun",4647,"GCL","resistivity counter"
1990,"20-Jun",1951,"GCL","resistivity counter"
1990,"21-Jun",1987,"GCL","resistivity counter"
1990,"22-Jun",2789,"GCL","resistivity counter"
1990,"23-Jun",3771,"GCL","resistivity counter"
1990,"24-Jun",1344,"GCL","resistivity counter"
1990,"25-Jun",866,"GCL","resistivity counter"
1990,"26-Jun",430,"GCL","resistivity counter"
1990,"27-Jun",579,"GCL","resistivity counter"
1990,"28-Jun",1652,"GCL","resistivity counter"
1990,"29-Jun",1057,"GCL","resistivity counter"
1990,"30-Jun",624,"GCL","resistivity counter"
1990,"1-Jul",415,"GCL","resistivity counter"
1990,"2-Jul",408,"GCL","resistivity counter"
1990,"3-Jul",2871,"GCL","resistivity counter"
1990,"4-Jul",4176,"GCL","resistivity counter"
1990,"5-Jul",3613,"GCL","resistivity counter"
1990,"6-Jul",3176,"GCL","resistivity counter"
1990,"7-Jul",985,"GCL","resistivity counter"
1990,"8-Jul",1882,"GCL","resistivity counter"
1990,"9-Jul",4114,"GCL","resistivity counter"
1990,"10-Jul",2916,"GCL","resistivity counter"
1990,"11-Jul",2391,"GCL","resistivity counter"
1990,"12-Jul",568,"GCL","resistivity counter"
1990,"13-Jul",328,"GCL","resistivity counter"
1990,"14-Jul",311,"GCL","resistivity counter"
1990,"15-Jul",134,"GCL","resistivity counter"
1990,"16-Jul",163,"GCL","resistivity counter"
1990,"17-Jul",55,"GCL","resistivity counter"
1990,"18-Jul",33,"GCL","resistivity counter"
1990,"19-Jul",60,"GCL","resistivity counter"
1990,"20-Jul",288,"GCL","resistivity counter"
1990,"21-Jul",228,"GCL","resistivity counter"
1990,"22-Jul",131,"GCL","resistivity counter"
1990,"23-Jul",146,"GCL","resistivity counter"
1990,"24-Jul",67,"GCL","resistivity counter"
1990,"25-Jul",66,"GCL","resistivity counter"
1990,"26-Jul",316,"GCL","resistivity counter"
1990,"27-Jul",1840,"GCL","resistivity counter"
1990,"28-Jul",3643,"GCL","resistivity counter"
1990,"29-Jul",3979,"GCL","resistivity counter"
1990,"30-Jul",764,"GCL","resistivity counter"
1990,"31-Jul",1301,"GCL","resistivity counter"
1990,"1-Aug",1834,"GCL","resistivity counter"
1990,"2-Aug",143,"GCL","resistivity counter"
1990,"3-Aug",183,"GCL","resistivity counter"
1990,"4-Aug",1934,"GCL","resistivity counter"
1990,"5-Aug",1311,"GCL","resistivity counter"
1990,"6-Aug",967,"GCL","resistivity counter"
1990,"7-Aug",290,"GCL","resistivity counter"
1990,"8-Aug",188,"GCL","resistivity counter"
1990,"9-Aug",167,"GCL","resistivity counter"
1990,"10-Aug",122,"GCL","resistivity counter"
1990,"11-Aug",64,"GCL","resistivity counter"
1990,"12-Aug",34,"GCL","resistivity counter"
1990,"13-Aug",16,"GCL","resistivity counter"
1990,"14-Aug",13,"GCL","resistivity counter"
1990,"15-Aug",64,"GCL","resistivity counter"
1990,"16-Aug",409,"GCL","resistivity counter"
1990,"17-Aug",272,"GCL","resistivity counter"
1990,"18-Aug",260,"GCL","resistivity counter"
1990,"19-Aug",266,"GCL","resistivity counter"
1990,"20-Aug",212,"GCL","resistivity counter"
1990,"21-Aug",218,"GCL","resistivity counter"
1990,"22-Aug",410,"GCL","resistivity counter"
1990,"23-Aug",633,"GCL","resistivity counter"
1990,"24-Aug",1336,"GCL","resistivity counter"
1990,"25-Aug",2470,"GCL","resistivity counter"
1990,"26-Aug",2901,"GCL","resistivity counter"
1990,"27-Aug",2690,"GCL","resistivity counter"
1990,"28-Aug",1573,"GCL","resistivity counter"
1990,"29-Aug",910,"GCL","resistivity counter"
1990,"30-Aug",598,"GCL","resistivity counter"
1990,"31-Aug",597,"GCL","resistivity counter"
1990,"1-Sep",347,"GCL","resistivity counter"
1990,"2-Sep",352,"GCL","resistivity counter"
1990,"3-Sep",637,"GCL","resistivity counter"
1990,"4-Sep",1051,"GCL","resistivity counter"
1990,"5-Sep",1285,"GCL","resistivity counter"
1990,"6-Sep",897,"GCL","resistivity counter"
1990,"7-Sep",906,"GCL","resistivity counter"
1990,"8-Sep",2482,"GCL","resistivity counter"
1990,"9-Sep",4792,"GCL","resistivity counter"
1990,"10-Sep",5026,"GCL","resistivity counter"
1990,"11-Sep",4410,"GCL","resistivity counter"
1990,"12-Sep",2258,"GCL","resistivity counter"
1990,"13-Sep",1619,"GCL","resistivity counter"
1990,"14-Sep",1604,"GCL","resistivity counter"
1990,"15-Sep",1401,"GCL","resistivity counter"
1990,"16-Sep",1295,"GCL","resistivity counter"
1990,"17-Sep",1158,"GCL","resistivity counter"
1990,"18-Sep",1362,"GCL","resistivity counter"
1990,"19-Sep",1195,"GCL","resistivity counter"
1990,"20-Sep",1107,"GCL","resistivity counter"
1990,"21-Sep",926,"GCL","resistivity counter"
1990,"22-Sep",746,"GCL","resistivity counter"
1990,"23-Sep",481,"GCL","resistivity counter"
1990,"24-Sep",438,"GCL","resistivity counter"
1990,"25-Sep",552,"GCL","resistivity counter"
1990,"26-Sep",1481,"GCL","resistivity counter"
1990,"27-Sep",1564,"GCL","resistivity counter"
1990,"28-Sep",1640,"GCL","resistivity counter"
1990,"29-Sep",1308,"GCL","resistivity counter"
1990,"30-Sep",826,"GCL","resistivity counter"
1990,"1-Oct",720,"GCL","resistivity counter"
1990,"2-Oct",986,"GCL","resistivity counter"
1990,"3-Oct",548,"GCL","resistivity counter"
1990,"4-Oct",937,"GCL","resistivity counter"
1990,"5-Oct",2340,"GCL","resistivity counter"
1990,"6-Oct",2904,"GCL","resistivity counter"
1990,"7-Oct",5385,"GCL","resistivity counter"
1990,"8-Oct",6633,"GCL","resistivity counter"
1990,"9-Oct",5717,"GCL","resistivity counter"
1990,"10-Oct",5428,"GCL","resistivity counter"
1990,"11-Oct",3277,"GCL","resistivity counter"
1990,"12-Oct",1632,"GCL","resistivity counter"
1990,"13-Oct",1734,"GCL","resistivity counter"
1990,"14-Oct",952,"GCL","resistivity counter"
1990,"15-Oct",708,"GCL","resistivity counter"
1990,"16-Oct",666,"GCL","resistivity counter"
1990,"17-Oct",491,"GCL","resistivity counter"
1990,"18-Oct",387,"GCL","resistivity counter"
1990,"19-Oct",520,"GCL","resistivity counter"
1990,"20-Oct",319,"GCL","resistivity counter"
1990,"21-Oct",270,"GCL","resistivity counter"
1990,"22-Oct",164,"GCL","resistivity counter"
1990,"23-Oct",169,"GCL","resistivity counter"
1990,"24-Oct",185,"GCL","resistivity counter"
1990,"25-Oct",171,"GCL","resistivity counter"
1990,"26-Oct",157,"GCL","resistivity counter"
1990,"27-Oct",142,"GCL","resistivity counter"
1990,"28-Oct",128,"GCL","resistivity counter"
1990,"29-Oct",114,"GCL","resistivity counter"
1990,"30-Oct",100,"GCL","resistivity counter"
1990,"31-Oct",86,"GCL","resistivity counter"
1990,"1-Nov",71,"GCL","resistivity counter"
1990,"2-Nov",57,"GCL","resistivity counter"
1990,"3-Nov",43,"GCL","resistivity counter"
1990,"4-Nov",33,"GCL","resistivity counter"
1990,"5-Nov",129,"GCL","resistivity counter"
1990,"6-Nov",107,"GCL","resistivity counter"
1990,"7-Nov",87,"GCL","resistivity counter"
1990,"8-Nov",81,"GCL","resistivity counter"
1990,"9-Nov",57,"GCL","resistivity counter"
1990,"10-Jun",0,"SPR","resistivity counter"
1990,"11-Jun",0,"SPR","resistivity counter"
1990,"12-Jun",292,"SPR","resistivity counter"
1990,"13-Jun",348,"SPR","resistivity counter"
1990,"14-Jun",547,"SPR","resistivity counter"
1990,"15-Jun",1317,"SPR","resistivity counter"
1990,"16-Jun",1692,"SPR","resistivity counter"
1990,"17-Jun",1506,"SPR","resistivity counter"
1990,"18-Jun",1808,"SPR","resistivity counter"
1990,"19-Jun",1597,"SPR","resistivity counter"
1990,"20-Jun",1174,"SPR","resistivity counter"
1990,"21-Jun",1630,"SPR","resistivity counter"
1990,"22-Jun",1687,"SPR","resistivity counter"
1990,"23-Jun",427,"SPR","resistivity counter"
1990,"24-Jun",224,"SPR","resistivity counter"
1990,"25-Jun",652,"SPR","resistivity counter"
1990,"26-Jun",970,"SPR","resistivity counter"
1990,"27-Jun",1017,"SPR","resistivity counter"
1990,"28-Jun",945,"SPR","resistivity counter"
1990,"29-Jun",712,"SPR","resistivity counter"
1990,"30-Jun",384,"SPR","resistivity counter"
1990,"1-Jul",787,"SPR","resistivity counter"
1990,"2-Jul",1922,"SPR","resistivity counter"
1990,"3-Jul",2314,"SPR","resistivity counter"
1990,"4-Jul",2581,"SPR","resistivity counter"
1990,"5-Jul",2389,"SPR","resistivity counter"
1990,"6-Jul",1577,"SPR","resistivity counter"
1990,"7-Jul",1452,"SPR","resistivity counter"
1990,"8-Jul",3254,"SPR","resistivity counter"
1990,"9-Jul",3789,"SPR","resistivity counter"
1990,"10-Jul",1470,"SPR","resistivity counter"
1990,"11-Jul",729,"SPR","resistivity counter"
1990,"12-Jul",462,"SPR","resistivity counter"
1990,"13-Jul",235,"SPR","resistivity counter"
1990,"14-Jul",205,"SPR","resistivity counter"
1990,"15-Jul",321,"SPR","resistivity counter"
1990,"16-Jul",78,"SPR","resistivity counter"
1990,"17-Jul",109,"SPR","resistivity counter"
1990,"18-Jul",231,"SPR","resistivity counter"
1990,"19-Jul",591,"SPR","resistivity counter"
1990,"20-Jul",248,"SPR","resistivity counter"
1990,"21-Jul",159,"SPR","resistivity counter"
1990,"22-Jul",86,"SPR","resistivity counter"
1990,"23-Jul",45,"SPR","resistivity counter"
1990,"24-Jul",282,"SPR","resistivity counter"
1990,"25-Jul",645,"SPR","resistivity counter"
1990,"26-Jul",2217,"SPR","resistivity counter"
1990,"27-Jul",4284,"SPR","resistivity counter"
1990,"28-Jul",4372,"SPR","resistivity counter"
1990,"29-Jul",1728,"SPR","resistivity counter"
1990,"30-Jul",617,"SPR","resistivity counter"
1990,"31-Jul",132,"SPR","resistivity counter"
1990,"1-Aug",91,"SPR","resistivity counter"
1990,"2-Aug",539,"SPR","resistivity counter"
1990,"3-Aug",1780,"SPR","resistivity counter"
1990,"4-Aug",1582,"SPR","resistivity counter"
1990,"5-Aug",910,"SPR","resistivity counter"
1990,"6-Aug",391,"SPR","resistivity counter"
1990,"7-Aug",444,"SPR","resistivity counter"
1990,"8-Aug",208,"SPR","resistivity counter"
1990,"9-Aug",148,"SPR","resistivity counter"
1990,"10-Aug",125,"SPR","resistivity counter"
1990,"11-Aug",71,"SPR","resistivity counter"
1990,"12-Aug",15,"SPR","resistivity counter"
1990,"13-Aug",9,"SPR","resistivity counter"
1990,"14-Aug",115,"SPR","resistivity counter"
1990,"15-Aug",477,"SPR","resistivity counter"
1990,"16-Aug",501,"SPR","resistivity counter"
1990,"17-Aug",520,"SPR","resistivity counter"
1990,"18-Aug",475,"SPR","resistivity counter"
1990,"19-Aug",329,"SPR","resistivity counter"
1990,"20-Aug",313,"SPR","resistivity counter"
1990,"21-Aug",539,"SPR","resistivity counter"
1990,"22-Aug",695,"SPR","resistivity counter"
1990,"23-Aug",1479,"SPR","resistivity counter"
1990,"24-Aug",2235,"SPR","resistivity counter"
1990,"25-Aug",3209,"SPR","resistivity counter"
1990,"26-Aug",2051,"SPR","resistivity counter"
1990,"27-Aug",1761,"SPR","resistivity counter"
1990,"28-Aug",850,"SPR","resistivity counter"
1990,"29-Aug",104,"SPR","resistivity counter"
1990,"30-Aug",492,"SPR","resistivity counter"
1990,"31-Aug",19,"SPR","resistivity counter"
1990,"1-Sep",0,"SPR","resistivity counter"
1990,"2-Sep",21,"SPR","resistivity counter"
1990,"3-Sep",18,"SPR","resistivity counter"
1990,"4-Sep",984,"SPR","resistivity counter"
1990,"5-Sep",716,"SPR","resistivity counter"
1990,"6-Sep",474,"SPR","resistivity counter"
1990,"7-Sep",1334,"SPR","resistivity counter"
1990,"8-Sep",1840,"SPR","resistivity counter"
1990,"9-Sep",2393,"SPR","resistivity counter"
1990,"10-Sep",2222,"SPR","resistivity counter"
1990,"11-Sep",1732,"SPR","resistivity counter"
1990,"12-Sep",1287,"SPR","resistivity counter"
1990,"13-Sep",760,"SPR","resistivity counter"
1990,"14-Sep",854,"SPR","resistivity counter"
1990,"15-Sep",798,"SPR","resistivity counter"
1990,"16-Sep",597,"SPR","resistivity counter"
1990,"17-Sep",769,"SPR","resistivity counter"
1990,"18-Sep",556,"SPR","resistivity counter"
1990,"19-Sep",410,"SPR","resistivity counter"
1990,"20-Sep",579,"SPR","resistivity counter"
1990,"21-Sep",450,"SPR","resistivity counter"
1990,"22-Sep",262,"SPR","resistivity counter"
1990,"23-Sep",277,"SPR","resistivity counter"
1990,"24-Sep",210,"SPR","resistivity counter"
1990,"25-Sep",228,"SPR","resistivity counter"
1990,"26-Sep",391,"SPR","resistivity counter"
1990,"27-Sep",560,"SPR","resistivity counter"
1990,"28-Sep",505,"SPR","resistivity counter"
1990,"29-Sep",394,"SPR","resistivity counter"
1990,"30-Sep",243,"SPR","resistivity counter"
1990,"1-Oct",358,"SPR","resistivity counter"
1990,"2-Oct",307,"SPR","resistivity counter"
1990,"3-Oct",269,"SPR","resistivity counter"
1990,"4-Oct",814,"SPR","resistivity counter"
1990,"5-Oct",747,"SPR","resistivity counter"
1990,"6-Oct",574,"SPR","resistivity counter"
1990,"7-Oct",669,"SPR","resistivity counter"
1990,"8-Oct",794,"SPR","resistivity counter"
1990,"9-Oct",1616,"SPR","resistivity counter"
1990,"10-Oct",1013,"SPR","resistivity counter"
1990,"11-Oct",493,"SPR","resistivity counter"
1990,"12-Oct",977,"SPR","resistivity counter"
1990,"13-Oct",572,"SPR","resistivity counter"
1990,"14-Oct",305,"SPR","resistivity counter"
1990,"15-Oct",252,"SPR","resistivity counter"
1990,"16-Oct",145,"SPR","resistivity counter"
1990,"17-Oct",83,"SPR","resistivity counter"
1990,"18-Oct",200,"SPR","resistivity counter"
1990,"19-Oct",21,"SPR","resistivity counter"
1989,"3-Jun",34,"GCL","resistivity counter"
1989,"4-Jun",30,"GCL","resistivity counter"
1989,"5-Jun",43,"GCL","resistivity counter"
1989,"6-Jun",95,"GCL","resistivity counter"
1989,"7-Jun",61,"GCL","resistivity counter"
1989,"8-Jun",75,"GCL","resistivity counter"
1989,"9-Jun",47,"GCL","resistivity counter"
1989,"10-Jun",86,"GCL","resistivity counter"
1989,"11-Jun",38,"GCL","resistivity counter"
1989,"12-Jun",26,"GCL","resistivity counter"
1989,"13-Jun",550,"GCL","resistivity counter"
1989,"14-Jun",482,"GCL","resistivity counter"
1989,"15-Jun",470,"GCL","resistivity counter"
1989,"16-Jun",1032,"GCL","resistivity counter"
1989,"17-Jun",795,"GCL","resistivity counter"
1989,"18-Jun",477,"GCL","resistivity counter"
1989,"19-Jun",425,"GCL","resistivity counter"
1989,"20-Jun",1304,"GCL","resistivity counter"
1989,"21-Jun",1761,"GCL","resistivity counter"
1989,"22-Jun",1483,"GCL","resistivity counter"
1989,"23-Jun",965,"GCL","resistivity counter"
1989,"24-Jun",447,"GCL","resistivity counter"
1989,"25-Jun",292,"GCL","resistivity counter"
1989,"26-Jun",162,"GCL","resistivity counter"
1989,"27-Jun",44,"GCL","resistivity counter"
1989,"28-Jun",86,"GCL","resistivity counter"
1989,"29-Jun",44,"GCL","resistivity counter"
1989,"30-Jun",4654,"GCL","resistivity counter"
1989,"1-Jul",3384,"GCL","resistivity counter"
1989,"2-Jul",1129,"GCL","resistivity counter"
1989,"3-Jul",2152,"GCL","resistivity counter"
1989,"4-Jul",3148,"GCL","resistivity counter"
1989,"5-Jul",4729,"GCL","resistivity counter"
1989,"6-Jul",5161,"GCL","resistivity counter"
1989,"7-Jul",11843,"GCL","resistivity counter"
1989,"8-Jul",11938,"GCL","resistivity counter"
1989,"9-Jul",5151,"GCL","resistivity counter"
1989,"10-Jul",6669,"GCL","resistivity counter"
1989,"11-Jul",4498,"GCL","resistivity counter"
1989,"12-Jul",2005,"GCL","resistivity counter"
1989,"13-Jul",1858,"GCL","resistivity counter"
1989,"14-Jul",1168,"GCL","resistivity counter"
1989,"15-Jul",965,"GCL","resistivity counter"
1989,"16-Jul",3614,"GCL","resistivity counter"
1989,"17-Jul",5053,"GCL","resistivity counter"
1989,"18-Jul",3435,"GCL","resistivity counter"
1989,"19-Jul",1180,"GCL","resistivity counter"
1989,"20-Jul",934,"GCL","resistivity counter"
1989,"21-Jul",1045,"GCL","resistivity counter"
1989,"22-Jul",2977,"GCL","resistivity counter"
1989,"23-Jul",7027,"GCL","resistivity counter"
1989,"24-Jul",3126,"GCL","resistivity counter"
1989,"25-Jul",3335,"GCL","resistivity counter"
1989,"26-Jul",3023,"GCL","resistivity counter"
1989,"27-Jul",1432,"GCL","resistivity counter"
1989,"28-Jul",1433,"GCL","resistivity counter"
1989,"29-Jul",4522,"GCL","resistivity counter"
1989,"30-Jul",7349,"GCL","resistivity counter"
1989,"31-Jul",3821,"GCL","resistivity counter"
1989,"1-Aug",4565,"GCL","resistivity counter"
1989,"2-Aug",2462,"GCL","resistivity counter"
1989,"3-Aug",3613,"GCL","resistivity counter"
1989,"4-Aug",3324,"GCL","resistivity counter"
1989,"5-Aug",2548,"GCL","resistivity counter"
1989,"6-Aug",4415,"GCL","resistivity counter"
1989,"7-Aug",2268,"GCL","resistivity counter"
1989,"8-Aug",1443,"GCL","resistivity counter"
1989,"9-Aug",822,"GCL","resistivity counter"
1989,"10-Aug",323,"GCL","resistivity counter"
1989,"11-Aug",181,"GCL","resistivity counter"
1989,"12-Aug",593,"GCL","resistivity counter"
1989,"13-Aug",938,"GCL","resistivity counter"
1989,"14-Aug",890,"GCL","resistivity counter"
1989,"15-Aug",591,"GCL","resistivity counter"
1989,"16-Aug",277,"GCL","resistivity counter"
1989,"17-Aug",366,"GCL","resistivity counter"
1989,"18-Aug",723,"GCL","resistivity counter"
1989,"19-Aug",1170,"GCL","resistivity counter"
1989,"20-Aug",714,"GCL","resistivity counter"
1989,"21-Aug",841,"GCL","resistivity counter"
1989,"22-Aug",427,"GCL","resistivity counter"
1989,"23-Aug",367,"GCL","resistivity counter"
1989,"24-Aug",831,"GCL","resistivity counter"
1989,"25-Aug",1614,"GCL","resistivity counter"
1989,"26-Aug",5659,"GCL","resistivity counter"
1989,"27-Aug",3680,"GCL","resistivity counter"
1989,"28-Aug",2925,"GCL","resistivity counter"
1989,"29-Aug",1598,"GCL","resistivity counter"
1989,"30-Aug",849,"GCL","resistivity counter"
1989,"31-Aug",763,"GCL","resistivity counter"
1989,"1-Sep",1065,"GCL","resistivity counter"
1989,"2-Sep",369,"GCL","resistivity counter"
1989,"3-Sep",255,"GCL","resistivity counter"
1989,"4-Sep",581,"GCL","resistivity counter"
1989,"5-Sep",1356,"GCL","resistivity counter"
1989,"6-Sep",906,"GCL","resistivity counter"
1989,"7-Sep",666,"GCL","resistivity counter"
1989,"8-Sep",730,"GCL","resistivity counter"
1989,"9-Sep",499,"GCL","resistivity counter"
1989,"10-Sep",270,"GCL","resistivity counter"
1989,"11-Sep",505,"GCL","resistivity counter"
1989,"12-Sep",663,"GCL","resistivity counter"
1989,"13-Sep",817,"GCL","resistivity counter"
1989,"14-Sep",819,"GCL","resistivity counter"
1989,"15-Sep",705,"GCL","resistivity counter"
1989,"16-Sep",2944,"GCL","resistivity counter"
1989,"17-Sep",1124,"GCL","resistivity counter"
1989,"18-Sep",600,"GCL","resistivity counter"
1989,"19-Sep",2065,"GCL","resistivity counter"
1989,"20-Sep",2832,"GCL","resistivity counter"
1989,"21-Sep",2984,"GCL","resistivity counter"
1989,"22-Sep",2149,"GCL","resistivity counter"
1989,"23-Sep",1928,"GCL","resistivity counter"
1989,"24-Sep",1317,"GCL","resistivity counter"
1989,"25-Sep",1197,"GCL","resistivity counter"
1989,"26-Sep",1401,"GCL","resistivity counter"
1989,"27-Sep",395,"GCL","resistivity counter"
1989,"28-Sep",405,"GCL","resistivity counter"
1989,"29-Sep",637,"GCL","resistivity counter"
1989,"30-Sep",339,"GCL","resistivity counter"
1989,"1-Oct",302,"GCL","resistivity counter"
1989,"2-Oct",288,"GCL","resistivity counter"
1989,"3-Oct",565,"GCL","resistivity counter"
1989,"4-Oct",855,"GCL","resistivity counter"
1989,"5-Oct",919,"GCL","resistivity counter"
1989,"6-Oct",968,"GCL","resistivity counter"
1989,"7-Oct",1155,"GCL","resistivity counter"
1989,"8-Oct",869,"GCL","resistivity counter"
1989,"9-Oct",776,"GCL","resistivity counter"
1989,"10-Oct",507,"GCL","resistivity counter"
1989,"11-Oct",356,"GCL","resistivity counter"
1989,"12-Oct",211,"GCL","resistivity counter"
1989,"13-Oct",499,"GCL","resistivity counter"
1989,"14-Oct",1169,"GCL","resistivity counter"
1989,"15-Oct",2159,"GCL","resistivity counter"
1989,"16-Oct",1837,"GCL","resistivity counter"
1989,"17-Oct",1556,"GCL","resistivity counter"
1989,"18-Oct",1247,"GCL","resistivity counter"
1989,"19-Oct",1758,"GCL","resistivity counter"
1989,"20-Oct",488,"GCL","resistivity counter"
1989,"21-Oct",826,"GCL","resistivity counter"
1989,"22-Oct",635,"GCL","resistivity counter"
1989,"23-Oct",239,"GCL","resistivity counter"
1989,"24-Oct",226,"GCL","resistivity counter"
1989,"25-Oct",0,"GCL","resistivity counter"
1989,"26-Oct",0,"GCL","resistivity counter"
1989,"27-Oct",0,"GCL","resistivity counter"
1989,"28-Oct",0,"GCL","resistivity counter"
1989,"29-Oct",38,"GCL","resistivity counter"
1989,"30-Oct",121,"GCL","resistivity counter"
1989,"31-Oct",173,"GCL","resistivity counter"
1989,"1-Nov",155,"GCL","resistivity counter"
1989,"2-Nov",94,"GCL","resistivity counter"
1989,"3-Nov",30,"GCL","resistivity counter"
1989,"4-Nov",51,"GCL","resistivity counter"
1989,"5-Nov",105,"GCL","resistivity counter"
1989,"6-Nov",99,"GCL","resistivity counter"
1989,"7-Nov",46,"GCL","resistivity counter"
1989,"8-Nov",22,"GCL","resistivity counter"
1989,"9-Nov",156,"GCL","resistivity counter"
1989,"10-Nov",106,"GCL","resistivity counter"
1989,"11-Nov",12,"GCL","resistivity counter"
1989,"12-Nov",18,"GCL","resistivity counter"
1989,"13-Nov",46,"GCL","resistivity counter"
1989,"14-Nov",18,"GCL","resistivity counter"
1989,"15-Nov",21,"GCL","resistivity counter"
1989,"16-Nov",23,"GCL","resistivity counter"
1989,"17-Nov",26,"GCL","resistivity counter"
1989,"18-Nov",8,"GCL","resistivity counter"
1989,"19-Nov",33,"GCL","resistivity counter"
1989,"20-Nov",37,"GCL","resistivity counter"
1989,"2-Jun",44,"SPR","resistivity counter"
1989,"3-Jun",79,"SPR","resistivity counter"
1989,"4-Jun",80,"SPR","resistivity counter"
1989,"5-Jun",158,"SPR","resistivity counter"
1989,"6-Jun",47,"SPR","resistivity counter"
1989,"7-Jun",0,"SPR","resistivity counter"
1989,"8-Jun",0,"SPR","resistivity counter"
1989,"9-Jun",60,"SPR","resistivity counter"
1989,"10-Jun",687,"SPR","resistivity counter"
1989,"11-Jun",430,"SPR","resistivity counter"
1989,"12-Jun",880,"SPR","resistivity counter"
1989,"13-Jun",474,"SPR","resistivity counter"
1989,"14-Jun",254,"SPR","resistivity counter"
1989,"15-Jun",710,"SPR","resistivity counter"
1989,"16-Jun",788,"SPR","resistivity counter"
1989,"17-Jun",501,"SPR","resistivity counter"
1989,"18-Jun",2368,"SPR","resistivity counter"
1989,"19-Jun",901,"SPR","resistivity counter"
1989,"20-Jun",552,"SPR","resistivity counter"
1989,"21-Jun",760,"SPR","resistivity counter"
1989,"22-Jun",472,"SPR","resistivity counter"
1989,"23-Jun",238,"SPR","resistivity counter"
1989,"24-Jun",170,"SPR","resistivity counter"
1989,"25-Jun",78,"SPR","resistivity counter"
1989,"26-Jun",30,"SPR","resistivity counter"
1989,"27-Jun",73,"SPR","resistivity counter"
1989,"28-Jun",671,"SPR","resistivity counter"
1989,"29-Jun",7719,"SPR","resistivity counter"
1989,"30-Jun",3100,"SPR","resistivity counter"
1989,"1-Jul",1829,"SPR","resistivity counter"
1989,"2-Jul",3143,"SPR","resistivity counter"
1989,"3-Jul",2236,"SPR","resistivity counter"
1989,"4-Jul",4320,"SPR","resistivity counter"
1989,"5-Jul",6058,"SPR","resistivity counter"
1989,"6-Jul",4102,"SPR","resistivity counter"
1989,"7-Jul",3649,"SPR","resistivity counter"
1989,"8-Jul",4659,"SPR","resistivity counter"
1989,"9-Jul",4040,"SPR","resistivity counter"
1989,"10-Jul",2146,"SPR","resistivity counter"
1989,"11-Jul",1250,"SPR","resistivity counter"
1989,"12-Jul",1739,"SPR","resistivity counter"
1989,"13-Jul",1713,"SPR","resistivity counter"
1989,"14-Jul",3368,"SPR","resistivity counter"
1989,"15-Jul",4318,"SPR","resistivity counter"
1989,"16-Jul",4611,"SPR","resistivity counter"
1989,"17-Jul",1168,"SPR","resistivity counter"
1989,"18-Jul",927,"SPR","resistivity counter"
1989,"19-Jul",896,"SPR","resistivity counter"
1989,"20-Jul",1348,"SPR","resistivity counter"
1989,"21-Jul",5037,"SPR","resistivity counter"
1989,"22-Jul",5522,"SPR","resistivity counter"
1989,"23-Jul",4433,"SPR","resistivity counter"
1989,"24-Jul",1988,"SPR","resistivity counter"
1989,"25-Jul",1768,"SPR","resistivity counter"
1989,"26-Jul",1580,"SPR","resistivity counter"
1989,"27-Jul",1551,"SPR","resistivity counter"
1989,"28-Jul",7215,"SPR","resistivity counter"
1989,"29-Jul",4556,"SPR","resistivity counter"
1989,"30-Jul",3071,"SPR","resistivity counter"
1989,"31-Jul",2110,"SPR","resistivity counter"
1989,"1-Aug",2704,"SPR","resistivity counter"
1989,"2-Aug",2735,"SPR","resistivity counter"
1989,"3-Aug",2525,"SPR","resistivity counter"
1989,"4-Aug",3519,"SPR","resistivity counter"
1989,"5-Aug",2760,"SPR","resistivity counter"
1989,"6-Aug",1985,"SPR","resistivity counter"
1989,"7-Aug",1208,"SPR","resistivity counter"
1989,"8-Aug",435,"SPR","resistivity counter"
1989,"9-Aug",197,"SPR","resistivity counter"
1989,"10-Aug",218,"SPR","resistivity counter"
1989,"11-Aug",948,"SPR","resistivity counter"
1989,"12-Aug",898,"SPR","resistivity counter"
1989,"13-Aug",877,"SPR","resistivity counter"
1989,"14-Aug",412,"SPR","resistivity counter"
1989,"15-Aug",509,"SPR","resistivity counter"
1989,"16-Aug",1707,"SPR","resistivity counter"
1989,"17-Aug",1066,"SPR","resistivity counter"
1989,"18-Aug",820,"SPR","resistivity counter"
1989,"19-Aug",437,"SPR","resistivity counter"
1989,"20-Aug",257,"SPR","resistivity counter"
1989,"21-Aug",351,"SPR","resistivity counter"
1989,"22-Aug",570,"SPR","resistivity counter"
1989,"23-Aug",963,"SPR","resistivity counter"
1989,"24-Aug",1963,"SPR","resistivity counter"
1989,"25-Aug",1493,"SPR","resistivity counter"
1989,"26-Aug",1281,"SPR","resistivity counter"
1989,"27-Aug",1078,"SPR","resistivity counter"
1989,"28-Aug",871,"SPR","resistivity counter"
1989,"29-Aug",668,"SPR","resistivity counter"
1989,"30-Aug",536,"SPR","resistivity counter"
1989,"31-Aug",412,"SPR","resistivity counter"
1989,"1-Sep",280,"SPR","resistivity counter"
1989,"2-Sep",169,"SPR","resistivity counter"
1989,"3-Sep",241,"SPR","resistivity counter"
1989,"4-Sep",585,"SPR","resistivity counter"
1989,"5-Sep",349,"SPR","resistivity counter"
1989,"6-Sep",273,"SPR","resistivity counter"
1989,"7-Sep",232,"SPR","resistivity counter"
1989,"8-Sep",130,"SPR","resistivity counter"
1989,"9-Sep",44,"SPR","resistivity counter"
1989,"10-Sep",103,"SPR","resistivity counter"
1989,"11-Sep",109,"SPR","resistivity counter"
1989,"12-Sep",157,"SPR","resistivity counter"
1989,"13-Sep",292,"SPR","resistivity counter"
1989,"14-Sep",523,"SPR","resistivity counter"
1989,"15-Sep",318,"SPR","resistivity counter"
1989,"16-Sep",1113,"SPR","resistivity counter"
1989,"17-Sep",510,"SPR","resistivity counter"
1989,"18-Sep",1039,"SPR","resistivity counter"
1989,"19-Sep",1046,"SPR","resistivity counter"
1989,"20-Sep",1269,"SPR","resistivity counter"
1989,"21-Sep",764,"SPR","resistivity counter"
1989,"22-Sep",861,"SPR","resistivity counter"
1989,"23-Sep",453,"SPR","resistivity counter"
1989,"24-Sep",536,"SPR","resistivity counter"
1989,"25-Sep",336,"SPR","resistivity counter"
1989,"26-Sep",408,"SPR","resistivity counter"
1989,"27-Sep",283,"SPR","resistivity counter"
1989,"28-Sep",195,"SPR","resistivity counter"
1989,"29-Sep",201,"SPR","resistivity counter"
1989,"30-Sep",90,"SPR","resistivity counter"
1988,"10-Jun",17,"GCL","resistivity counter"
1988,"11-Jun",52,"GCL","resistivity counter"
1988,"12-Jun",42,"GCL","resistivity counter"
1988,"13-Jun",87,"GCL","resistivity counter"
1988,"14-Jun",223,"GCL","resistivity counter"
1988,"15-Jun",406,"GCL","resistivity counter"
1988,"16-Jun",668,"GCL","resistivity counter"
1988,"17-Jun",599,"GCL","resistivity counter"
1988,"18-Jun",330,"GCL","resistivity counter"
1988,"19-Jun",474,"GCL","resistivity counter"
1988,"20-Jun",517,"GCL","resistivity counter"
1988,"21-Jun",1119,"GCL","resistivity counter"
1988,"22-Jun",482,"GCL","resistivity counter"
1988,"23-Jun",1826,"GCL","resistivity counter"
1988,"24-Jun",1374,"GCL","resistivity counter"
1988,"25-Jun",3084,"GCL","resistivity counter"
1988,"26-Jun",1804,"GCL","resistivity counter"
1988,"27-Jun",1156,"GCL","resistivity counter"
1988,"28-Jun",3010,"GCL","resistivity counter"
1988,"29-Jun",1297,"GCL","resistivity counter"
1988,"30-Jun",902,"GCL","resistivity counter"
1988,"1-Jul",985,"GCL","resistivity counter"
1988,"2-Jul",1529,"GCL","resistivity counter"
1988,"3-Jul",1870,"GCL","resistivity counter"
1988,"4-Jul",1003,"GCL","resistivity counter"
1988,"5-Jul",2395,"GCL","resistivity counter"
1988,"6-Jul",2312,"GCL","resistivity counter"
1988,"7-Jul",2853,"GCL","resistivity counter"
1988,"8-Jul",1860,"GCL","resistivity counter"
1988,"9-Jul",6440,"GCL","resistivity counter"
1988,"10-Jul",8639,"GCL","resistivity counter"
1988,"11-Jul",5849,"GCL","resistivity counter"
1988,"12-Jul",6957,"GCL","resistivity counter"
1988,"13-Jul",5638,"GCL","resistivity counter"
1988,"14-Jul",3727,"GCL","resistivity counter"
1988,"15-Jul",5185,"GCL","resistivity counter"
1988,"16-Jul",6464,"GCL","resistivity counter"
1988,"17-Jul",6136,"GCL","resistivity counter"
1988,"18-Jul",6256,"GCL","resistivity counter"
1988,"19-Jul",4579,"GCL","resistivity counter"
1988,"20-Jul",2726,"GCL","resistivity counter"
1988,"21-Jul",1856,"GCL","resistivity counter"
1988,"22-Jul",1000,"GCL","resistivity counter"
1988,"23-Jul",773,"GCL","resistivity counter"
1988,"24-Jul",849,"GCL","resistivity counter"
1988,"25-Jul",1049,"GCL","resistivity counter"
1988,"26-Jul",1011,"GCL","resistivity counter"
1988,"27-Jul",939,"GCL","resistivity counter"
1988,"28-Jul",944,"GCL","resistivity counter"
1988,"29-Jul",615,"GCL","resistivity counter"
1988,"30-Jul",2263,"GCL","resistivity counter"
1988,"31-Jul",3413,"GCL","resistivity counter"
1988,"1-Aug",1581,"GCL","resistivity counter"
1988,"2-Aug",1418,"GCL","resistivity counter"
1988,"3-Aug",741,"GCL","resistivity counter"
1988,"4-Aug",1617,"GCL","resistivity counter"
1988,"5-Aug",630,"GCL","resistivity counter"
1988,"6-Aug",455,"GCL","resistivity counter"
1988,"7-Aug",411,"GCL","resistivity counter"
1988,"8-Aug",1666,"GCL","resistivity counter"
1988,"9-Aug",2973,"GCL","resistivity counter"
1988,"10-Aug",3446,"GCL","resistivity counter"
1988,"11-Aug",2100,"GCL","resistivity counter"
1988,"12-Aug",1794,"GCL","resistivity counter"
1988,"13-Aug",1230,"GCL","resistivity counter"
1988,"14-Aug",685,"GCL","resistivity counter"
1988,"15-Aug",333,"GCL","resistivity counter"
1988,"16-Aug",4759,"GCL","resistivity counter"
1988,"17-Aug",2601,"GCL","resistivity counter"
1988,"18-Aug",3306,"GCL","resistivity counter"
1988,"19-Aug",1436,"GCL","resistivity counter"
1988,"20-Aug",2448,"GCL","resistivity counter"
1988,"21-Aug",2120,"GCL","resistivity counter"
1988,"22-Aug",2020,"GCL","resistivity counter"
1988,"23-Aug",2157,"GCL","resistivity counter"
1988,"24-Aug",1974,"GCL","resistivity counter"
1988,"25-Aug",1153,"GCL","resistivity counter"
1988,"26-Aug",785,"GCL","resistivity counter"
1988,"27-Aug",492,"GCL","resistivity counter"
1988,"28-Aug",2309,"GCL","resistivity counter"
1988,"29-Aug",2358,"GCL","resistivity counter"
1988,"30-Aug",2497,"GCL","resistivity counter"
1988,"31-Aug",1457,"GCL","resistivity counter"
1988,"1-Sep",989,"GCL","resistivity counter"
1988,"2-Sep",1069,"GCL","resistivity counter"
1988,"3-Sep",297,"GCL","resistivity counter"
1988,"4-Sep",838,"GCL","resistivity counter"
1988,"5-Sep",663,"GCL","resistivity counter"
1988,"6-Sep",251,"GCL","resistivity counter"
1988,"7-Sep",411,"GCL","resistivity counter"
1988,"8-Sep",359,"GCL","resistivity counter"
1988,"9-Sep",579,"GCL","resistivity counter"
1988,"10-Sep",681,"GCL","resistivity counter"
1988,"11-Sep",409,"GCL","resistivity counter"
1988,"12-Sep",449,"GCL","resistivity counter"
1988,"13-Sep",674,"GCL","resistivity counter"
1988,"14-Sep",485,"GCL","resistivity counter"
1988,"15-Sep",415,"GCL","resistivity counter"
1988,"16-Sep",324,"GCL","resistivity counter"
1988,"17-Sep",309,"GCL","resistivity counter"
1988,"18-Sep",433,"GCL","resistivity counter"
1988,"19-Sep",378,"GCL","resistivity counter"
1988,"20-Sep",468,"GCL","resistivity counter"
1988,"21-Sep",676,"GCL","resistivity counter"
1988,"22-Sep",825,"GCL","resistivity counter"
1988,"23-Sep",1154,"GCL","resistivity counter"
1988,"24-Sep",1026,"GCL","resistivity counter"
1988,"25-Sep",882,"GCL","resistivity counter"
1988,"26-Sep",1170,"GCL","resistivity counter"
1988,"27-Sep",1696,"GCL","resistivity counter"
1988,"28-Sep",1329,"GCL","resistivity counter"
1988,"29-Sep",1538,"GCL","resistivity counter"
1988,"30-Sep",2228,"GCL","resistivity counter"
1988,"1-Oct",2146,"GCL","resistivity counter"
1988,"2-Oct",1802,"GCL","resistivity counter"
1988,"3-Oct",1511,"GCL","resistivity counter"
1988,"4-Oct",950,"GCL","resistivity counter"
1988,"5-Oct",640,"GCL","resistivity counter"
1988,"6-Oct",882,"GCL","resistivity counter"
1988,"7-Oct",465,"GCL","resistivity counter"
1988,"8-Oct",517,"GCL","resistivity counter"
1988,"9-Oct",108,"GCL","resistivity counter"
1988,"10-Oct",90,"GCL","resistivity counter"
1988,"11-Oct",64,"GCL","resistivity counter"
1988,"12-Oct",63,"GCL","resistivity counter"
1988,"13-Oct",64,"GCL","resistivity counter"
1988,"14-Oct",97,"GCL","resistivity counter"
1988,"15-Oct",56,"GCL","resistivity counter"
1988,"16-Oct",68,"GCL","resistivity counter"
1988,"17-Oct",172,"GCL","resistivity counter"
1988,"18-Oct",51,"GCL","resistivity counter"
1988,"19-Oct",64,"GCL","resistivity counter"
1988,"20-Oct",181,"GCL","resistivity counter"
1988,"21-Oct",186,"GCL","resistivity counter"
1988,"22-Oct",219,"GCL","resistivity counter"
1988,"23-Oct",20,"GCL","resistivity counter"
1988,"24-Oct",57,"GCL","resistivity counter"
1988,"25-Oct",58,"GCL","resistivity counter"
1988,"26-Oct",38,"GCL","resistivity counter"
1988,"27-Oct",29,"GCL","resistivity counter"
1988,"28-Oct",8,"GCL","resistivity counter"
1988,"29-Oct",10,"GCL","resistivity counter"
1988,"30-Oct",11,"GCL","resistivity counter"
1988,"31-Oct",62,"GCL","resistivity counter"
1988,"1-Nov",268,"GCL","resistivity counter"
1988,"2-Nov",6,"GCL","resistivity counter"
1988,"3-Nov",54,"GCL","resistivity counter"
1988,"4-Nov",11,"GCL","resistivity counter"
1988,"5-Nov",3,"GCL","resistivity counter"
1988,"6-Nov",0,"GCL","resistivity counter"
1988,"7-Nov",0,"GCL","resistivity counter"
1988,"8-Nov",0,"GCL","resistivity counter"
1988,"9-Nov",0,"GCL","resistivity counter"
1988,"10-Nov",0,"GCL","resistivity counter"
1988,"11-Nov",3,"GCL","resistivity counter"
1988,"12-Nov",3,"GCL","resistivity counter"
1988,"13-Nov",2,"GCL","resistivity counter"
1988,"14-Nov",1,"GCL","resistivity counter"
1988,"15-Nov",9,"GCL","resistivity counter"
1988,"16-Nov",11,"GCL","resistivity counter"
1988,"17-Nov",24,"GCL","resistivity counter"
1988,"18-Nov",18,"GCL","resistivity counter"
1988,"19-Nov",16,"GCL","resistivity counter"
1988,"20-Nov",2,"GCL","resistivity counter"
1988,"21-Nov",15,"GCL","resistivity counter"
1988,"10-Jun",96,"SPR","resistivity counter"
1988,"11-Jun",1699,"SPR","resistivity counter"
1988,"12-Jun",811,"SPR","resistivity counter"
1988,"13-Jun",1637,"SPR","resistivity counter"
1988,"14-Jun",568,"SPR","resistivity counter"
1988,"15-Jun",438,"SPR","resistivity counter"
1988,"16-Jun",2769,"SPR","resistivity counter"
1988,"17-Jun",3104,"SPR","resistivity counter"
1988,"18-Jun",2607,"SPR","resistivity counter"
1988,"19-Jun",1804,"SPR","resistivity counter"
1988,"20-Jun",1289,"SPR","resistivity counter"
1988,"21-Jun",757,"SPR","resistivity counter"
1988,"22-Jun",768,"SPR","resistivity counter"
1988,"23-Jun",1956,"SPR","resistivity counter"
1988,"24-Jun",1424,"SPR","resistivity counter"
1988,"25-Jun",1887,"SPR","resistivity counter"
1988,"26-Jun",1330,"SPR","resistivity counter"
1988,"27-Jun",876,"SPR","resistivity counter"
1988,"28-Jun",489,"SPR","resistivity counter"
1988,"29-Jun",1412,"SPR","resistivity counter"
1988,"30-Jun",3579,"SPR","resistivity counter"
1988,"1-Jul",1575,"SPR","resistivity counter"
1988,"2-Jul",2397,"SPR","resistivity counter"
1988,"3-Jul",1174,"SPR","resistivity counter"
1988,"4-Jul",2981,"SPR","resistivity counter"
1988,"5-Jul",4750,"SPR","resistivity counter"
1988,"6-Jul",4798,"SPR","resistivity counter"
1988,"7-Jul",5294,"SPR","resistivity counter"
1988,"8-Jul",8460,"SPR","resistivity counter"
1988,"9-Jul",6743,"SPR","resistivity counter"
1988,"10-Jul",5543,"SPR","resistivity counter"
1988,"11-Jul",5393,"SPR","resistivity counter"
1988,"12-Jul",4132,"SPR","resistivity counter"
1988,"13-Jul",6732,"SPR","resistivity counter"
1988,"14-Jul",5456,"SPR","resistivity counter"
1988,"15-Jul",8286,"SPR","resistivity counter"
1988,"16-Jul",7422,"SPR","resistivity counter"
1988,"17-Jul",6379,"SPR","resistivity counter"
1988,"18-Jul",3304,"SPR","resistivity counter"
1988,"19-Jul",2069,"SPR","resistivity counter"
1988,"20-Jul",1396,"SPR","resistivity counter"
1988,"21-Jul",702,"SPR","resistivity counter"
1988,"22-Jul",1956,"SPR","resistivity counter"
1988,"23-Jul",3450,"SPR","resistivity counter"
1988,"24-Jul",1158,"SPR","resistivity counter"
1988,"25-Jul",1960,"SPR","resistivity counter"
1988,"26-Jul",950,"SPR","resistivity counter"
1988,"27-Jul",592,"SPR","resistivity counter"
1988,"28-Jul",4359,"SPR","resistivity counter"
1988,"29-Jul",7205,"SPR","resistivity counter"
1988,"30-Jul",4094,"SPR","resistivity counter"
1988,"31-Jul",2625,"SPR","resistivity counter"
1988,"1-Aug",1501,"SPR","resistivity counter"
1988,"2-Aug",1098,"SPR","resistivity counter"
1988,"3-Aug",878,"SPR","resistivity counter"
1988,"4-Aug",309,"SPR","resistivity counter"
1988,"5-Aug",230,"SPR","resistivity counter"
1988,"6-Aug",2910,"SPR","resistivity counter"
1988,"7-Aug",4647,"SPR","resistivity counter"
1988,"8-Aug",7058,"SPR","resistivity counter"
1988,"9-Aug",4564,"SPR","resistivity counter"
1988,"10-Aug",4495,"SPR","resistivity counter"
1988,"11-Aug",2815,"SPR","resistivity counter"
1988,"12-Aug",2286,"SPR","resistivity counter"
1988,"13-Aug",3117,"SPR","resistivity counter"
1988,"14-Aug",4441,"SPR","resistivity counter"
1988,"15-Aug",4405,"SPR","resistivity counter"
1988,"16-Aug",3189,"SPR","resistivity counter"
1988,"17-Aug",3995,"SPR","resistivity counter"
1988,"18-Aug",3302,"SPR","resistivity counter"
1988,"19-Aug",3020,"SPR","resistivity counter"
1988,"20-Aug",2458,"SPR","resistivity counter"
1988,"21-Aug",2459,"SPR","resistivity counter"
1988,"22-Aug",1882,"SPR","resistivity counter"
1988,"23-Aug",1015,"SPR","resistivity counter"
1988,"24-Aug",1050,"SPR","resistivity counter"
1988,"25-Aug",1179,"SPR","resistivity counter"
1988,"26-Aug",1388,"SPR","resistivity counter"
1988,"27-Aug",2271,"SPR","resistivity counter"
1988,"28-Aug",1609,"SPR","resistivity counter"
1988,"29-Aug",1438,"SPR","resistivity counter"
1988,"30-Aug",907,"SPR","resistivity counter"
1988,"31-Aug",745,"SPR","resistivity counter"
1988,"1-Sep",808,"SPR","resistivity counter"
1988,"2-Sep",350,"SPR","resistivity counter"
1988,"3-Sep",280,"SPR","resistivity counter"
1988,"4-Sep",334,"SPR","resistivity counter"
1988,"5-Sep",287,"SPR","resistivity counter"
1988,"6-Sep",204,"SPR","resistivity counter"
1988,"7-Sep",181,"SPR","resistivity counter"
1988,"8-Sep",208,"SPR","resistivity counter"
1988,"9-Sep",391,"SPR","resistivity counter"
1988,"10-Sep",270,"SPR","resistivity counter"
1988,"11-Sep",87,"SPR","resistivity counter"
1988,"12-Sep",142,"SPR","resistivity counter"
1988,"13-Sep",128,"SPR","resistivity counter"
1988,"14-Sep",89,"SPR","resistivity counter"
1988,"15-Sep",128,"SPR","resistivity counter"
1988,"16-Sep",50,"SPR","resistivity counter"
1988,"17-Sep",39,"SPR","resistivity counter"
1988,"18-Sep",23,"SPR","resistivity counter"
1988,"19-Sep",4,"SPR","resistivity counter"
1988,"20-Sep",13,"SPR","resistivity counter"
1988,"21-Sep",85,"SPR","resistivity counter"
1988,"22-Sep",20,"SPR","resistivity counter"
1987,"4-Jun",3,"GCL","resistivity counter"
1987,"5-Jun",2,"GCL","resistivity counter"
1987,"6-Jun",0,"GCL","resistivity counter"
1987,"7-Jun",7,"GCL","resistivity counter"
1987,"8-Jun",7,"GCL","resistivity counter"
1987,"9-Jun",13,"GCL","resistivity counter"
1987,"10-Jun",8,"GCL","resistivity counter"
1987,"11-Jun",12,"GCL","resistivity counter"
1987,"12-Jun",18,"GCL","resistivity counter"
1987,"13-Jun",19,"GCL","resistivity counter"
1987,"14-Jun",24,"GCL","resistivity counter"
1987,"15-Jun",19,"GCL","resistivity counter"
1987,"16-Jun",18,"GCL","resistivity counter"
1987,"17-Jun",9,"GCL","resistivity counter"
1987,"18-Jun",21,"GCL","resistivity counter"
1987,"19-Jun",24,"GCL","resistivity counter"
1987,"20-Jun",86,"GCL","resistivity counter"
1987,"21-Jun",128,"GCL","resistivity counter"
1987,"22-Jun",233,"GCL","resistivity counter"
1987,"23-Jun",266,"GCL","resistivity counter"
1987,"24-Jun",539,"GCL","resistivity counter"
1987,"25-Jun",1004,"GCL","resistivity counter"
1987,"26-Jun",2441,"GCL","resistivity counter"
1987,"27-Jun",2758,"GCL","resistivity counter"
1987,"28-Jun",2066,"GCL","resistivity counter"
1987,"29-Jun",3611,"GCL","resistivity counter"
1987,"30-Jun",940,"GCL","resistivity counter"
1987,"1-Jul",764,"GCL","resistivity counter"
1987,"2-Jul",458,"GCL","resistivity counter"
1987,"3-Jul",326,"GCL","resistivity counter"
1987,"4-Jul",231,"GCL","resistivity counter"
1987,"5-Jul",230,"GCL","resistivity counter"
1987,"6-Jul",329,"GCL","resistivity counter"
1987,"7-Jul",268,"GCL","resistivity counter"
1987,"8-Jul",269,"GCL","resistivity counter"
1987,"9-Jul",505,"GCL","resistivity counter"
1987,"10-Jul",697,"GCL","resistivity counter"
1987,"11-Jul",949,"GCL","resistivity counter"
1987,"12-Jul",5585,"GCL","resistivity counter"
1987,"13-Jul",8324,"GCL","resistivity counter"
1987,"14-Jul",6141,"GCL","resistivity counter"
1987,"15-Jul",3234,"GCL","resistivity counter"
1987,"16-Jul",2733,"GCL","resistivity counter"
1987,"17-Jul",1508,"GCL","resistivity counter"
1987,"18-Jul",713,"GCL","resistivity counter"
1987,"19-Jul",1201,"GCL","resistivity counter"
1987,"20-Jul",1058,"GCL","resistivity counter"
1987,"21-Jul",3137,"GCL","resistivity counter"
1987,"22-Jul",10206,"GCL","resistivity counter"
1987,"23-Jul",5502,"GCL","resistivity counter"
1987,"24-Jul",2912,"GCL","resistivity counter"
1987,"25-Jul",5932,"GCL","resistivity counter"
1987,"26-Jul",2662,"GCL","resistivity counter"
1987,"27-Jul",5162,"GCL","resistivity counter"
1987,"28-Jul",8682,"GCL","resistivity counter"
1987,"29-Jul",8047,"GCL","resistivity counter"
1987,"30-Jul",9745,"GCL","resistivity counter"
1987,"31-Jul",11060,"GCL","resistivity counter"
1987,"1-Aug",13657,"GCL","resistivity counter"
1987,"2-Aug",9538,"GCL","resistivity counter"
1987,"3-Aug",8469,"GCL","resistivity counter"
1987,"4-Aug",8943,"GCL","resistivity counter"
1987,"5-Aug",1520,"GCL","resistivity counter"
1987,"6-Aug",858,"GCL","resistivity counter"
1987,"7-Aug",811,"GCL","resistivity counter"
1987,"8-Aug",1863,"GCL","resistivity counter"
1987,"9-Aug",802,"GCL","resistivity counter"
1987,"10-Aug",852,"GCL","resistivity counter"
1987,"11-Aug",368,"GCL","resistivity counter"
1987,"12-Aug",93,"GCL","resistivity counter"
1987,"13-Aug",439,"GCL","resistivity counter"
1987,"14-Aug",2075,"GCL","resistivity counter"
1987,"15-Aug",2126,"GCL","resistivity counter"
1987,"16-Aug",2120,"GCL","resistivity counter"
1987,"17-Aug",1557,"GCL","resistivity counter"
1987,"18-Aug",2943,"GCL","resistivity counter"
1987,"19-Aug",2249,"GCL","resistivity counter"
1987,"20-Aug",2474,"GCL","resistivity counter"
1987,"21-Aug",1720,"GCL","resistivity counter"
1987,"22-Aug",1825,"GCL","resistivity counter"
1987,"23-Aug",1626,"GCL","resistivity counter"
1987,"24-Aug",1688,"GCL","resistivity counter"
1987,"25-Aug",457,"GCL","resistivity counter"
1987,"26-Aug",1374,"GCL","resistivity counter"
1987,"27-Aug",963,"GCL","resistivity counter"
1987,"28-Aug",1539,"GCL","resistivity counter"
1987,"29-Aug",1746,"GCL","resistivity counter"
1987,"30-Aug",1524,"GCL","resistivity counter"
1987,"31-Aug",2344,"GCL","resistivity counter"
1987,"1-Sep",544,"GCL","resistivity counter"
1987,"2-Sep",837,"GCL","resistivity counter"
1987,"3-Sep",976,"GCL","resistivity counter"
1987,"4-Sep",584,"GCL","resistivity counter"
1987,"5-Sep",723,"GCL","resistivity counter"
1987,"6-Sep",397,"GCL","resistivity counter"
1987,"7-Sep",411,"GCL","resistivity counter"
1987,"8-Sep",307,"GCL","resistivity counter"
1987,"9-Sep",448,"GCL","resistivity counter"
1987,"10-Sep",384,"GCL","resistivity counter"
1987,"11-Sep",1042,"GCL","resistivity counter"
1987,"12-Sep",1436,"GCL","resistivity counter"
1987,"13-Sep",2406,"GCL","resistivity counter"
1987,"14-Sep",2595,"GCL","resistivity counter"
1987,"15-Sep",1716,"GCL","resistivity counter"
1987,"16-Sep",1305,"GCL","resistivity counter"
1987,"17-Sep",2827,"GCL","resistivity counter"
1987,"18-Sep",1297,"GCL","resistivity counter"
1987,"19-Sep",968,"GCL","resistivity counter"
1987,"20-Sep",799,"GCL","resistivity counter"
1987,"21-Sep",811,"GCL","resistivity counter"
1987,"22-Sep",552,"GCL","resistivity counter"
1987,"23-Sep",890,"GCL","resistivity counter"
1987,"24-Sep",635,"GCL","resistivity counter"
1987,"25-Sep",531,"GCL","resistivity counter"
1987,"26-Sep",579,"GCL","resistivity counter"
1987,"27-Sep",1483,"GCL","resistivity counter"
1987,"28-Sep",2220,"GCL","resistivity counter"
1987,"29-Sep",2772,"GCL","resistivity counter"
1987,"30-Sep",2265,"GCL","resistivity counter"
1987,"1-Oct",1591,"GCL","resistivity counter"
1987,"2-Oct",1643,"GCL","resistivity counter"
1987,"3-Oct",1365,"GCL","resistivity counter"
1987,"4-Oct",1406,"GCL","resistivity counter"
1987,"5-Oct",2770,"GCL","resistivity counter"
1987,"6-Oct",3958,"GCL","resistivity counter"
1987,"7-Oct",3295,"GCL","resistivity counter"
1987,"8-Oct",976,"GCL","resistivity counter"
1987,"9-Oct",1411,"GCL","resistivity counter"
1987,"10-Oct",921,"GCL","resistivity counter"
1987,"11-Oct",929,"GCL","resistivity counter"
1987,"12-Oct",855,"GCL","resistivity counter"
1987,"13-Oct",831,"GCL","resistivity counter"
1987,"14-Oct",397,"GCL","resistivity counter"
1987,"15-Oct",447,"GCL","resistivity counter"
1987,"16-Oct",367,"GCL","resistivity counter"
1987,"17-Oct",531,"GCL","resistivity counter"
1987,"18-Oct",1384,"GCL","resistivity counter"
1987,"19-Oct",654,"GCL","resistivity counter"
1987,"20-Oct",451,"GCL","resistivity counter"
1987,"21-Oct",562,"GCL","resistivity counter"
1987,"22-Oct",486,"GCL","resistivity counter"
1987,"23-Oct",713,"GCL","resistivity counter"
1987,"24-Oct",543,"GCL","resistivity counter"
1987,"25-Oct",841,"GCL","resistivity counter"
1987,"26-Oct",1063,"GCL","resistivity counter"
1987,"27-Oct",1404,"GCL","resistivity counter"
1987,"28-Oct",3369,"GCL","resistivity counter"
1987,"29-Oct",2921,"GCL","resistivity counter"
1987,"30-Oct",3194,"GCL","resistivity counter"
1987,"31-Oct",1830,"GCL","resistivity counter"
1987,"1-Nov",1661,"GCL","resistivity counter"
1987,"2-Nov",1425,"GCL","resistivity counter"
1987,"3-Nov",551,"GCL","resistivity counter"
1987,"4-Nov",901,"GCL","resistivity counter"
1987,"5-Nov",411,"GCL","resistivity counter"
1987,"6-Nov",637,"GCL","resistivity counter"
1987,"7-Nov",284,"GCL","resistivity counter"
1987,"8-Nov",687,"GCL","resistivity counter"
1987,"9-Nov",85,"GCL","resistivity counter"
1987,"10-Nov",96,"GCL","resistivity counter"
1987,"11-Nov",34,"GCL","resistivity counter"
1987,"12-Nov",115,"GCL","resistivity counter"
1987,"13-Nov",465,"GCL","resistivity counter"
1987,"14-Nov",269,"GCL","resistivity counter"
1987,"15-Nov",484,"GCL","resistivity counter"
1987,"16-Nov",455,"GCL","resistivity counter"
1987,"17-Nov",356,"GCL","resistivity counter"
1987,"18-Nov",359,"GCL","resistivity counter"
1987,"19-Nov",180,"GCL","resistivity counter"
1987,"20-Nov",3,"GCL","resistivity counter"
1987,"10-Jun",0,"SPR","resistivity counter"
1987,"11-Jun",0,"SPR","resistivity counter"
1987,"12-Jun",0,"SPR","resistivity counter"
1987,"13-Jun",0,"SPR","resistivity counter"
1987,"14-Jun",0,"SPR","resistivity counter"
1987,"15-Jun",0,"SPR","resistivity counter"
1987,"16-Jun",0,"SPR","resistivity counter"
1987,"17-Jun",0,"SPR","resistivity counter"
1987,"18-Jun",0,"SPR","resistivity counter"
1987,"19-Jun",0,"SPR","resistivity counter"
1987,"20-Jun",0,"SPR","resistivity counter"
1987,"21-Jun",0,"SPR","resistivity counter"
1987,"22-Jun",13,"SPR","resistivity counter"
1987,"23-Jun",265,"SPR","resistivity counter"
1987,"24-Jun",960,"SPR","resistivity counter"
1987,"25-Jun",791,"SPR","resistivity counter"
1987,"26-Jun",586,"SPR","resistivity counter"
1987,"27-Jun",405,"SPR","resistivity counter"
1987,"28-Jun",146,"SPR","resistivity counter"
1987,"29-Jun",169,"SPR","resistivity counter"
1987,"30-Jun",273,"SPR","resistivity counter"
1987,"1-Jul",60,"SPR","resistivity counter"
1987,"2-Jul",60,"SPR","resistivity counter"
1987,"3-Jul",80,"SPR","resistivity counter"
1987,"4-Jul",108,"SPR","resistivity counter"
1987,"5-Jul",97,"SPR","resistivity counter"
1987,"6-Jul",123,"SPR","resistivity counter"
1987,"7-Jul",651,"SPR","resistivity counter"
1987,"8-Jul",776,"SPR","resistivity counter"
1987,"9-Jul",2316,"SPR","resistivity counter"
1987,"10-Jul",4007,"SPR","resistivity counter"
1987,"11-Jul",4633,"SPR","resistivity counter"
1987,"12-Jul",4640,"SPR","resistivity counter"
1987,"13-Jul",2635,"SPR","resistivity counter"
1987,"14-Jul",2191,"SPR","resistivity counter"
1987,"15-Jul",1447,"SPR","resistivity counter"
1987,"16-Jul",691,"SPR","resistivity counter"
1987,"17-Jul",601,"SPR","resistivity counter"
1987,"18-Jul",1004,"SPR","resistivity counter"
1987,"19-Jul",230,"SPR","resistivity counter"
1987,"20-Jul",3417,"SPR","resistivity counter"
1987,"21-Jul",6963,"SPR","resistivity counter"
1987,"22-Jul",3841,"SPR","resistivity counter"
1987,"23-Jul",4414,"SPR","resistivity counter"
1987,"24-Jul",4112,"SPR","resistivity counter"
1987,"25-Jul",4075,"SPR","resistivity counter"
1987,"26-Jul",4635,"SPR","resistivity counter"
1987,"27-Jul",5994,"SPR","resistivity counter"
1987,"28-Jul",5281,"SPR","resistivity counter"
1987,"29-Jul",3975,"SPR","resistivity counter"
1987,"30-Jul",8811,"SPR","resistivity counter"
1987,"31-Jul",9013,"SPR","resistivity counter"
1987,"1-Aug",10380,"SPR","resistivity counter"
1987,"2-Aug",4701,"SPR","resistivity counter"
1987,"3-Aug",3946,"SPR","resistivity counter"
1987,"4-Aug",2108,"SPR","resistivity counter"
1987,"5-Aug",971,"SPR","resistivity counter"
1987,"6-Aug",818,"SPR","resistivity counter"
1987,"7-Aug",1929,"SPR","resistivity counter"
1987,"8-Aug",860,"SPR","resistivity counter"
1987,"9-Aug",347,"SPR","resistivity counter"
1987,"10-Aug",409,"SPR","resistivity counter"
1987,"11-Aug",124,"SPR","resistivity counter"
1987,"12-Aug",439,"SPR","resistivity counter"
1987,"13-Aug",1942,"SPR","resistivity counter"
1987,"14-Aug",1691,"SPR","resistivity counter"
1987,"15-Aug",1445,"SPR","resistivity counter"
1987,"16-Aug",1270,"SPR","resistivity counter"
1987,"17-Aug",2387,"SPR","resistivity counter"
1987,"18-Aug",1643,"SPR","resistivity counter"
1987,"19-Aug",1601,"SPR","resistivity counter"
1987,"20-Aug",820,"SPR","resistivity counter"
1987,"21-Aug",1151,"SPR","resistivity counter"
1987,"22-Aug",1540,"SPR","resistivity counter"
1987,"23-Aug",993,"SPR","resistivity counter"
1987,"24-Aug",900,"SPR","resistivity counter"
1987,"25-Aug",585,"SPR","resistivity counter"
1987,"26-Aug",207,"SPR","resistivity counter"
1987,"27-Aug",121,"SPR","resistivity counter"
1987,"28-Aug",218,"SPR","resistivity counter"
1987,"29-Aug",450,"SPR","resistivity counter"
1987,"30-Aug",437,"SPR","resistivity counter"
1987,"31-Aug",1011,"SPR","resistivity counter"
1987,"1-Sep",929,"SPR","resistivity counter"
1987,"2-Sep",473,"SPR","resistivity counter"
1987,"3-Sep",208,"SPR","resistivity counter"
1987,"4-Sep",85,"SPR","resistivity counter"
1987,"5-Sep",109,"SPR","resistivity counter"
1987,"6-Sep",53,"SPR","resistivity counter"
1987,"7-Sep",50,"SPR","resistivity counter"
1987,"8-Sep",89,"SPR","resistivity counter"
1987,"9-Sep",113,"SPR","resistivity counter"
1987,"10-Sep",56,"SPR","resistivity counter"
1987,"11-Sep",110,"SPR","resistivity counter"
1987,"12-Sep",351,"SPR","resistivity counter"
1987,"13-Sep",227,"SPR","resistivity counter"
1987,"14-Sep",240,"SPR","resistivity counter"
1987,"15-Sep",258,"SPR","resistivity counter"
1987,"16-Sep",280,"SPR","resistivity counter"
1987,"17-Sep",300,"SPR","resistivity counter"
1987,"18-Sep",154,"SPR","resistivity counter"
1987,"19-Sep",116,"SPR","resistivity counter"
1987,"20-Sep",114,"SPR","resistivity counter"
1987,"21-Sep",266,"SPR","resistivity counter"
1987,"22-Sep",251,"SPR","resistivity counter"
1987,"23-Sep",286,"SPR","resistivity counter"
1987,"24-Sep",415,"SPR","resistivity counter"
1987,"25-Sep",218,"SPR","resistivity counter"
1987,"26-Sep",234,"SPR","resistivity counter"
1987,"27-Sep",247,"SPR","resistivity counter"
1987,"28-Sep",265,"SPR","resistivity counter"
1987,"29-Sep",322,"SPR","resistivity counter"
1987,"30-Sep",246,"SPR","resistivity counter"
1987,"1-Oct",417,"SPR","resistivity counter"
1987,"2-Oct",492,"SPR","resistivity counter"
1987,"3-Oct",369,"SPR","resistivity counter"
1987,"4-Oct",348,"SPR","resistivity counter"
1987,"5-Oct",310,"SPR","resistivity counter"
1987,"6-Oct",381,"SPR","resistivity counter"
1987,"7-Oct",385,"SPR","resistivity counter"
1987,"8-Oct",135,"SPR","resistivity counter"
1986,"1-Jun",560,"GCL","resistivity counter"
1986,"2-Jun",366,"GCL","resistivity counter"
1986,"3-Jun",319,"GCL","resistivity counter"
1986,"4-Jun",270,"GCL","resistivity counter"
1986,"5-Jun",227,"GCL","resistivity counter"
1986,"6-Jun",177,"GCL","resistivity counter"
1986,"7-Jun",128,"GCL","resistivity counter"
1986,"8-Jun",78,"GCL","resistivity counter"
1986,"9-Jun",67,"GCL","resistivity counter"
1986,"10-Jun",205,"GCL","resistivity counter"
1986,"11-Jun",433,"GCL","resistivity counter"
1986,"12-Jun",496,"GCL","resistivity counter"
1986,"13-Jun",491,"GCL","resistivity counter"
1986,"14-Jun",261,"GCL","resistivity counter"
1986,"15-Jun",194,"GCL","resistivity counter"
1986,"16-Jun",186,"GCL","resistivity counter"
1986,"17-Jun",53,"GCL","resistivity counter"
1986,"18-Jun",32,"GCL","resistivity counter"
1986,"19-Jun",24,"GCL","resistivity counter"
1986,"20-Jun",26,"GCL","resistivity counter"
1986,"21-Jun",40,"GCL","resistivity counter"
1986,"22-Jun",108,"GCL","resistivity counter"
1986,"23-Jun",274,"GCL","resistivity counter"
1986,"24-Jun",551,"GCL","resistivity counter"
1986,"25-Jun",525,"GCL","resistivity counter"
1986,"26-Jun",756,"GCL","resistivity counter"
1986,"27-Jun",1548,"GCL","resistivity counter"
1986,"28-Jun",2958,"GCL","resistivity counter"
1986,"29-Jun",1022,"GCL","resistivity counter"
1986,"30-Jun",699,"GCL","resistivity counter"
1986,"1-Jul",649,"GCL","resistivity counter"
1986,"2-Jul",602,"GCL","resistivity counter"
1986,"3-Jul",550,"GCL","resistivity counter"
1986,"4-Jul",836,"GCL","resistivity counter"
1986,"5-Jul",418,"GCL","resistivity counter"
1986,"6-Jul",964,"GCL","resistivity counter"
1986,"7-Jul",1232,"GCL","resistivity counter"
1986,"8-Jul",2212,"GCL","resistivity counter"
1986,"9-Jul",826,"GCL","resistivity counter"
1986,"10-Jul",657,"GCL","resistivity counter"
1986,"11-Jul",1296,"GCL","resistivity counter"
1986,"12-Jul",915,"GCL","resistivity counter"
1986,"13-Jul",320,"GCL","resistivity counter"
1986,"14-Jul",214,"GCL","resistivity counter"
1986,"15-Jul",864,"GCL","resistivity counter"
1986,"16-Jul",773,"GCL","resistivity counter"
1986,"17-Jul",377,"GCL","resistivity counter"
1986,"18-Jul",826,"GCL","resistivity counter"
1986,"19-Jul",763,"GCL","resistivity counter"
1986,"20-Jul",2728,"GCL","resistivity counter"
1986,"21-Jul",3215,"GCL","resistivity counter"
1986,"22-Jul",4346,"GCL","resistivity counter"
1986,"23-Jul",2468,"GCL","resistivity counter"
1986,"24-Jul",1893,"GCL","resistivity counter"
1986,"25-Jul",2123,"GCL","resistivity counter"
1986,"26-Jul",2309,"GCL","resistivity counter"
1986,"27-Jul",609,"GCL","resistivity counter"
1986,"28-Jul",1046,"GCL","resistivity counter"
1986,"29-Jul",5510,"GCL","resistivity counter"
1986,"30-Jul",2790,"GCL","resistivity counter"
1986,"31-Jul",15075,"GCL","resistivity counter"
1986,"1-Aug",9974,"GCL","resistivity counter"
1986,"2-Aug",2729,"GCL","resistivity counter"
1986,"3-Aug",1655,"GCL","resistivity counter"
1986,"4-Aug",1068,"GCL","resistivity counter"
1986,"5-Aug",213,"GCL","resistivity counter"
1986,"6-Aug",282,"GCL","resistivity counter"
1986,"7-Aug",190,"GCL","resistivity counter"
1986,"8-Aug",171,"GCL","resistivity counter"
1986,"9-Aug",110,"GCL","resistivity counter"
1986,"10-Aug",25,"GCL","resistivity counter"
1986,"11-Aug",39,"GCL","resistivity counter"
1986,"12-Aug",60,"GCL","resistivity counter"
1986,"13-Aug",68,"GCL","resistivity counter"
1986,"14-Aug",139,"GCL","resistivity counter"
1986,"15-Aug",65,"GCL","resistivity counter"
1986,"16-Aug",81,"GCL","resistivity counter"
1986,"17-Aug",49,"GCL","resistivity counter"
1986,"18-Aug",81,"GCL","resistivity counter"
1986,"19-Aug",106,"GCL","resistivity counter"
1986,"20-Aug",76,"GCL","resistivity counter"
1986,"21-Aug",366,"GCL","resistivity counter"
1986,"22-Aug",732,"GCL","resistivity counter"
1986,"23-Aug",419,"GCL","resistivity counter"
1986,"24-Aug",577,"GCL","resistivity counter"
1986,"25-Aug",1205,"GCL","resistivity counter"
1986,"26-Aug",1344,"GCL","resistivity counter"
1986,"27-Aug",429,"GCL","resistivity counter"
1986,"28-Aug",178,"GCL","resistivity counter"
1986,"29-Aug",643,"GCL","resistivity counter"
1986,"30-Aug",235,"GCL","resistivity counter"
1986,"31-Aug",325,"GCL","resistivity counter"
1986,"1-Sep",226,"GCL","resistivity counter"
1986,"2-Sep",209,"GCL","resistivity counter"
1986,"3-Sep",243,"GCL","resistivity counter"
1986,"4-Sep",377,"GCL","resistivity counter"
1986,"5-Sep",235,"GCL","resistivity counter"
1986,"6-Sep",93,"GCL","resistivity counter"
1986,"7-Sep",91,"GCL","resistivity counter"
1986,"8-Sep",160,"GCL","resistivity counter"
1986,"9-Sep",240,"GCL","resistivity counter"
1986,"10-Sep",255,"GCL","resistivity counter"
1986,"11-Sep",894,"GCL","resistivity counter"
1986,"12-Sep",934,"GCL","resistivity counter"
1986,"13-Sep",998,"GCL","resistivity counter"
1986,"14-Sep",690,"GCL","resistivity counter"
1986,"15-Sep",620,"GCL","resistivity counter"
1986,"16-Sep",731,"GCL","resistivity counter"
1986,"17-Sep",643,"GCL","resistivity counter"
1986,"18-Sep",579,"GCL","resistivity counter"
1986,"19-Sep",149,"GCL","resistivity counter"
1986,"20-Sep",342,"GCL","resistivity counter"
1986,"21-Sep",457,"GCL","resistivity counter"
1986,"22-Sep",1469,"GCL","resistivity counter"
1986,"23-Sep",4947,"GCL","resistivity counter"
1986,"24-Sep",3979,"GCL","resistivity counter"
1986,"25-Sep",1282,"GCL","resistivity counter"
1986,"26-Sep",3000,"GCL","resistivity counter"
1986,"27-Sep",2137,"GCL","resistivity counter"
1986,"28-Sep",285,"GCL","resistivity counter"
1986,"29-Sep",1501,"GCL","resistivity counter"
1986,"30-Sep",1014,"GCL","resistivity counter"
1986,"1-Oct",791,"GCL","resistivity counter"
1986,"2-Oct",934,"GCL","resistivity counter"
1986,"3-Oct",1443,"GCL","resistivity counter"
1986,"4-Oct",894,"GCL","resistivity counter"
1986,"5-Oct",1214,"GCL","resistivity counter"
1986,"6-Oct",854,"GCL","resistivity counter"
1986,"7-Oct",972,"GCL","resistivity counter"
1986,"8-Oct",577,"GCL","resistivity counter"
1986,"9-Oct",471,"GCL","resistivity counter"
1986,"10-Oct",912,"GCL","resistivity counter"
1986,"11-Oct",232,"GCL","resistivity counter"
1986,"12-Oct",404,"GCL","resistivity counter"
1986,"13-Oct",243,"GCL","resistivity counter"
1986,"14-Oct",116,"GCL","resistivity counter"
1986,"15-Oct",274,"GCL","resistivity counter"
1986,"16-Oct",278,"GCL","resistivity counter"
1986,"17-Oct",153,"GCL","resistivity counter"
1986,"18-Oct",78,"GCL","resistivity counter"
1986,"19-Oct",136,"GCL","resistivity counter"
1986,"20-Oct",31,"GCL","resistivity counter"
1986,"21-Oct",90,"GCL","resistivity counter"
1986,"22-Oct",173,"GCL","resistivity counter"
1986,"23-Oct",180,"GCL","resistivity counter"
1986,"24-Oct",154,"GCL","resistivity counter"
1986,"25-Oct",150,"GCL","resistivity counter"
1986,"26-Oct",123,"GCL","resistivity counter"
1986,"27-Oct",36,"GCL","resistivity counter"
1986,"28-Oct",146,"GCL","resistivity counter"
1986,"29-Oct",0,"GCL","resistivity counter"
1986,"30-Oct",84,"GCL","resistivity counter"
1986,"31-Oct",246,"GCL","resistivity counter"
1986,"1-Nov",318,"GCL","resistivity counter"
1986,"2-Nov",66,"GCL","resistivity counter"
1986,"3-Nov",16,"GCL","resistivity counter"
1986,"4-Nov",23,"GCL","resistivity counter"
1986,"5-Nov",20,"GCL","resistivity counter"
1986,"6-Nov",13,"GCL","resistivity counter"
1986,"7-Nov",24,"GCL","resistivity counter"
1986,"8-Nov",6,"GCL","resistivity counter"
1986,"9-Nov",0,"GCL","resistivity counter"
1986,"10-Nov",38,"GCL","resistivity counter"
1986,"4-Jun",261,"SPR","resistivity counter"
1986,"5-Jun",918,"SPR","resistivity counter"
1986,"6-Jun",623,"SPR","resistivity counter"
1986,"7-Jun",666,"SPR","resistivity counter"
1986,"8-Jun",887,"SPR","resistivity counter"
1986,"9-Jun",992,"SPR","resistivity counter"
1986,"10-Jun",808,"SPR","resistivity counter"
1986,"11-Jun",586,"SPR","resistivity counter"
1986,"12-Jun",1439,"SPR","resistivity counter"
1986,"13-Jun",483,"SPR","resistivity counter"
1986,"14-Jun",118,"SPR","resistivity counter"
1986,"15-Jun",73,"SPR","resistivity counter"
1986,"16-Jun",266,"SPR","resistivity counter"
1986,"17-Jun",314,"SPR","resistivity counter"
1986,"18-Jun",2608,"SPR","resistivity counter"
1986,"19-Jun",3605,"SPR","resistivity counter"
1986,"20-Jun",2665,"SPR","resistivity counter"
1986,"21-Jun",1547,"SPR","resistivity counter"
1986,"22-Jun",1953,"SPR","resistivity counter"
1986,"23-Jun",1381,"SPR","resistivity counter"
1986,"24-Jun",1422,"SPR","resistivity counter"
1986,"25-Jun",4503,"SPR","resistivity counter"
1986,"26-Jun",1734,"SPR","resistivity counter"
1986,"27-Jun",3095,"SPR","resistivity counter"
1986,"28-Jun",2453,"SPR","resistivity counter"
1986,"29-Jun",1612,"SPR","resistivity counter"
1986,"30-Jun",1345,"SPR","resistivity counter"
1986,"1-Jul",2654,"SPR","resistivity counter"
1986,"2-Jul",7217,"SPR","resistivity counter"
1986,"3-Jul",1523,"SPR","resistivity counter"
1986,"4-Jul",1800,"SPR","resistivity counter"
1986,"5-Jul",7056,"SPR","resistivity counter"
1986,"6-Jul",6256,"SPR","resistivity counter"
1986,"7-Jul",2860,"SPR","resistivity counter"
1986,"8-Jul",1732,"SPR","resistivity counter"
1986,"9-Jul",2664,"SPR","resistivity counter"
1986,"10-Jul",1846,"SPR","resistivity counter"
1986,"11-Jul",1571,"SPR","resistivity counter"
1986,"12-Jul",558,"SPR","resistivity counter"
1986,"13-Jul",3178,"SPR","resistivity counter"
1986,"14-Jul",2115,"SPR","resistivity counter"
1986,"15-Jul",1999,"SPR","resistivity counter"
1986,"16-Jul",1542,"SPR","resistivity counter"
1986,"17-Jul",4344,"SPR","resistivity counter"
1986,"18-Jul",4185,"SPR","resistivity counter"
1986,"19-Jul",5881,"SPR","resistivity counter"
1986,"20-Jul",5660,"SPR","resistivity counter"
1986,"21-Jul",1528,"SPR","resistivity counter"
1986,"22-Jul",1323,"SPR","resistivity counter"
1986,"23-Jul",2172,"SPR","resistivity counter"
1986,"24-Jul",1052,"SPR","resistivity counter"
1986,"25-Jul",619,"SPR","resistivity counter"
1986,"26-Jul",922,"SPR","resistivity counter"
1986,"27-Jul",2724,"SPR","resistivity counter"
1986,"28-Jul",3834,"SPR","resistivity counter"
1986,"29-Jul",6048,"SPR","resistivity counter"
1986,"30-Jul",7230,"SPR","resistivity counter"
1986,"31-Jul",5663,"SPR","resistivity counter"
1986,"1-Aug",5738,"SPR","resistivity counter"
1986,"2-Aug",2452,"SPR","resistivity counter"
1986,"3-Aug",903,"SPR","resistivity counter"
1986,"4-Aug",480,"SPR","resistivity counter"
1986,"5-Aug",115,"SPR","resistivity counter"
1986,"6-Aug",226,"SPR","resistivity counter"
1986,"7-Aug",348,"SPR","resistivity counter"
1986,"8-Aug",198,"SPR","resistivity counter"
1986,"9-Aug",85,"SPR","resistivity counter"
1986,"10-Aug",24,"SPR","resistivity counter"
1986,"11-Aug",45,"SPR","resistivity counter"
1986,"12-Aug",71,"SPR","resistivity counter"
1986,"13-Aug",106,"SPR","resistivity counter"
1986,"14-Aug",424,"SPR","resistivity counter"
1986,"15-Aug",333,"SPR","resistivity counter"
1986,"16-Aug",126,"SPR","resistivity counter"
1986,"17-Aug",167,"SPR","resistivity counter"
1986,"18-Aug",451,"SPR","resistivity counter"
1986,"19-Aug",117,"SPR","resistivity counter"
1986,"20-Aug",1928,"SPR","resistivity counter"
1986,"21-Aug",1972,"SPR","resistivity counter"
1986,"22-Aug",2374,"SPR","resistivity counter"
1986,"23-Aug",1937,"SPR","resistivity counter"
1986,"24-Aug",2247,"SPR","resistivity counter"
1986,"25-Aug",3078,"SPR","resistivity counter"
1986,"26-Aug",2862,"SPR","resistivity counter"
1986,"27-Aug",1708,"SPR","resistivity counter"
1986,"28-Aug",471,"SPR","resistivity counter"
1986,"29-Aug",79,"SPR","resistivity counter"
1986,"30-Aug",32,"SPR","resistivity counter"
1986,"31-Aug",18,"SPR","resistivity counter"
1986,"1-Sep",2,"SPR","resistivity counter"
1986,"2-Sep",0,"SPR","resistivity counter"
1986,"3-Sep",6,"SPR","resistivity counter"
1986,"4-Sep",101,"SPR","resistivity counter"
1986,"5-Sep",402,"SPR","resistivity counter"
1986,"6-Sep",243,"SPR","resistivity counter"
1986,"7-Sep",230,"SPR","resistivity counter"
1986,"8-Sep",267,"SPR","resistivity counter"
1986,"9-Sep",192,"SPR","resistivity counter"
1986,"10-Sep",1179,"SPR","resistivity counter"
1986,"11-Sep",1258,"SPR","resistivity counter"
1986,"12-Sep",1041,"SPR","resistivity counter"
1986,"13-Sep",410,"SPR","resistivity counter"
1986,"14-Sep",718,"SPR","resistivity counter"
1986,"15-Sep",904,"SPR","resistivity counter"
1986,"16-Sep",1125,"SPR","resistivity counter"
1986,"17-Sep",1027,"SPR","resistivity counter"
1986,"18-Sep",552,"SPR","resistivity counter"
1986,"19-Sep",337,"SPR","resistivity counter"
1986,"20-Sep",273,"SPR","resistivity counter"
1986,"21-Sep",255,"SPR","resistivity counter"
1986,"22-Sep",734,"SPR","resistivity counter"
1986,"23-Sep",2343,"SPR","resistivity counter"
1986,"24-Sep",1718,"SPR","resistivity counter"
1986,"25-Sep",1041,"SPR","resistivity counter"
1986,"26-Sep",2217,"SPR","resistivity counter"
1986,"27-Sep",1178,"SPR","resistivity counter"
1986,"28-Sep",734,"SPR","resistivity counter"
1986,"29-Sep",1296,"SPR","resistivity counter"
1986,"30-Sep",1323,"SPR","resistivity counter"
1986,"1-Oct",562,"SPR","resistivity counter"
1986,"2-Oct",45,"SPR","resistivity counter"
1985,"30-May",4,"GCL","resistivity counter"
1985,"31-May",11,"GCL","resistivity counter"
1985,"1-Jun",71,"GCL","resistivity counter"
1985,"2-Jun",126,"GCL","resistivity counter"
1985,"3-Jun",216,"GCL","resistivity counter"
1985,"4-Jun",248,"GCL","resistivity counter"
1985,"5-Jun",540,"GCL","resistivity counter"
1985,"6-Jun",441,"GCL","resistivity counter"
1985,"7-Jun",486,"GCL","resistivity counter"
1985,"8-Jun",461,"GCL","resistivity counter"
1985,"9-Jun",534,"GCL","resistivity counter"
1985,"10-Jun",770,"GCL","resistivity counter"
1985,"11-Jun",865,"GCL","resistivity counter"
1985,"12-Jun",705,"GCL","resistivity counter"
1985,"13-Jun",607,"GCL","resistivity counter"
1985,"14-Jun",748,"GCL","resistivity counter"
1985,"15-Jun",973,"GCL","resistivity counter"
1985,"16-Jun",1143,"GCL","resistivity counter"
1985,"17-Jun",622,"GCL","resistivity counter"
1985,"18-Jun",407,"GCL","resistivity counter"
1985,"19-Jun",608,"GCL","resistivity counter"
1985,"20-Jun",325,"GCL","resistivity counter"
1985,"21-Jun",258,"GCL","resistivity counter"
1985,"22-Jun",532,"GCL","resistivity counter"
1985,"23-Jun",1077,"GCL","resistivity counter"
1985,"24-Jun",890,"GCL","resistivity counter"
1985,"25-Jun",849,"GCL","resistivity counter"
1985,"26-Jun",837,"GCL","resistivity counter"
1985,"27-Jun",1234,"GCL","resistivity counter"
1985,"28-Jun",1866,"GCL","resistivity counter"
1985,"29-Jun",1674,"GCL","resistivity counter"
1985,"30-Jun",1954,"GCL","resistivity counter"
1985,"1-Jul",1097,"GCL","resistivity counter"
1985,"2-Jul",1948,"GCL","resistivity counter"
1985,"3-Jul",1689,"GCL","resistivity counter"
1985,"4-Jul",1031,"GCL","resistivity counter"
1985,"5-Jul",355,"GCL","resistivity counter"
1985,"6-Jul",145,"GCL","resistivity counter"
1985,"7-Jul",156,"GCL","resistivity counter"
1985,"8-Jul",395,"GCL","resistivity counter"
1985,"9-Jul",275,"GCL","resistivity counter"
1985,"10-Jul",97,"GCL","resistivity counter"
1985,"11-Jul",25,"GCL","resistivity counter"
1985,"12-Jul",5,"GCL","resistivity counter"
1985,"13-Jul",18,"GCL","resistivity counter"
1985,"14-Jul",20,"GCL","resistivity counter"
1985,"15-Jul",64,"GCL","resistivity counter"
1985,"16-Jul",72,"GCL","resistivity counter"
1985,"17-Jul",61,"GCL","resistivity counter"
1985,"18-Jul",18,"GCL","resistivity counter"
1985,"19-Jul",35,"GCL","resistivity counter"
1985,"20-Jul",25,"GCL","resistivity counter"
1985,"21-Jul",32,"GCL","resistivity counter"
1985,"22-Jul",17,"GCL","resistivity counter"
1985,"23-Jul",23,"GCL","resistivity counter"
1985,"24-Jul",28,"GCL","resistivity counter"
1985,"25-Jul",34,"GCL","resistivity counter"
1985,"26-Jul",243,"GCL","resistivity counter"
1985,"27-Jul",662,"GCL","resistivity counter"
1985,"28-Jul",575,"GCL","resistivity counter"
1985,"29-Jul",425,"GCL","resistivity counter"
1985,"30-Jul",184,"GCL","resistivity counter"
1985,"31-Jul",294,"GCL","resistivity counter"
1985,"1-Aug",118,"GCL","resistivity counter"
1985,"2-Aug",308,"GCL","resistivity counter"
1985,"3-Aug",416,"GCL","resistivity counter"
1985,"4-Aug",1979,"GCL","resistivity counter"
1985,"5-Aug",2434,"GCL","resistivity counter"
1985,"6-Aug",3459,"GCL","resistivity counter"
1985,"7-Aug",5973,"GCL","resistivity counter"
1985,"8-Aug",7043,"GCL","resistivity counter"
1985,"9-Aug",5891,"GCL","resistivity counter"
1985,"10-Aug",4390,"GCL","resistivity counter"
1985,"11-Aug",3673,"GCL","resistivity counter"
1985,"12-Aug",3623,"GCL","resistivity counter"
1985,"13-Aug",3281,"GCL","resistivity counter"
1985,"14-Aug",1235,"GCL","resistivity counter"
1985,"15-Aug",914,"GCL","resistivity counter"
1985,"16-Aug",684,"GCL","resistivity counter"
1985,"17-Aug",431,"GCL","resistivity counter"
1985,"18-Aug",655,"GCL","resistivity counter"
1985,"19-Aug",550,"GCL","resistivity counter"
1985,"20-Aug",843,"GCL","resistivity counter"
1985,"21-Aug",2315,"GCL","resistivity counter"
1985,"22-Aug",3156,"GCL","resistivity counter"
1985,"23-Aug",1594,"GCL","resistivity counter"
1985,"24-Aug",2609,"GCL","resistivity counter"
1985,"25-Aug",1834,"GCL","resistivity counter"
1985,"26-Aug",926,"GCL","resistivity counter"
1985,"27-Aug",590,"GCL","resistivity counter"
1985,"28-Aug",498,"GCL","resistivity counter"
1985,"29-Aug",324,"GCL","resistivity counter"
1985,"30-Aug",982,"GCL","resistivity counter"
1985,"31-Aug",1317,"GCL","resistivity counter"
1985,"1-Sep",608,"GCL","resistivity counter"
1985,"2-Sep",175,"GCL","resistivity counter"
1985,"3-Sep",269,"GCL","resistivity counter"
1985,"4-Sep",346,"GCL","resistivity counter"
1985,"5-Sep",612,"GCL","resistivity counter"
1985,"6-Sep",1007,"GCL","resistivity counter"
1985,"7-Sep",618,"GCL","resistivity counter"
1985,"8-Sep",435,"GCL","resistivity counter"
1985,"9-Sep",474,"GCL","resistivity counter"
1985,"10-Sep",446,"GCL","resistivity counter"
1985,"11-Sep",279,"GCL","resistivity counter"
1985,"12-Sep",112,"GCL","resistivity counter"
1985,"13-Sep",177,"GCL","resistivity counter"
1985,"14-Sep",196,"GCL","resistivity counter"
1985,"15-Sep",146,"GCL","resistivity counter"
1985,"16-Sep",265,"GCL","resistivity counter"
1985,"17-Sep",340,"GCL","resistivity counter"
1985,"18-Sep",272,"GCL","resistivity counter"
1985,"19-Sep",652,"GCL","resistivity counter"
1985,"20-Sep",1079,"GCL","resistivity counter"
1985,"21-Sep",1282,"GCL","resistivity counter"
1985,"22-Sep",1453,"GCL","resistivity counter"
1985,"23-Sep",2539,"GCL","resistivity counter"
1985,"24-Sep",2717,"GCL","resistivity counter"
1985,"25-Sep",1864,"GCL","resistivity counter"
1985,"26-Sep",1234,"GCL","resistivity counter"
1985,"27-Sep",775,"GCL","resistivity counter"
1985,"28-Sep",435,"GCL","resistivity counter"
1985,"29-Sep",231,"GCL","resistivity counter"
1985,"30-Sep",293,"GCL","resistivity counter"
1985,"1-Oct",459,"GCL","resistivity counter"
1985,"2-Oct",223,"GCL","resistivity counter"
1985,"3-Oct",264,"GCL","resistivity counter"
1985,"4-Oct",345,"GCL","resistivity counter"
1985,"5-Oct",538,"GCL","resistivity counter"
1985,"6-Oct",648,"GCL","resistivity counter"
1985,"7-Oct",200,"GCL","resistivity counter"
1985,"8-Oct",91,"GCL","resistivity counter"
1985,"29-May",89,"SPR","resistivity counter"
1985,"30-May",320,"SPR","resistivity counter"
1985,"31-May",127,"SPR","resistivity counter"
1985,"1-Jun",230,"SPR","resistivity counter"
1985,"2-Jun",288,"SPR","resistivity counter"
1985,"3-Jun",312,"SPR","resistivity counter"
1985,"4-Jun",326,"SPR","resistivity counter"
1985,"5-Jun",680,"SPR","resistivity counter"
1985,"6-Jun",1042,"SPR","resistivity counter"
1985,"7-Jun",548,"SPR","resistivity counter"
1985,"8-Jun",582,"SPR","resistivity counter"
1985,"9-Jun",438,"SPR","resistivity counter"
1985,"10-Jun",529,"SPR","resistivity counter"
1985,"11-Jun",372,"SPR","resistivity counter"
1985,"12-Jun",1267,"SPR","resistivity counter"
1985,"13-Jun",1582,"SPR","resistivity counter"
1985,"14-Jun",1129,"SPR","resistivity counter"
1985,"15-Jun",400,"SPR","resistivity counter"
1985,"16-Jun",473,"SPR","resistivity counter"
1985,"17-Jun",175,"SPR","resistivity counter"
1985,"18-Jun",194,"SPR","resistivity counter"
1985,"19-Jun",416,"SPR","resistivity counter"
1985,"20-Jun",486,"SPR","resistivity counter"
1985,"21-Jun",1876,"SPR","resistivity counter"
1985,"22-Jun",1290,"SPR","resistivity counter"
1985,"23-Jun",1050,"SPR","resistivity counter"
1985,"24-Jun",396,"SPR","resistivity counter"
1985,"25-Jun",1321,"SPR","resistivity counter"
1985,"26-Jun",1795,"SPR","resistivity counter"
1985,"27-Jun",2165,"SPR","resistivity counter"
1985,"28-Jun",1449,"SPR","resistivity counter"
1985,"29-Jun",2255,"SPR","resistivity counter"
1985,"30-Jun",1883,"SPR","resistivity counter"
1985,"1-Jul",1462,"SPR","resistivity counter"
1985,"2-Jul",645,"SPR","resistivity counter"
1985,"3-Jul",521,"SPR","resistivity counter"
1985,"4-Jul",629,"SPR","resistivity counter"
1985,"5-Jul",414,"SPR","resistivity counter"
1985,"6-Jul",926,"SPR","resistivity counter"
1985,"7-Jul",347,"SPR","resistivity counter"
1985,"8-Jul",239,"SPR","resistivity counter"
1985,"9-Jul",42,"SPR","resistivity counter"
1985,"10-Jul",10,"SPR","resistivity counter"
1985,"11-Jul",24,"SPR","resistivity counter"
1985,"12-Jul",75,"SPR","resistivity counter"
1985,"13-Jul",66,"SPR","resistivity counter"
1985,"14-Jul",183,"SPR","resistivity counter"
1985,"15-Jul",146,"SPR","resistivity counter"
1985,"16-Jul",60,"SPR","resistivity counter"
1985,"17-Jul",34,"SPR","resistivity counter"
1985,"18-Jul",31,"SPR","resistivity counter"
1985,"19-Jul",40,"SPR","resistivity counter"
1985,"20-Jul",6,"SPR","resistivity counter"
1985,"21-Jul",1,"SPR","resistivity counter"
1985,"22-Jul",18,"SPR","resistivity counter"
1985,"23-Jul",70,"SPR","resistivity counter"
1985,"24-Jul",68,"SPR","resistivity counter"
1985,"25-Jul",659,"SPR","resistivity counter"
1985,"26-Jul",2347,"SPR","resistivity counter"
1985,"27-Jul",1458,"SPR","resistivity counter"
1985,"28-Jul",829,"SPR","resistivity counter"
1985,"29-Jul",380,"SPR","resistivity counter"
1985,"30-Jul",153,"SPR","resistivity counter"
1985,"31-Jul",495,"SPR","resistivity counter"
1985,"1-Aug",759,"SPR","resistivity counter"
1985,"2-Aug",1301,"SPR","resistivity counter"
1985,"3-Aug",3194,"SPR","resistivity counter"
1985,"4-Aug",4780,"SPR","resistivity counter"
1985,"5-Aug",4351,"SPR","resistivity counter"
1985,"6-Aug",9602,"SPR","resistivity counter"
1985,"7-Aug",9373,"SPR","resistivity counter"
1985,"8-Aug",6322,"SPR","resistivity counter"
1985,"9-Aug",6445,"SPR","resistivity counter"
1985,"10-Aug",6773,"SPR","resistivity counter"
1985,"11-Aug",3346,"SPR","resistivity counter"
1985,"12-Aug",3154,"SPR","resistivity counter"
1985,"13-Aug",2171,"SPR","resistivity counter"
1985,"14-Aug",2174,"SPR","resistivity counter"
1985,"15-Aug",1546,"SPR","resistivity counter"
1985,"16-Aug",1608,"SPR","resistivity counter"
1985,"17-Aug",1565,"SPR","resistivity counter"
1985,"18-Aug",503,"SPR","resistivity counter"
1985,"19-Aug",1706,"SPR","resistivity counter"
1985,"20-Aug",1994,"SPR","resistivity counter"
1985,"21-Aug",2512,"SPR","resistivity counter"
1985,"22-Aug",2426,"SPR","resistivity counter"
1985,"23-Aug",2445,"SPR","resistivity counter"
1985,"24-Aug",1753,"SPR","resistivity counter"
1985,"25-Aug",1270,"SPR","resistivity counter"
1985,"26-Aug",1222,"SPR","resistivity counter"
1985,"27-Aug",905,"SPR","resistivity counter"
1985,"28-Aug",1086,"SPR","resistivity counter"
1985,"29-Aug",642,"SPR","resistivity counter"
1985,"30-Aug",591,"SPR","resistivity counter"
1985,"31-Aug",1224,"SPR","resistivity counter"
1985,"1-Sep",735,"SPR","resistivity counter"
1985,"2-Sep",483,"SPR","resistivity counter"
1985,"3-Sep",568,"SPR","resistivity counter"
1985,"4-Sep",687,"SPR","resistivity counter"
1985,"5-Sep",528,"SPR","resistivity counter"
1985,"6-Sep",660,"SPR","resistivity counter"
1985,"7-Sep",82,"SPR","resistivity counter"
1985,"8-Sep",58,"SPR","resistivity counter"
1985,"9-Sep",253,"SPR","resistivity counter"
1985,"10-Sep",1243,"SPR","resistivity counter"
1985,"11-Sep",914,"SPR","resistivity counter"
1985,"12-Sep",437,"SPR","resistivity counter"
1985,"13-Sep",459,"SPR","resistivity counter"
1985,"14-Sep",120,"SPR","resistivity counter"
1985,"15-Sep",252,"SPR","resistivity counter"
1985,"16-Sep",443,"SPR","resistivity counter"
1985,"17-Sep",323,"SPR","resistivity counter"
1985,"18-Sep",188,"SPR","resistivity counter"
1985,"19-Sep",293,"SPR","resistivity counter"
1985,"20-Sep",776,"SPR","resistivity counter"
1985,"21-Sep",625,"SPR","resistivity counter"
1985,"22-Sep",633,"SPR","resistivity counter"
1985,"23-Sep",1163,"SPR","resistivity counter"
1985,"24-Sep",1254,"SPR","resistivity counter"
1985,"25-Sep",982,"SPR","resistivity counter"
1985,"26-Sep",1014,"SPR","resistivity counter"
1985,"27-Sep",387,"SPR","resistivity counter"
1985,"28-Sep",367,"SPR","resistivity counter"
1985,"29-Sep",231,"SPR","resistivity counter"
1985,"30-Sep",200,"SPR","resistivity counter"
1985,"1-Oct",463,"SPR","resistivity counter"
1985,"2-Oct",340,"SPR","resistivity counter"
1985,"3-Oct",279,"SPR","resistivity counter"
1985,"4-Oct",157,"SPR","resistivity counter"
1985,"5-Oct",136,"SPR","resistivity counter"
1985,"6-Oct",261,"SPR","resistivity counter"
1985,"7-Oct",287,"SPR","resistivity counter"
1985,"8-Oct",64,"SPR","resistivity counter"
1984,"29-May",2,"GCL","resistivity counter"
1984,"30-May",6,"GCL","resistivity counter"
1984,"31-May",5,"GCL","resistivity counter"
1984,"1-Jun",8,"GCL","resistivity counter"
1984,"2-Jun",9,"GCL","resistivity counter"
1984,"3-Jun",21,"GCL","resistivity counter"
1984,"4-Jun",102,"GCL","resistivity counter"
1984,"5-Jun",195,"GCL","resistivity counter"
1984,"6-Jun",216,"GCL","resistivity counter"
1984,"7-Jun",339,"GCL","resistivity counter"
1984,"8-Jun",347,"GCL","resistivity counter"
1984,"9-Jun",696,"GCL","resistivity counter"
1984,"10-Jun",579,"GCL","resistivity counter"
1984,"11-Jun",928,"GCL","resistivity counter"
1984,"12-Jun",1015,"GCL","resistivity counter"
1984,"13-Jun",2059,"GCL","resistivity counter"
1984,"14-Jun",847,"GCL","resistivity counter"
1984,"15-Jun",302,"GCL","resistivity counter"
1984,"16-Jun",205,"GCL","resistivity counter"
1984,"17-Jun",98,"GCL","resistivity counter"
1984,"18-Jun",32,"GCL","resistivity counter"
1984,"19-Jun",65,"GCL","resistivity counter"
1984,"20-Jun",207,"GCL","resistivity counter"
1984,"21-Jun",5201,"GCL","resistivity counter"
1984,"22-Jun",1645,"GCL","resistivity counter"
1984,"23-Jun",2951,"GCL","resistivity counter"
1984,"24-Jun",4368,"GCL","resistivity counter"
1984,"25-Jun",1200,"GCL","resistivity counter"
1984,"26-Jun",313,"GCL","resistivity counter"
1984,"27-Jun",319,"GCL","resistivity counter"
1984,"28-Jun",439,"GCL","resistivity counter"
1984,"29-Jun",269,"GCL","resistivity counter"
1984,"30-Jun",155,"GCL","resistivity counter"
1984,"1-Jul",159,"GCL","resistivity counter"
1984,"2-Jul",163,"GCL","resistivity counter"
1984,"3-Jul",677,"GCL","resistivity counter"
1984,"4-Jul",1051,"GCL","resistivity counter"
1984,"5-Jul",1674,"GCL","resistivity counter"
1984,"6-Jul",2500,"GCL","resistivity counter"
1984,"7-Jul",1656,"GCL","resistivity counter"
1984,"8-Jul",1113,"GCL","resistivity counter"
1984,"9-Jul",2533,"GCL","resistivity counter"
1984,"10-Jul",5483,"GCL","resistivity counter"
1984,"11-Jul",6207,"GCL","resistivity counter"
1984,"12-Jul",2608,"GCL","resistivity counter"
1984,"13-Jul",5357,"GCL","resistivity counter"
1984,"14-Jul",3938,"GCL","resistivity counter"
1984,"15-Jul",3817,"GCL","resistivity counter"
1984,"16-Jul",3379,"GCL","resistivity counter"
1984,"17-Jul",2258,"GCL","resistivity counter"
1984,"18-Jul",1484,"GCL","resistivity counter"
1984,"19-Jul",495,"GCL","resistivity counter"
1984,"20-Jul",373,"GCL","resistivity counter"
1984,"21-Jul",1092,"GCL","resistivity counter"
1984,"22-Jul",1169,"GCL","resistivity counter"
1984,"23-Jul",1139,"GCL","resistivity counter"
1984,"24-Jul",2794,"GCL","resistivity counter"
1984,"25-Jul",2411,"GCL","resistivity counter"
1984,"26-Jul",948,"GCL","resistivity counter"
1984,"27-Jul",694,"GCL","resistivity counter"
1984,"28-Jul",452,"GCL","resistivity counter"
1984,"29-Jul",341,"GCL","resistivity counter"
1984,"30-Jul",353,"GCL","resistivity counter"
1984,"31-Jul",298,"GCL","resistivity counter"
1984,"1-Aug",428,"GCL","resistivity counter"
1984,"2-Aug",481,"GCL","resistivity counter"
1984,"3-Aug",493,"GCL","resistivity counter"
1984,"4-Aug",553,"GCL","resistivity counter"
1984,"5-Aug",320,"GCL","resistivity counter"
1984,"6-Aug",368,"GCL","resistivity counter"
1984,"7-Aug",415,"GCL","resistivity counter"
1984,"8-Aug",316,"GCL","resistivity counter"
1984,"9-Aug",218,"GCL","resistivity counter"
1984,"10-Aug",378,"GCL","resistivity counter"
1984,"11-Aug",209,"GCL","resistivity counter"
1984,"12-Aug",265,"GCL","resistivity counter"
1984,"13-Aug",247,"GCL","resistivity counter"
1984,"14-Aug",583,"GCL","resistivity counter"
1984,"15-Aug",1394,"GCL","resistivity counter"
1984,"16-Aug",1851,"GCL","resistivity counter"
1984,"17-Aug",4450,"GCL","resistivity counter"
1984,"18-Aug",3175,"GCL","resistivity counter"
1984,"19-Aug",813,"GCL","resistivity counter"
1984,"20-Aug",1440,"GCL","resistivity counter"
1984,"21-Aug",2341,"GCL","resistivity counter"
1984,"22-Aug",1484,"GCL","resistivity counter"
1984,"23-Aug",2608,"GCL","resistivity counter"
1984,"24-Aug",1961,"GCL","resistivity counter"
1984,"25-Aug",585,"GCL","resistivity counter"
1984,"26-Aug",2077,"GCL","resistivity counter"
1984,"27-Aug",1035,"GCL","resistivity counter"
1984,"28-Aug",240,"GCL","resistivity counter"
1984,"29-Aug",249,"GCL","resistivity counter"
1984,"30-Aug",181,"GCL","resistivity counter"
1984,"31-Aug",698,"GCL","resistivity counter"
1984,"1-Sep",986,"GCL","resistivity counter"
1984,"2-Sep",704,"GCL","resistivity counter"
1984,"3-Sep",641,"GCL","resistivity counter"
1984,"4-Sep",750,"GCL","resistivity counter"
1984,"5-Sep",1123,"GCL","resistivity counter"
1984,"6-Sep",878,"GCL","resistivity counter"
1984,"7-Sep",334,"GCL","resistivity counter"
1984,"8-Sep",243,"GCL","resistivity counter"
1984,"9-Sep",149,"GCL","resistivity counter"
1984,"10-Sep",198,"GCL","resistivity counter"
1984,"11-Sep",384,"GCL","resistivity counter"
1984,"12-Sep",264,"GCL","resistivity counter"
1984,"13-Sep",309,"GCL","resistivity counter"
1984,"14-Sep",341,"GCL","resistivity counter"
1984,"15-Sep",252,"GCL","resistivity counter"
1984,"16-Sep",318,"GCL","resistivity counter"
1984,"17-Sep",467,"GCL","resistivity counter"
1984,"18-Sep",595,"GCL","resistivity counter"
1984,"19-Sep",679,"GCL","resistivity counter"
1984,"20-Sep",587,"GCL","resistivity counter"
1984,"21-Sep",400,"GCL","resistivity counter"
1984,"22-Sep",559,"GCL","resistivity counter"
1984,"23-Sep",477,"GCL","resistivity counter"
1984,"24-Sep",430,"GCL","resistivity counter"
1984,"25-Sep",704,"GCL","resistivity counter"
1984,"26-Sep",769,"GCL","resistivity counter"
1984,"27-Sep",658,"GCL","resistivity counter"
1984,"28-Sep",736,"GCL","resistivity counter"
1984,"29-Sep",672,"GCL","resistivity counter"
1984,"30-Sep",673,"GCL","resistivity counter"
1984,"1-Oct",813,"GCL","resistivity counter"
1984,"2-Oct",602,"GCL","resistivity counter"
1984,"31-May",413,"SPR","resistivity counter"
1984,"1-Jun",935,"SPR","resistivity counter"
1984,"2-Jun",773,"SPR","resistivity counter"
1984,"3-Jun",603,"SPR","resistivity counter"
1984,"4-Jun",639,"SPR","resistivity counter"
1984,"5-Jun",992,"SPR","resistivity counter"
1984,"6-Jun",390,"SPR","resistivity counter"
1984,"7-Jun",837,"SPR","resistivity counter"
1984,"8-Jun",771,"SPR","resistivity counter"
1984,"9-Jun",159,"SPR","resistivity counter"
1984,"10-Jun",2,"SPR","resistivity counter"
1984,"11-Jun",200,"SPR","resistivity counter"
1984,"12-Jun",373,"SPR","resistivity counter"
1984,"13-Jun",1302,"SPR","resistivity counter"
1984,"14-Jun",1396,"SPR","resistivity counter"
1984,"15-Jun",1150,"SPR","resistivity counter"
1984,"16-Jun",244,"SPR","resistivity counter"
1984,"17-Jun",346,"SPR","resistivity counter"
1984,"18-Jun",887,"SPR","resistivity counter"
1984,"19-Jun",1420,"SPR","resistivity counter"
1984,"20-Jun",1983,"SPR","resistivity counter"
1984,"21-Jun",1165,"SPR","resistivity counter"
1984,"22-Jun",573,"SPR","resistivity counter"
1984,"23-Jun",207,"SPR","resistivity counter"
1984,"24-Jun",242,"SPR","resistivity counter"
1984,"25-Jun",1007,"SPR","resistivity counter"
1984,"26-Jun",418,"SPR","resistivity counter"
1984,"27-Jun",1863,"SPR","resistivity counter"
1984,"28-Jun",1751,"SPR","resistivity counter"
1984,"29-Jun",1559,"SPR","resistivity counter"
1984,"30-Jun",586,"SPR","resistivity counter"
1984,"1-Jul",1614,"SPR","resistivity counter"
1984,"2-Jul",1656,"SPR","resistivity counter"
1984,"3-Jul",1526,"SPR","resistivity counter"
1984,"4-Jul",1413,"SPR","resistivity counter"
1984,"5-Jul",1108,"SPR","resistivity counter"
1984,"6-Jul",551,"SPR","resistivity counter"
1984,"7-Jul",423,"SPR","resistivity counter"
1984,"8-Jul",2578,"SPR","resistivity counter"
1984,"9-Jul",2320,"SPR","resistivity counter"
1984,"10-Jul",1595,"SPR","resistivity counter"
1984,"11-Jul",1019,"SPR","resistivity counter"
1984,"12-Jul",3291,"SPR","resistivity counter"
1984,"13-Jul",1233,"SPR","resistivity counter"
1984,"14-Jul",1309,"SPR","resistivity counter"
1984,"15-Jul",1041,"SPR","resistivity counter"
1984,"16-Jul",651,"SPR","resistivity counter"
1984,"17-Jul",356,"SPR","resistivity counter"
1984,"18-Jul",158,"SPR","resistivity counter"
1984,"19-Jul",680,"SPR","resistivity counter"
1984,"20-Jul",676,"SPR","resistivity counter"
1984,"21-Jul",1138,"SPR","resistivity counter"
1984,"22-Jul",1201,"SPR","resistivity counter"
1984,"23-Jul",1109,"SPR","resistivity counter"
1984,"24-Jul",710,"SPR","resistivity counter"
1984,"25-Jul",267,"SPR","resistivity counter"
1984,"26-Jul",303,"SPR","resistivity counter"
1984,"27-Jul",579,"SPR","resistivity counter"
1984,"28-Jul",17,"SPR","resistivity counter"
1984,"29-Jul",10,"SPR","resistivity counter"
1984,"30-Jul",594,"SPR","resistivity counter"
1984,"31-Jul",923,"SPR","resistivity counter"
1984,"1-Aug",1041,"SPR","resistivity counter"
1984,"2-Aug",699,"SPR","resistivity counter"
1984,"3-Aug",1005,"SPR","resistivity counter"
1984,"4-Aug",866,"SPR","resistivity counter"
1984,"5-Aug",638,"SPR","resistivity counter"
1984,"6-Aug",366,"SPR","resistivity counter"
1984,"7-Aug",411,"SPR","resistivity counter"
1984,"8-Aug",293,"SPR","resistivity counter"
1984,"9-Aug",281,"SPR","resistivity counter"
1984,"10-Aug",366,"SPR","resistivity counter"
1984,"11-Aug",339,"SPR","resistivity counter"
1984,"12-Aug",771,"SPR","resistivity counter"
1984,"13-Aug",946,"SPR","resistivity counter"
1984,"14-Aug",1532,"SPR","resistivity counter"
1984,"15-Aug",1925,"SPR","resistivity counter"
1984,"16-Aug",3540,"SPR","resistivity counter"
1984,"17-Aug",2006,"SPR","resistivity counter"
1984,"18-Aug",1125,"SPR","resistivity counter"
1984,"19-Aug",1016,"SPR","resistivity counter"
1984,"20-Aug",1013,"SPR","resistivity counter"
1984,"21-Aug",984,"SPR","resistivity counter"
1984,"22-Aug",830,"SPR","resistivity counter"
1984,"23-Aug",781,"SPR","resistivity counter"
1984,"24-Aug",929,"SPR","resistivity counter"
1984,"25-Aug",855,"SPR","resistivity counter"
1984,"26-Aug",462,"SPR","resistivity counter"
1984,"27-Aug",343,"SPR","resistivity counter"
1984,"28-Aug",344,"SPR","resistivity counter"
1984,"29-Aug",340,"SPR","resistivity counter"
1984,"30-Aug",421,"SPR","resistivity counter"
1984,"31-Aug",338,"SPR","resistivity counter"
1984,"1-Sep",489,"SPR","resistivity counter"
1984,"2-Sep",141,"SPR","resistivity counter"
1984,"3-Sep",163,"SPR","resistivity counter"
1984,"4-Sep",121,"SPR","resistivity counter"
1984,"5-Sep",124,"SPR","resistivity counter"
1984,"6-Sep",121,"SPR","resistivity counter"
1984,"7-Sep",62,"SPR","resistivity counter"
1984,"8-Sep",100,"SPR","resistivity counter"
1984,"9-Sep",63,"SPR","resistivity counter"
1984,"10-Sep",107,"SPR","resistivity counter"
1984,"11-Sep",71,"SPR","resistivity counter"
1984,"12-Sep",98,"SPR","resistivity counter"
1984,"13-Sep",69,"SPR","resistivity counter"
1984,"14-Sep",50,"SPR","resistivity counter"
1984,"15-Sep",69,"SPR","resistivity counter"
1984,"16-Sep",42,"SPR","resistivity counter"
1984,"17-Sep",13,"SPR","resistivity counter"
1984,"18-Sep",163,"SPR","resistivity counter"
1984,"19-Sep",525,"SPR","resistivity counter"
1984,"20-Sep",381,"SPR","resistivity counter"
1984,"21-Sep",270,"SPR","resistivity counter"
1984,"22-Sep",291,"SPR","resistivity counter"
1984,"23-Sep",176,"SPR","resistivity counter"
1984,"24-Sep",186,"SPR","resistivity counter"
1984,"25-Sep",171,"SPR","resistivity counter"
1984,"26-Sep",175,"SPR","resistivity counter"
1984,"27-Sep",164,"SPR","resistivity counter"
1984,"28-Sep",158,"SPR","resistivity counter"
1984,"29-Sep",135,"SPR","resistivity counter"
1984,"30-Sep",176,"SPR","resistivity counter"
1984,"1-Oct",110,"SPR","resistivity counter"
1984,"2-Oct",75,"SPR","resistivity counter"
1983,"10-Jun",0,"GCL","resistivity counter"
1983,"11-Jun",0,"GCL","resistivity counter"
1983,"12-Jun",0,"GCL","resistivity counter"
1983,"13-Jun",42,"GCL","resistivity counter"
1983,"14-Jun",37,"GCL","resistivity counter"
1983,"15-Jun",25,"GCL","resistivity counter"
1983,"16-Jun",38,"GCL","resistivity counter"
1983,"17-Jun",170,"GCL","resistivity counter"
1983,"18-Jun",356,"GCL","resistivity counter"
1983,"19-Jun",395,"GCL","resistivity counter"
1983,"20-Jun",421,"GCL","resistivity counter"
1983,"21-Jun",519,"GCL","resistivity counter"
1983,"22-Jun",2396,"GCL","resistivity counter"
1983,"23-Jun",4268,"GCL","resistivity counter"
1983,"24-Jun",5744,"GCL","resistivity counter"
1983,"25-Jun",3677,"GCL","resistivity counter"
1983,"26-Jun",6753,"GCL","resistivity counter"
1983,"27-Jun",4928,"GCL","resistivity counter"
1983,"28-Jun",8302,"GCL","resistivity counter"
1983,"29-Jun",7449,"GCL","resistivity counter"
1983,"30-Jun",9222,"GCL","resistivity counter"
1983,"1-Jul",7827,"GCL","resistivity counter"
1983,"2-Jul",3665,"GCL","resistivity counter"
1983,"3-Jul",2302,"GCL","resistivity counter"
1983,"4-Jul",2344,"GCL","resistivity counter"
1983,"5-Jul",3835,"GCL","resistivity counter"
1983,"6-Jul",5163,"GCL","resistivity counter"
1983,"7-Jul",7500,"GCL","resistivity counter"
1983,"8-Jul",7419,"GCL","resistivity counter"
1983,"9-Jul",4729,"GCL","resistivity counter"
1983,"10-Jul",1555,"GCL","resistivity counter"
1983,"11-Jul",2558,"GCL","resistivity counter"
1983,"12-Jul",2538,"GCL","resistivity counter"
1983,"13-Jul",2446,"GCL","resistivity counter"
1983,"14-Jul",1501,"GCL","resistivity counter"
1983,"15-Jul",1699,"GCL","resistivity counter"
1983,"16-Jul",2379,"GCL","resistivity counter"
1983,"17-Jul",4230,"GCL","resistivity counter"
1983,"18-Jul",10657,"GCL","resistivity counter"
1983,"19-Jul",21928,"GCL","resistivity counter"
1983,"20-Jul",18631,"GCL","resistivity counter"
1983,"21-Jul",24862,"GCL","resistivity counter"
1983,"22-Jul",22492,"GCL","resistivity counter"
1983,"23-Jul",20956,"GCL","resistivity counter"
1983,"24-Jul",15571,"GCL","resistivity counter"
1983,"25-Jul",14285,"GCL","resistivity counter"
1983,"26-Jul",8941,"GCL","resistivity counter"
1983,"27-Jul",8055,"GCL","resistivity counter"
1983,"28-Jul",5401,"GCL","resistivity counter"
1983,"29-Jul",10692,"GCL","resistivity counter"
1983,"30-Jul",8388,"GCL","resistivity counter"
1983,"31-Jul",8966,"GCL","resistivity counter"
1983,"1-Aug",3750,"GCL","resistivity counter"
1983,"2-Aug",2035,"GCL","resistivity counter"
1983,"3-Aug",1106,"GCL","resistivity counter"
1983,"4-Aug",781,"GCL","resistivity counter"
1983,"5-Aug",1291,"GCL","resistivity counter"
1983,"6-Aug",2248,"GCL","resistivity counter"
1983,"7-Aug",1345,"GCL","resistivity counter"
1983,"8-Aug",1054,"GCL","resistivity counter"
1983,"9-Aug",563,"GCL","resistivity counter"
1983,"10-Aug",467,"GCL","resistivity counter"
1983,"11-Aug",608,"GCL","resistivity counter"
1983,"12-Aug",1241,"GCL","resistivity counter"
1983,"13-Aug",1081,"GCL","resistivity counter"
1983,"14-Aug",2072,"GCL","resistivity counter"
1983,"15-Aug",1252,"GCL","resistivity counter"
1983,"16-Aug",581,"GCL","resistivity counter"
1983,"17-Aug",733,"GCL","resistivity counter"
1983,"18-Aug",2171,"GCL","resistivity counter"
1983,"19-Aug",4042,"GCL","resistivity counter"
1983,"20-Aug",1537,"GCL","resistivity counter"
1983,"21-Aug",1246,"GCL","resistivity counter"
1983,"22-Aug",1067,"GCL","resistivity counter"
1983,"23-Aug",704,"GCL","resistivity counter"
1983,"24-Aug",474,"GCL","resistivity counter"
1983,"25-Aug",736,"GCL","resistivity counter"
1983,"26-Aug",4517,"GCL","resistivity counter"
1983,"27-Aug",2602,"GCL","resistivity counter"
1983,"28-Aug",2084,"GCL","resistivity counter"
1983,"29-Aug",1772,"GCL","resistivity counter"
1983,"30-Aug",1283,"GCL","resistivity counter"
1983,"31-Aug",1068,"GCL","resistivity counter"
1983,"1-Sep",1016,"GCL","resistivity counter"
1983,"2-Sep",1068,"GCL","resistivity counter"
1983,"3-Sep",708,"GCL","resistivity counter"
1983,"4-Sep",409,"GCL","resistivity counter"
1983,"5-Sep",549,"GCL","resistivity counter"
1983,"6-Sep",1025,"GCL","resistivity counter"
1983,"7-Sep",1041,"GCL","resistivity counter"
1983,"8-Sep",769,"GCL","resistivity counter"
1983,"9-Sep",741,"GCL","resistivity counter"
1983,"10-Sep",773,"GCL","resistivity counter"
1983,"11-Sep",449,"GCL","resistivity counter"
1983,"12-Sep",411,"GCL","resistivity counter"
1983,"13-Sep",268,"GCL","resistivity counter"
1983,"14-Sep",279,"GCL","resistivity counter"
1983,"15-Sep",221,"GCL","resistivity counter"
1983,"16-Sep",150,"GCL","resistivity counter"
1983,"17-Sep",156,"GCL","resistivity counter"
1983,"18-Sep",151,"GCL","resistivity counter"
1983,"19-Sep",160,"GCL","resistivity counter"
1983,"20-Sep",214,"GCL","resistivity counter"
1983,"21-Sep",277,"GCL","resistivity counter"
1983,"22-Sep",235,"GCL","resistivity counter"
1983,"23-Sep",262,"GCL","resistivity counter"
1983,"24-Sep",256,"GCL","resistivity counter"
1983,"25-Sep",181,"GCL","resistivity counter"
1983,"26-Sep",75,"GCL","resistivity counter"
1983,"24-May",60,"SPR","resistivity counter"
1983,"25-May",185,"SPR","resistivity counter"
1983,"26-May",354,"SPR","resistivity counter"
1983,"27-May",213,"SPR","resistivity counter"
1983,"28-May",261,"SPR","resistivity counter"
1983,"29-May",248,"SPR","resistivity counter"
1983,"30-May",201,"SPR","resistivity counter"
1983,"31-May",93,"SPR","resistivity counter"
1983,"1-Jun",139,"SPR","resistivity counter"
1983,"2-Jun",684,"SPR","resistivity counter"
1983,"3-Jun",673,"SPR","resistivity counter"
1983,"4-Jun",657,"SPR","resistivity counter"
1983,"5-Jun",651,"SPR","resistivity counter"
1983,"6-Jun",611,"SPR","resistivity counter"
1983,"7-Jun",172,"SPR","resistivity counter"
1983,"8-Jun",514,"SPR","resistivity counter"
1983,"9-Jun",1640,"SPR","resistivity counter"
1983,"10-Jun",1101,"SPR","resistivity counter"
1983,"11-Jun",650,"SPR","resistivity counter"
1983,"12-Jun",1236,"SPR","resistivity counter"
1983,"13-Jun",1569,"SPR","resistivity counter"
1983,"14-Jun",612,"SPR","resistivity counter"
1983,"15-Jun",1641,"SPR","resistivity counter"
1983,"16-Jun",1714,"SPR","resistivity counter"
1983,"17-Jun",806,"SPR","resistivity counter"
1983,"18-Jun",338,"SPR","resistivity counter"
1983,"19-Jun",2102,"SPR","resistivity counter"
1983,"20-Jun",2159,"SPR","resistivity counter"
1983,"21-Jun",2341,"SPR","resistivity counter"
1983,"22-Jun",6833,"SPR","resistivity counter"
1983,"23-Jun",3205,"SPR","resistivity counter"
1983,"24-Jun",1285,"SPR","resistivity counter"
1983,"25-Jun",1239,"SPR","resistivity counter"
1983,"26-Jun",3823,"SPR","resistivity counter"
1983,"27-Jun",2121,"SPR","resistivity counter"
1983,"28-Jun",9515,"SPR","resistivity counter"
1983,"29-Jun",6961,"SPR","resistivity counter"
1983,"30-Jun",1865,"SPR","resistivity counter"
1983,"1-Jul",1687,"SPR","resistivity counter"
1983,"2-Jul",985,"SPR","resistivity counter"
1983,"3-Jul",1371,"SPR","resistivity counter"
1983,"4-Jul",3356,"SPR","resistivity counter"
1983,"5-Jul",4964,"SPR","resistivity counter"
1983,"6-Jul",7605,"SPR","resistivity counter"
1983,"7-Jul",2652,"SPR","resistivity counter"
1983,"8-Jul",1850,"SPR","resistivity counter"
1983,"9-Jul",489,"SPR","resistivity counter"
1983,"10-Jul",3473,"SPR","resistivity counter"
1983,"11-Jul",8808,"SPR","resistivity counter"
1983,"12-Jul",9821,"SPR","resistivity counter"
1983,"13-Jul",10210,"SPR","resistivity counter"
1983,"14-Jul",2100,"SPR","resistivity counter"
1983,"15-Jul",1509,"SPR","resistivity counter"
1983,"16-Jul",3622,"SPR","resistivity counter"
1983,"17-Jul",13153,"SPR","resistivity counter"
1983,"18-Jul",8816,"SPR","resistivity counter"
1983,"19-Jul",2987,"SPR","resistivity counter"
1983,"20-Jul",11380,"SPR","resistivity counter"
1983,"21-Jul",12627,"SPR","resistivity counter"
1983,"22-Jul",8730,"SPR","resistivity counter"
1983,"23-Jul",4623,"SPR","resistivity counter"
1983,"24-Jul",5602,"SPR","resistivity counter"
1983,"25-Jul",8782,"SPR","resistivity counter"
1983,"26-Jul",7224,"SPR","resistivity counter"
1983,"27-Jul",7002,"SPR","resistivity counter"
1983,"28-Jul",6575,"SPR","resistivity counter"
1983,"29-Jul",2679,"SPR","resistivity counter"
1983,"30-Jul",2010,"SPR","resistivity counter"
1983,"31-Jul",1408,"SPR","resistivity counter"
1983,"1-Aug",632,"SPR","resistivity counter"
1983,"2-Aug",1256,"SPR","resistivity counter"
1983,"3-Aug",1060,"SPR","resistivity counter"
1983,"4-Aug",1060,"SPR","resistivity counter"
1983,"5-Aug",1057,"SPR","resistivity counter"
1983,"6-Aug",812,"SPR","resistivity counter"
1983,"7-Aug",870,"SPR","resistivity counter"
1983,"8-Aug",395,"SPR","resistivity counter"
1983,"9-Aug",265,"SPR","resistivity counter"
1983,"10-Aug",1018,"SPR","resistivity counter"
1983,"11-Aug",1539,"SPR","resistivity counter"
1983,"12-Aug",1849,"SPR","resistivity counter"
1983,"13-Aug",1479,"SPR","resistivity counter"
1983,"14-Aug",542,"SPR","resistivity counter"
1983,"15-Aug",578,"SPR","resistivity counter"
1983,"16-Aug",588,"SPR","resistivity counter"
1983,"17-Aug",2496,"SPR","resistivity counter"
1983,"18-Aug",2491,"SPR","resistivity counter"
1983,"19-Aug",650,"SPR","resistivity counter"
1983,"20-Aug",639,"SPR","resistivity counter"
1983,"21-Aug",489,"SPR","resistivity counter"
1983,"22-Aug",291,"SPR","resistivity counter"
1983,"23-Aug",125,"SPR","resistivity counter"
1983,"24-Aug",432,"SPR","resistivity counter"
1983,"25-Aug",1506,"SPR","resistivity counter"
1983,"26-Aug",1018,"SPR","resistivity counter"
1983,"27-Aug",0,"SPR","resistivity counter"
1983,"28-Aug",0,"SPR","resistivity counter"
1983,"29-Aug",500,"SPR","resistivity counter"
1983,"30-Aug",235,"SPR","resistivity counter"
1983,"31-Aug",628,"SPR","resistivity counter"
1983,"1-Sep",361,"SPR","resistivity counter"
1983,"2-Sep",276,"SPR","resistivity counter"
1983,"3-Sep",145,"SPR","resistivity counter"
1983,"4-Sep",115,"SPR","resistivity counter"
1983,"5-Sep",326,"SPR","resistivity counter"
1983,"6-Sep",249,"SPR","resistivity counter"
1983,"7-Sep",182,"SPR","resistivity counter"
1983,"8-Sep",153,"SPR","resistivity counter"
1983,"9-Sep",111,"SPR","resistivity counter"
1983,"10-Sep",127,"SPR","resistivity counter"
1983,"11-Sep",94,"SPR","resistivity counter"
1983,"12-Sep",39,"SPR","resistivity counter"
1983,"13-Sep",32,"SPR","resistivity counter"
1983,"14-Sep",26,"SPR","resistivity counter"
1983,"15-Sep",49,"SPR","resistivity counter"
1983,"16-Sep",40,"SPR","resistivity counter"
1983,"17-Sep",46,"SPR","resistivity counter"
1983,"18-Sep",33,"SPR","resistivity counter"
1983,"19-Sep",37,"SPR","resistivity counter"
1983,"20-Sep",43,"SPR","resistivity counter"
1983,"21-Sep",28,"SPR","resistivity counter"
1983,"22-Sep",33,"SPR","resistivity counter"
1983,"23-Sep",64,"SPR","resistivity counter"
1983,"24-Sep",60,"SPR","resistivity counter"
1983,"25-Sep",35,"SPR","resistivity counter"
1983,"26-Sep",17,"SPR","resistivity counter"
1982,"10-Jun",0,"GCL","resistivity counter"
1982,"11-Jun",0,"GCL","resistivity counter"
1982,"12-Jun",0,"GCL","resistivity counter"
1982,"13-Jun",0,"GCL","resistivity counter"
1982,"14-Jun",5,"GCL","resistivity counter"
1982,"15-Jun",25,"GCL","resistivity counter"
1982,"16-Jun",15,"GCL","resistivity counter"
1982,"17-Jun",22,"GCL","resistivity counter"
1982,"18-Jun",47,"GCL","resistivity counter"
1982,"19-Jun",140,"GCL","resistivity counter"
1982,"20-Jun",265,"GCL","resistivity counter"
1982,"21-Jun",218,"GCL","resistivity counter"
1982,"22-Jun",84,"GCL","resistivity counter"
1982,"23-Jun",370,"GCL","resistivity counter"
1982,"24-Jun",267,"GCL","resistivity counter"
1982,"25-Jun",182,"GCL","resistivity counter"
1982,"26-Jun",93,"GCL","resistivity counter"
1982,"27-Jun",173,"GCL","resistivity counter"
1982,"28-Jun",82,"GCL","resistivity counter"
1982,"29-Jun",69,"GCL","resistivity counter"
1982,"30-Jun",102,"GCL","resistivity counter"
1982,"1-Jul",70,"GCL","resistivity counter"
1982,"2-Jul",198,"GCL","resistivity counter"
1982,"3-Jul",316,"GCL","resistivity counter"
1982,"4-Jul",500,"GCL","resistivity counter"
1982,"5-Jul",601,"GCL","resistivity counter"
1982,"6-Jul",542,"GCL","resistivity counter"
1982,"7-Jul",1389,"GCL","resistivity counter"
1982,"8-Jul",5998,"GCL","resistivity counter"
1982,"9-Jul",5205,"GCL","resistivity counter"
1982,"10-Jul",4048,"GCL","resistivity counter"
1982,"11-Jul",2263,"GCL","resistivity counter"
1982,"12-Jul",1890,"GCL","resistivity counter"
1982,"13-Jul",2242,"GCL","resistivity counter"
1982,"14-Jul",1488,"GCL","resistivity counter"
1982,"15-Jul",943,"GCL","resistivity counter"
1982,"16-Jul",1795,"GCL","resistivity counter"
1982,"17-Jul",2016,"GCL","resistivity counter"
1982,"18-Jul",1200,"GCL","resistivity counter"
1982,"19-Jul",3703,"GCL","resistivity counter"
1982,"20-Jul",2973,"GCL","resistivity counter"
1982,"21-Jul",2714,"GCL","resistivity counter"
1982,"22-Jul",4036,"GCL","resistivity counter"
1982,"23-Jul",9068,"GCL","resistivity counter"
1982,"24-Jul",4220,"GCL","resistivity counter"
1982,"25-Jul",5114,"GCL","resistivity counter"
1982,"26-Jul",3345,"GCL","resistivity counter"
1982,"27-Jul",1111,"GCL","resistivity counter"
1982,"28-Jul",882,"GCL","resistivity counter"
1982,"29-Jul",463,"GCL","resistivity counter"
1982,"30-Jul",1014,"GCL","resistivity counter"
1982,"31-Jul",860,"GCL","resistivity counter"
1982,"1-Aug",509,"GCL","resistivity counter"
1982,"2-Aug",1183,"GCL","resistivity counter"
1982,"3-Aug",1141,"GCL","resistivity counter"
1982,"4-Aug",4662,"GCL","resistivity counter"
1982,"5-Aug",2994,"GCL","resistivity counter"
1982,"6-Aug",15069,"GCL","resistivity counter"
1982,"7-Aug",5523,"GCL","resistivity counter"
1982,"8-Aug",6748,"GCL","resistivity counter"
1982,"9-Aug",5877,"GCL","resistivity counter"
1982,"10-Aug",1940,"GCL","resistivity counter"
1982,"11-Aug",3327,"GCL","resistivity counter"
1982,"12-Aug",1126,"GCL","resistivity counter"
1982,"13-Aug",3771,"GCL","resistivity counter"
1982,"14-Aug",3492,"GCL","resistivity counter"
1982,"15-Aug",865,"GCL","resistivity counter"
1982,"16-Aug",2864,"GCL","resistivity counter"
1982,"17-Aug",1788,"GCL","resistivity counter"
1982,"18-Aug",1386,"GCL","resistivity counter"
1982,"19-Aug",612,"GCL","resistivity counter"
1982,"20-Aug",2731,"GCL","resistivity counter"
1982,"21-Aug",4477,"GCL","resistivity counter"
1982,"22-Aug",2851,"GCL","resistivity counter"
1982,"23-Aug",1225,"GCL","resistivity counter"
1982,"24-Aug",629,"GCL","resistivity counter"
1982,"25-Aug",305,"GCL","resistivity counter"
1982,"26-Aug",1044,"GCL","resistivity counter"
1982,"27-Aug",689,"GCL","resistivity counter"
1982,"28-Aug",306,"GCL","resistivity counter"
1982,"29-Aug",280,"GCL","resistivity counter"
1982,"30-Aug",256,"GCL","resistivity counter"
1982,"31-Aug",86,"GCL","resistivity counter"
1982,"1-Sep",219,"GCL","resistivity counter"
1982,"2-Sep",125,"GCL","resistivity counter"
1982,"3-Sep",215,"GCL","resistivity counter"
1982,"4-Sep",339,"GCL","resistivity counter"
1982,"5-Sep",163,"GCL","resistivity counter"
1982,"6-Sep",167,"GCL","resistivity counter"
1982,"7-Sep",228,"GCL","resistivity counter"
1982,"8-Sep",119,"GCL","resistivity counter"
1982,"9-Sep",236,"GCL","resistivity counter"
1982,"10-Sep",294,"GCL","resistivity counter"
1982,"11-Sep",333,"GCL","resistivity counter"
1982,"12-Sep",323,"GCL","resistivity counter"
1982,"13-Sep",290,"GCL","resistivity counter"
1982,"14-Sep",271,"GCL","resistivity counter"
1982,"15-Sep",177,"GCL","resistivity counter"
1982,"16-Sep",144,"GCL","resistivity counter"
1982,"17-Sep",171,"GCL","resistivity counter"
1982,"18-Sep",149,"GCL","resistivity counter"
1982,"19-Sep",172,"GCL","resistivity counter"
1982,"20-Sep",252,"GCL","resistivity counter"
1982,"21-Sep",224,"GCL","resistivity counter"
1982,"22-Sep",179,"GCL","resistivity counter"
1982,"23-Sep",219,"GCL","resistivity counter"
1982,"24-Sep",220,"GCL","resistivity counter"
1982,"25-Sep",189,"GCL","resistivity counter"
1982,"26-Sep",264,"GCL","resistivity counter"
1982,"27-Sep",234,"GCL","resistivity counter"
1982,"28-Sep",284,"GCL","resistivity counter"
1982,"29-Sep",221,"GCL","resistivity counter"
1982,"30-Sep",199,"GCL","resistivity counter"
1982,"1-Oct",64,"GCL","resistivity counter"
1982,"10-Jun",0,"SPR","resistivity counter"
1982,"11-Jun",0,"SPR","resistivity counter"
1982,"12-Jun",0,"SPR","resistivity counter"
1982,"13-Jun",0,"SPR","resistivity counter"
1982,"14-Jun",1186,"SPR","resistivity counter"
1982,"15-Jun",1018,"SPR","resistivity counter"
1982,"16-Jun",849,"SPR","resistivity counter"
1982,"17-Jun",1532,"SPR","resistivity counter"
1982,"18-Jun",914,"SPR","resistivity counter"
1982,"19-Jun",492,"SPR","resistivity counter"
1982,"20-Jun",473,"SPR","resistivity counter"
1982,"21-Jun",250,"SPR","resistivity counter"
1982,"22-Jun",147,"SPR","resistivity counter"
1982,"23-Jun",462,"SPR","resistivity counter"
1982,"24-Jun",618,"SPR","resistivity counter"
1982,"25-Jun",1253,"SPR","resistivity counter"
1982,"26-Jun",481,"SPR","resistivity counter"
1982,"27-Jun",445,"SPR","resistivity counter"
1982,"28-Jun",991,"SPR","resistivity counter"
1982,"29-Jun",681,"SPR","resistivity counter"
1982,"30-Jun",1238,"SPR","resistivity counter"
1982,"1-Jul",1103,"SPR","resistivity counter"
1982,"2-Jul",1253,"SPR","resistivity counter"
1982,"3-Jul",855,"SPR","resistivity counter"
1982,"4-Jul",1042,"SPR","resistivity counter"
1982,"5-Jul",405,"SPR","resistivity counter"
1982,"6-Jul",753,"SPR","resistivity counter"
1982,"7-Jul",6455,"SPR","resistivity counter"
1982,"8-Jul",5731,"SPR","resistivity counter"
1982,"9-Jul",3966,"SPR","resistivity counter"
1982,"10-Jul",1699,"SPR","resistivity counter"
1982,"11-Jul",1316,"SPR","resistivity counter"
1982,"12-Jul",1151,"SPR","resistivity counter"
1982,"13-Jul",1528,"SPR","resistivity counter"
1982,"14-Jul",2555,"SPR","resistivity counter"
1982,"15-Jul",3484,"SPR","resistivity counter"
1982,"16-Jul",3793,"SPR","resistivity counter"
1982,"17-Jul",5374,"SPR","resistivity counter"
1982,"18-Jul",7079,"SPR","resistivity counter"
1982,"19-Jul",5082,"SPR","resistivity counter"
1982,"20-Jul",5752,"SPR","resistivity counter"
1982,"21-Jul",13903,"SPR","resistivity counter"
1982,"22-Jul",12369,"SPR","resistivity counter"
1982,"23-Jul",9498,"SPR","resistivity counter"
1982,"24-Jul",4979,"SPR","resistivity counter"
1982,"25-Jul",2896,"SPR","resistivity counter"
1982,"26-Jul",920,"SPR","resistivity counter"
1982,"27-Jul",359,"SPR","resistivity counter"
1982,"28-Jul",793,"SPR","resistivity counter"
1982,"29-Jul",2221,"SPR","resistivity counter"
1982,"30-Jul",2194,"SPR","resistivity counter"
1982,"31-Jul",1917,"SPR","resistivity counter"
1982,"1-Aug",6349,"SPR","resistivity counter"
1982,"2-Aug",7088,"SPR","resistivity counter"
1982,"3-Aug",10982,"SPR","resistivity counter"
1982,"4-Aug",8302,"SPR","resistivity counter"
1982,"5-Aug",11184,"SPR","resistivity counter"
1982,"6-Aug",6495,"SPR","resistivity counter"
1982,"7-Aug",3730,"SPR","resistivity counter"
1982,"8-Aug",2837,"SPR","resistivity counter"
1982,"9-Aug",2191,"SPR","resistivity counter"
1982,"10-Aug",3765,"SPR","resistivity counter"
1982,"11-Aug",3758,"SPR","resistivity counter"
1982,"12-Aug",2902,"SPR","resistivity counter"
1982,"13-Aug",3060,"SPR","resistivity counter"
1982,"14-Aug",4559,"SPR","resistivity counter"
1982,"15-Aug",1939,"SPR","resistivity counter"
1982,"16-Aug",2205,"SPR","resistivity counter"
1982,"17-Aug",785,"SPR","resistivity counter"
1982,"18-Aug",1876,"SPR","resistivity counter"
1982,"19-Aug",1466,"SPR","resistivity counter"
1982,"20-Aug",1337,"SPR","resistivity counter"
1982,"21-Aug",894,"SPR","resistivity counter"
1982,"22-Aug",798,"SPR","resistivity counter"
1982,"23-Aug",476,"SPR","resistivity counter"
1982,"24-Aug",351,"SPR","resistivity counter"
1982,"25-Aug",319,"SPR","resistivity counter"
1982,"26-Aug",335,"SPR","resistivity counter"
1982,"27-Aug",454,"SPR","resistivity counter"
1982,"28-Aug",415,"SPR","resistivity counter"
1982,"29-Aug",375,"SPR","resistivity counter"
1982,"30-Aug",336,"SPR","resistivity counter"
1982,"31-Aug",299,"SPR","resistivity counter"
1982,"1-Sep",377,"SPR","resistivity counter"
1982,"2-Sep",353,"SPR","resistivity counter"
1982,"3-Sep",456,"SPR","resistivity counter"
1982,"4-Sep",359,"SPR","resistivity counter"
1982,"5-Sep",322,"SPR","resistivity counter"
1982,"6-Sep",306,"SPR","resistivity counter"
1982,"7-Sep",316,"SPR","resistivity counter"
1982,"8-Sep",317,"SPR","resistivity counter"
1982,"9-Sep",299,"SPR","resistivity counter"
1982,"10-Sep",616,"SPR","resistivity counter"
1982,"11-Sep",548,"SPR","resistivity counter"
1982,"12-Sep",491,"SPR","resistivity counter"
1982,"13-Sep",287,"SPR","resistivity counter"
1982,"14-Sep",218,"SPR","resistivity counter"
1982,"15-Sep",244,"SPR","resistivity counter"
1982,"16-Sep",278,"SPR","resistivity counter"
1982,"17-Sep",249,"SPR","resistivity counter"
1982,"18-Sep",218,"SPR","resistivity counter"
1982,"19-Sep",207,"SPR","resistivity counter"
1982,"20-Sep",178,"SPR","resistivity counter"
1982,"21-Sep",193,"SPR","resistivity counter"
1982,"22-Sep",246,"SPR","resistivity counter"
1982,"23-Sep",298,"SPR","resistivity counter"
1981,"10-Jun",0,"GCL","resistivity counter"
1981,"11-Jun",0,"GCL","resistivity counter"
1981,"12-Jun",0,"GCL","resistivity counter"
1981,"13-Jun",0,"GCL","resistivity counter"
1981,"14-Jun",388,"GCL","resistivity counter"
1981,"15-Jun",648,"GCL","resistivity counter"
1981,"16-Jun",945,"GCL","resistivity counter"
1981,"17-Jun",1284,"GCL","resistivity counter"
1981,"18-Jun",1622,"GCL","resistivity counter"
1981,"19-Jun",2561,"GCL","resistivity counter"
1981,"20-Jun",3008,"GCL","resistivity counter"
1981,"21-Jun",3455,"GCL","resistivity counter"
1981,"22-Jun",3902,"GCL","resistivity counter"
1981,"23-Jun",3785,"GCL","resistivity counter"
1981,"24-Jun",3814,"GCL","resistivity counter"
1981,"25-Jun",4398,"GCL","resistivity counter"
1981,"26-Jun",15402,"GCL","resistivity counter"
1981,"27-Jun",10442,"GCL","resistivity counter"
1981,"28-Jun",9558,"GCL","resistivity counter"
1981,"29-Jun",6247,"GCL","resistivity counter"
1981,"30-Jun",3231,"GCL","resistivity counter"
1981,"1-Jul",4720,"GCL","resistivity counter"
1981,"2-Jul",3951,"GCL","resistivity counter"
1981,"3-Jul",8976,"GCL","resistivity counter"
1981,"4-Jul",4406,"GCL","resistivity counter"
1981,"5-Jul",4668,"GCL","resistivity counter"
1981,"6-Jul",3843,"GCL","resistivity counter"
1981,"7-Jul",2003,"GCL","resistivity counter"
1981,"8-Jul",3892,"GCL","resistivity counter"
1981,"9-Jul",7584,"GCL","resistivity counter"
1981,"10-Jul",11247,"GCL","resistivity counter"
1981,"11-Jul",13814,"GCL","resistivity counter"
1981,"12-Jul",8063,"GCL","resistivity counter"
1981,"13-Jul",4187,"GCL","resistivity counter"
1981,"14-Jul",3247,"GCL","resistivity counter"
1981,"15-Jul",1413,"GCL","resistivity counter"
1981,"16-Jul",2907,"GCL","resistivity counter"
1981,"17-Jul",3454,"GCL","resistivity counter"
1981,"18-Jul",2657,"GCL","resistivity counter"
1981,"19-Jul",1963,"GCL","resistivity counter"
1981,"20-Jul",1018,"GCL","resistivity counter"
1981,"21-Jul",1319,"GCL","resistivity counter"
1981,"22-Jul",799,"GCL","resistivity counter"
1981,"23-Jul",578,"GCL","resistivity counter"
1981,"24-Jul",640,"GCL","resistivity counter"
1981,"25-Jul",1140,"GCL","resistivity counter"
1981,"26-Jul",896,"GCL","resistivity counter"
1981,"27-Jul",529,"GCL","resistivity counter"
1981,"28-Jul",242,"GCL","resistivity counter"
1981,"29-Jul",59,"GCL","resistivity counter"
1981,"30-Jul",42,"GCL","resistivity counter"
1981,"31-Jul",40,"GCL","resistivity counter"
1981,"1-Aug",144,"GCL","resistivity counter"
1981,"2-Aug",464,"GCL","resistivity counter"
1981,"3-Aug",367,"GCL","resistivity counter"
1981,"4-Aug",408,"GCL","resistivity counter"
1981,"5-Aug",1345,"GCL","resistivity counter"
1981,"6-Aug",1196,"GCL","resistivity counter"
1981,"7-Aug",2493,"GCL","resistivity counter"
1981,"8-Aug",1798,"GCL","resistivity counter"
1981,"9-Aug",1616,"GCL","resistivity counter"
1981,"10-Aug",593,"GCL","resistivity counter"
1981,"11-Aug",29,"GCL","resistivity counter"
1981,"12-Aug",57,"GCL","resistivity counter"
1981,"13-Aug",182,"GCL","resistivity counter"
1981,"14-Aug",239,"GCL","resistivity counter"
1981,"15-Aug",162,"GCL","resistivity counter"
1981,"16-Aug",166,"GCL","resistivity counter"
1981,"17-Aug",155,"GCL","resistivity counter"
1981,"18-Aug",219,"GCL","resistivity counter"
1981,"19-Aug",624,"GCL","resistivity counter"
1981,"20-Aug",690,"GCL","resistivity counter"
1981,"21-Aug",2295,"GCL","resistivity counter"
1981,"22-Aug",2798,"GCL","resistivity counter"
1981,"23-Aug",2741,"GCL","resistivity counter"
1981,"24-Aug",7006,"GCL","resistivity counter"
1981,"25-Aug",3058,"GCL","resistivity counter"
1981,"26-Aug",849,"GCL","resistivity counter"
1981,"27-Aug",743,"GCL","resistivity counter"
1981,"28-Aug",1217,"GCL","resistivity counter"
1981,"29-Aug",1014,"GCL","resistivity counter"
1981,"30-Aug",1994,"GCL","resistivity counter"
1981,"31-Aug",1043,"GCL","resistivity counter"
1981,"1-Sep",2170,"GCL","resistivity counter"
1981,"2-Sep",2104,"GCL","resistivity counter"
1981,"3-Sep",1220,"GCL","resistivity counter"
1981,"4-Sep",1853,"GCL","resistivity counter"
1981,"5-Sep",1947,"GCL","resistivity counter"
1981,"6-Sep",1543,"GCL","resistivity counter"
1981,"7-Sep",1259,"GCL","resistivity counter"
1981,"8-Sep",1362,"GCL","resistivity counter"
1981,"9-Sep",1373,"GCL","resistivity counter"
1981,"10-Sep",880,"GCL","resistivity counter"
1981,"11-Sep",593,"GCL","resistivity counter"
1981,"12-Sep",703,"GCL","resistivity counter"
1981,"13-Sep",363,"GCL","resistivity counter"
1981,"14-Sep",469,"GCL","resistivity counter"
1981,"15-Sep",385,"GCL","resistivity counter"
1981,"16-Sep",629,"GCL","resistivity counter"
1981,"17-Sep",513,"GCL","resistivity counter"
1981,"18-Sep",969,"GCL","resistivity counter"
1981,"19-Sep",1864,"GCL","resistivity counter"
1981,"20-Sep",1664,"GCL","resistivity counter"
1981,"21-Sep",2322,"GCL","resistivity counter"
1981,"22-Sep",758,"GCL","resistivity counter"
1981,"23-Sep",1762,"GCL","resistivity counter"
1981,"24-Sep",2763,"GCL","resistivity counter"
1981,"25-Sep",3192,"GCL","resistivity counter"
1981,"26-Sep",2654,"GCL","resistivity counter"
1981,"27-Sep",2507,"GCL","resistivity counter"
1981,"28-Sep",3020,"GCL","resistivity counter"
1981,"29-Sep",1877,"GCL","resistivity counter"
1981,"30-Sep",1068,"GCL","resistivity counter"
1981,"1-Oct",313,"GCL","resistivity counter"
1981,"10-Jun",0,"SPR","resistivity counter"
1981,"11-Jun",0,"SPR","resistivity counter"
1981,"12-Jun",0,"SPR","resistivity counter"
1981,"13-Jun",0,"SPR","resistivity counter"
1981,"14-Jun",39,"SPR","resistivity counter"
1981,"15-Jun",1124,"SPR","resistivity counter"
1981,"16-Jun",1042,"SPR","resistivity counter"
1981,"17-Jun",1766,"SPR","resistivity counter"
1981,"18-Jun",2489,"SPR","resistivity counter"
1981,"19-Jun",3213,"SPR","resistivity counter"
1981,"20-Jun",3936,"SPR","resistivity counter"
1981,"21-Jun",4660,"SPR","resistivity counter"
1981,"22-Jun",5384,"SPR","resistivity counter"
1981,"23-Jun",6107,"SPR","resistivity counter"
1981,"24-Jun",6831,"SPR","resistivity counter"
1981,"25-Jun",5900,"SPR","resistivity counter"
1981,"26-Jun",5261,"SPR","resistivity counter"
1981,"27-Jun",1215,"SPR","resistivity counter"
1981,"28-Jun",1362,"SPR","resistivity counter"
1981,"29-Jun",389,"SPR","resistivity counter"
1981,"30-Jun",1301,"SPR","resistivity counter"
1981,"1-Jul",3919,"SPR","resistivity counter"
1981,"2-Jul",4303,"SPR","resistivity counter"
1981,"3-Jul",4806,"SPR","resistivity counter"
1981,"4-Jul",3867,"SPR","resistivity counter"
1981,"5-Jul",2927,"SPR","resistivity counter"
1981,"6-Jul",2394,"SPR","resistivity counter"
1981,"7-Jul",1548,"SPR","resistivity counter"
1981,"8-Jul",7541,"SPR","resistivity counter"
1981,"9-Jul",4726,"SPR","resistivity counter"
1981,"10-Jul",2680,"SPR","resistivity counter"
1981,"11-Jul",997,"SPR","resistivity counter"
1981,"12-Jul",1569,"SPR","resistivity counter"
1981,"13-Jul",996,"SPR","resistivity counter"
1981,"14-Jul",411,"SPR","resistivity counter"
1981,"15-Jul",2636,"SPR","resistivity counter"
1981,"16-Jul",1522,"SPR","resistivity counter"
1981,"17-Jul",816,"SPR","resistivity counter"
1981,"18-Jul",841,"SPR","resistivity counter"
1981,"19-Jul",236,"SPR","resistivity counter"
1981,"20-Jul",649,"SPR","resistivity counter"
1981,"21-Jul",215,"SPR","resistivity counter"
1981,"22-Jul",740,"SPR","resistivity counter"
1981,"23-Jul",398,"SPR","resistivity counter"
1981,"24-Jul",381,"SPR","resistivity counter"
1981,"25-Jul",311,"SPR","resistivity counter"
1981,"26-Jul",354,"SPR","resistivity counter"
1981,"27-Jul",105,"SPR","resistivity counter"
1981,"28-Jul",11,"SPR","resistivity counter"
1981,"29-Jul",40,"SPR","resistivity counter"
1981,"30-Jul",280,"SPR","resistivity counter"
1981,"31-Jul",544,"SPR","resistivity counter"
1981,"1-Aug",577,"SPR","resistivity counter"
1981,"2-Aug",632,"SPR","resistivity counter"
1981,"3-Aug",688,"SPR","resistivity counter"
1981,"4-Aug",686,"SPR","resistivity counter"
1981,"5-Aug",1337,"SPR","resistivity counter"
1981,"6-Aug",1626,"SPR","resistivity counter"
1981,"7-Aug",651,"SPR","resistivity counter"
1981,"8-Aug",146,"SPR","resistivity counter"
1981,"9-Aug",31,"SPR","resistivity counter"
1981,"10-Aug",2,"SPR","resistivity counter"
1981,"11-Aug",4,"SPR","resistivity counter"
1981,"12-Aug",7,"SPR","resistivity counter"
1981,"13-Aug",9,"SPR","resistivity counter"
1981,"14-Aug",12,"SPR","resistivity counter"
1981,"15-Aug",34,"SPR","resistivity counter"
1981,"16-Aug",71,"SPR","resistivity counter"
1981,"17-Aug",153,"SPR","resistivity counter"
1981,"18-Aug",122,"SPR","resistivity counter"
1981,"19-Aug",830,"SPR","resistivity counter"
1981,"20-Aug",1264,"SPR","resistivity counter"
1981,"21-Aug",2549,"SPR","resistivity counter"
1981,"22-Aug",1231,"SPR","resistivity counter"
1981,"23-Aug",2429,"SPR","resistivity counter"
1981,"24-Aug",1093,"SPR","resistivity counter"
1981,"25-Aug",413,"SPR","resistivity counter"
1981,"26-Aug",570,"SPR","resistivity counter"
1981,"27-Aug",345,"SPR","resistivity counter"
1981,"28-Aug",612,"SPR","resistivity counter"
1981,"29-Aug",615,"SPR","resistivity counter"
1981,"30-Aug",772,"SPR","resistivity counter"
1981,"31-Aug",164,"SPR","resistivity counter"
1981,"1-Sep",279,"SPR","resistivity counter"
1981,"2-Sep",342,"SPR","resistivity counter"
1981,"3-Sep",407,"SPR","resistivity counter"
1981,"4-Sep",473,"SPR","resistivity counter"
1981,"5-Sep",354,"SPR","resistivity counter"
1981,"6-Sep",278,"SPR","resistivity counter"
1981,"7-Sep",292,"SPR","resistivity counter"
1981,"8-Sep",235,"SPR","resistivity counter"
1981,"9-Sep",131,"SPR","resistivity counter"
1981,"10-Sep",119,"SPR","resistivity counter"
1981,"11-Sep",99,"SPR","resistivity counter"
1981,"12-Sep",71,"SPR","resistivity counter"
1981,"13-Sep",107,"SPR","resistivity counter"
1981,"14-Sep",51,"SPR","resistivity counter"
1981,"15-Sep",36,"SPR","resistivity counter"
1981,"16-Sep",65,"SPR","resistivity counter"
1981,"17-Sep",98,"SPR","resistivity counter"
1981,"18-Sep",210,"SPR","resistivity counter"
1981,"19-Sep",535,"SPR","resistivity counter"
1981,"20-Sep",185,"SPR","resistivity counter"
1981,"21-Sep",908,"SPR","resistivity counter"
1981,"22-Sep",444,"SPR","resistivity counter"
1981,"23-Sep",636,"SPR","resistivity counter"
1980,"10-Jun",0,"GCL","resistivity counter"
1980,"11-Jun",0,"GCL","resistivity counter"
1980,"12-Jun",0,"GCL","resistivity counter"
1980,"13-Jun",678,"GCL","resistivity counter"
1980,"14-Jun",1458,"GCL","resistivity counter"
1980,"15-Jun",915,"GCL","resistivity counter"
1980,"16-Jun",788,"GCL","resistivity counter"
1980,"17-Jun",879,"GCL","resistivity counter"
1980,"18-Jun",502,"GCL","resistivity counter"
1980,"19-Jun",769,"GCL","resistivity counter"
1980,"20-Jun",804,"GCL","resistivity counter"
1980,"21-Jun",2950,"GCL","resistivity counter"
1980,"22-Jun",2551,"GCL","resistivity counter"
1980,"23-Jun",2399,"GCL","resistivity counter"
1980,"24-Jun",1823,"GCL","resistivity counter"
1980,"25-Jun",689,"GCL","resistivity counter"
1980,"26-Jun",1200,"GCL","resistivity counter"
1980,"27-Jun",382,"GCL","resistivity counter"
1980,"28-Jun",309,"GCL","resistivity counter"
1980,"29-Jun",571,"GCL","resistivity counter"
1980,"30-Jun",1116,"GCL","resistivity counter"
1980,"1-Jul",3739,"GCL","resistivity counter"
1980,"2-Jul",11575,"GCL","resistivity counter"
1980,"3-Jul",1623,"GCL","resistivity counter"
1980,"4-Jul",1356,"GCL","resistivity counter"
1980,"5-Jul",3040,"GCL","resistivity counter"
1980,"6-Jul",1174,"GCL","resistivity counter"
1980,"7-Jul",1029,"GCL","resistivity counter"
1980,"8-Jul",952,"GCL","resistivity counter"
1980,"9-Jul",9492,"GCL","resistivity counter"
1980,"10-Jul",11098,"GCL","resistivity counter"
1980,"11-Jul",8405,"GCL","resistivity counter"
1980,"12-Jul",4221,"GCL","resistivity counter"
1980,"13-Jul",2674,"GCL","resistivity counter"
1980,"14-Jul",1323,"GCL","resistivity counter"
1980,"15-Jul",1039,"GCL","resistivity counter"
1980,"16-Jul",790,"GCL","resistivity counter"
1980,"17-Jul",2905,"GCL","resistivity counter"
1980,"18-Jul",3446,"GCL","resistivity counter"
1980,"19-Jul",1424,"GCL","resistivity counter"
1980,"20-Jul",1001,"GCL","resistivity counter"
1980,"21-Jul",240,"GCL","resistivity counter"
1980,"22-Jul",352,"GCL","resistivity counter"
1980,"23-Jul",324,"GCL","resistivity counter"
1980,"24-Jul",140,"GCL","resistivity counter"
1980,"25-Jul",154,"GCL","resistivity counter"
1980,"26-Jul",616,"GCL","resistivity counter"
1980,"27-Jul",386,"GCL","resistivity counter"
1980,"28-Jul",491,"GCL","resistivity counter"
1980,"29-Jul",310,"GCL","resistivity counter"
1980,"30-Jul",118,"GCL","resistivity counter"
1980,"31-Jul",57,"GCL","resistivity counter"
1980,"1-Aug",118,"GCL","resistivity counter"
1980,"2-Aug",227,"GCL","resistivity counter"
1980,"3-Aug",262,"GCL","resistivity counter"
1980,"4-Aug",698,"GCL","resistivity counter"
1980,"5-Aug",906,"GCL","resistivity counter"
1980,"6-Aug",426,"GCL","resistivity counter"
1980,"7-Aug",310,"GCL","resistivity counter"
1980,"8-Aug",1172,"GCL","resistivity counter"
1980,"9-Aug",602,"GCL","resistivity counter"
1980,"10-Aug",148,"GCL","resistivity counter"
1980,"11-Aug",286,"GCL","resistivity counter"
1980,"12-Aug",95,"GCL","resistivity counter"
1980,"13-Aug",63,"GCL","resistivity counter"
1980,"14-Aug",202,"GCL","resistivity counter"
1980,"15-Aug",1220,"GCL","resistivity counter"
1980,"16-Aug",985,"GCL","resistivity counter"
1980,"17-Aug",822,"GCL","resistivity counter"
1980,"18-Aug",1671,"GCL","resistivity counter"
1980,"19-Aug",1832,"GCL","resistivity counter"
1980,"20-Aug",3126,"GCL","resistivity counter"
1980,"21-Aug",3580,"GCL","resistivity counter"
1980,"22-Aug",5149,"GCL","resistivity counter"
1980,"23-Aug",2046,"GCL","resistivity counter"
1980,"24-Aug",1454,"GCL","resistivity counter"
1980,"25-Aug",1129,"GCL","resistivity counter"
1980,"26-Aug",1240,"GCL","resistivity counter"
1980,"27-Aug",1104,"GCL","resistivity counter"
1980,"28-Aug",1210,"GCL","resistivity counter"
1980,"29-Aug",1061,"GCL","resistivity counter"
1980,"30-Aug",1859,"GCL","resistivity counter"
1980,"31-Aug",3291,"GCL","resistivity counter"
1980,"1-Sep",2643,"GCL","resistivity counter"
1980,"2-Sep",1853,"GCL","resistivity counter"
1980,"3-Sep",1804,"GCL","resistivity counter"
1980,"4-Sep",1468,"GCL","resistivity counter"
1980,"5-Sep",1361,"GCL","resistivity counter"
1980,"6-Sep",1854,"GCL","resistivity counter"
1980,"7-Sep",1470,"GCL","resistivity counter"
1980,"8-Sep",1129,"GCL","resistivity counter"
1980,"9-Sep",627,"GCL","resistivity counter"
1980,"10-Sep",645,"GCL","resistivity counter"
1980,"11-Sep",550,"GCL","resistivity counter"
1980,"12-Sep",642,"GCL","resistivity counter"
1980,"13-Sep",421,"GCL","resistivity counter"
1980,"14-Sep",282,"GCL","resistivity counter"
1980,"15-Sep",283,"GCL","resistivity counter"
1980,"16-Sep",193,"GCL","resistivity counter"
1980,"17-Sep",273,"GCL","resistivity counter"
1980,"18-Sep",185,"GCL","resistivity counter"
1980,"19-Sep",195,"GCL","resistivity counter"
1980,"20-Sep",215,"GCL","resistivity counter"
1980,"21-Sep",251,"GCL","resistivity counter"
1980,"22-Sep",561,"GCL","resistivity counter"
1980,"23-Sep",1413,"GCL","resistivity counter"
1980,"24-Sep",1735,"GCL","resistivity counter"
1980,"25-Sep",1045,"GCL","resistivity counter"
1980,"26-Sep",1024,"GCL","resistivity counter"
1980,"27-Sep",1379,"GCL","resistivity counter"
1980,"28-Sep",1360,"GCL","resistivity counter"
1980,"29-Sep",2275,"GCL","resistivity counter"
1980,"30-Sep",551,"GCL","resistivity counter"
1980,"1-Oct",443,"GCL","resistivity counter"
1980,"2-Oct",467,"GCL","resistivity counter"
1980,"10-Jun",0,"SPR","resistivity counter"
1980,"11-Jun",0,"SPR","resistivity counter"
1980,"12-Jun",0,"SPR","resistivity counter"
1980,"13-Jun",929,"SPR","resistivity counter"
1980,"14-Jun",890,"SPR","resistivity counter"
1980,"15-Jun",567,"SPR","resistivity counter"
1980,"16-Jun",421,"SPR","resistivity counter"
1980,"17-Jun",206,"SPR","resistivity counter"
1980,"18-Jun",845,"SPR","resistivity counter"
1980,"19-Jun",2360,"SPR","resistivity counter"
1980,"20-Jun",2419,"SPR","resistivity counter"
1980,"21-Jun",890,"SPR","resistivity counter"
1980,"22-Jun",344,"SPR","resistivity counter"
1980,"23-Jun",725,"SPR","resistivity counter"
1980,"24-Jun",313,"SPR","resistivity counter"
1980,"25-Jun",2305,"SPR","resistivity counter"
1980,"26-Jun",1211,"SPR","resistivity counter"
1980,"27-Jun",822,"SPR","resistivity counter"
1980,"28-Jun",2986,"SPR","resistivity counter"
1980,"29-Jun",4234,"SPR","resistivity counter"
1980,"30-Jun",1894,"SPR","resistivity counter"
1980,"1-Jul",1639,"SPR","resistivity counter"
1980,"2-Jul",6118,"SPR","resistivity counter"
1980,"3-Jul",7130,"SPR","resistivity counter"
1980,"4-Jul",2581,"SPR","resistivity counter"
1980,"5-Jul",2132,"SPR","resistivity counter"
1980,"6-Jul",2374,"SPR","resistivity counter"
1980,"7-Jul",1618,"SPR","resistivity counter"
1980,"8-Jul",2097,"SPR","resistivity counter"
1980,"9-Jul",3678,"SPR","resistivity counter"
1980,"10-Jul",8502,"SPR","resistivity counter"
1980,"11-Jul",3948,"SPR","resistivity counter"
1980,"12-Jul",1246,"SPR","resistivity counter"
1980,"13-Jul",683,"SPR","resistivity counter"
1980,"14-Jul",522,"SPR","resistivity counter"
1980,"15-Jul",1470,"SPR","resistivity counter"
1980,"16-Jul",3510,"SPR","resistivity counter"
1980,"17-Jul",2336,"SPR","resistivity counter"
1980,"18-Jul",1783,"SPR","resistivity counter"
1980,"19-Jul",455,"SPR","resistivity counter"
1980,"20-Jul",299,"SPR","resistivity counter"
1980,"21-Jul",249,"SPR","resistivity counter"
1980,"22-Jul",186,"SPR","resistivity counter"
1980,"23-Jul",101,"SPR","resistivity counter"
1980,"24-Jul",422,"SPR","resistivity counter"
1980,"25-Jul",1200,"SPR","resistivity counter"
1980,"26-Jul",600,"SPR","resistivity counter"
1980,"27-Jul",715,"SPR","resistivity counter"
1980,"28-Jul",283,"SPR","resistivity counter"
1980,"29-Jul",163,"SPR","resistivity counter"
1980,"30-Jul",63,"SPR","resistivity counter"
1980,"31-Jul",556,"SPR","resistivity counter"
1980,"1-Aug",491,"SPR","resistivity counter"
1980,"2-Aug",1590,"SPR","resistivity counter"
1980,"3-Aug",1993,"SPR","resistivity counter"
1980,"4-Aug",738,"SPR","resistivity counter"
1980,"5-Aug",1252,"SPR","resistivity counter"
1980,"6-Aug",2447,"SPR","resistivity counter"
1980,"7-Aug",2441,"SPR","resistivity counter"
1980,"8-Aug",1932,"SPR","resistivity counter"
1980,"9-Aug",908,"SPR","resistivity counter"
1980,"10-Aug",407,"SPR","resistivity counter"
1980,"11-Aug",222,"SPR","resistivity counter"
1980,"12-Aug",48,"SPR","resistivity counter"
1980,"13-Aug",298,"SPR","resistivity counter"
1980,"14-Aug",2655,"SPR","resistivity counter"
1980,"15-Aug",1375,"SPR","resistivity counter"
1980,"16-Aug",867,"SPR","resistivity counter"
1980,"17-Aug",2467,"SPR","resistivity counter"
1980,"18-Aug",2612,"SPR","resistivity counter"
1980,"19-Aug",2293,"SPR","resistivity counter"
1980,"20-Aug",2821,"SPR","resistivity counter"
1980,"21-Aug",2299,"SPR","resistivity counter"
1980,"22-Aug",1852,"SPR","resistivity counter"
1980,"23-Aug",935,"SPR","resistivity counter"
1980,"24-Aug",350,"SPR","resistivity counter"
1980,"25-Aug",564,"SPR","resistivity counter"
1980,"26-Aug",624,"SPR","resistivity counter"
1980,"27-Aug",892,"SPR","resistivity counter"
1980,"28-Aug",827,"SPR","resistivity counter"
1980,"29-Aug",783,"SPR","resistivity counter"
1980,"30-Aug",1553,"SPR","resistivity counter"
1980,"31-Aug",1596,"SPR","resistivity counter"
1980,"1-Sep",1027,"SPR","resistivity counter"
1980,"2-Sep",1173,"SPR","resistivity counter"
1980,"3-Sep",343,"SPR","resistivity counter"
1980,"4-Sep",741,"SPR","resistivity counter"
1980,"5-Sep",1422,"SPR","resistivity counter"
1980,"6-Sep",465,"SPR","resistivity counter"
1980,"7-Sep",2053,"SPR","resistivity counter"
1980,"8-Sep",799,"SPR","resistivity counter"
1980,"9-Sep",341,"SPR","resistivity counter"
1980,"10-Sep",401,"SPR","resistivity counter"
1980,"11-Sep",284,"SPR","resistivity counter"
1980,"12-Sep",244,"SPR","resistivity counter"
1980,"13-Sep",164,"SPR","resistivity counter"
1980,"14-Sep",257,"SPR","resistivity counter"
1980,"15-Sep",166,"SPR","resistivity counter"
1980,"16-Sep",99,"SPR","resistivity counter"
1980,"17-Sep",85,"SPR","resistivity counter"
1980,"18-Sep",48,"SPR","resistivity counter"
1980,"19-Sep",74,"SPR","resistivity counter"
1980,"20-Sep",114,"SPR","resistivity counter"
1980,"21-Sep",91,"SPR","resistivity counter"
1980,"22-Sep",490,"SPR","resistivity counter"
1979,"10-Jun",0,"GCL","resistivity counter"
1979,"11-Jun",0,"GCL","resistivity counter"
1979,"12-Jun",0,"GCL","resistivity counter"
1979,"13-Jun",0,"GCL","resistivity counter"
1979,"14-Jun",0,"GCL","resistivity counter"
1979,"15-Jun",0,"GCL","resistivity counter"
1979,"16-Jun",0,"GCL","resistivity counter"
1979,"17-Jun",0,"GCL","resistivity counter"
1979,"18-Jun",0,"GCL","resistivity counter"
1979,"19-Jun",0,"GCL","resistivity counter"
1979,"20-Jun",0,"GCL","resistivity counter"
1979,"21-Jun",45,"GCL","resistivity counter"
1979,"22-Jun",528,"GCL","resistivity counter"
1979,"23-Jun",1906,"GCL","resistivity counter"
1979,"24-Jun",2549,"GCL","resistivity counter"
1979,"25-Jun",0,"GCL","resistivity counter"
1979,"26-Jun",0,"GCL","resistivity counter"
1979,"27-Jun",0,"GCL","resistivity counter"
1979,"28-Jun",0,"GCL","resistivity counter"
1979,"29-Jun",0,"GCL","resistivity counter"
1979,"30-Jun",0,"GCL","resistivity counter"
1979,"1-Jul",0,"GCL","resistivity counter"
1979,"2-Jul",0,"GCL","resistivity counter"
1979,"3-Jul",0,"GCL","resistivity counter"
1979,"4-Jul",0,"GCL","resistivity counter"
1979,"5-Jul",0,"GCL","resistivity counter"
1979,"6-Jul",0,"GCL","resistivity counter"
1979,"7-Jul",1,"GCL","resistivity counter"
1979,"8-Jul",2887,"GCL","resistivity counter"
1979,"9-Jul",1640,"GCL","resistivity counter"
1979,"10-Jul",551,"GCL","resistivity counter"
1979,"11-Jul",628,"GCL","resistivity counter"
1979,"12-Jul",1626,"GCL","resistivity counter"
1979,"13-Jul",1908,"GCL","resistivity counter"
1979,"14-Jul",3759,"GCL","resistivity counter"
1979,"15-Jul",10838,"GCL","resistivity counter"
1979,"16-Jul",21023,"GCL","resistivity counter"
1979,"17-Jul",30811,"GCL","resistivity counter"
1979,"18-Jul",38170,"GCL","resistivity counter"
1979,"19-Jul",12628,"GCL","resistivity counter"
1979,"20-Jul",6256,"GCL","resistivity counter"
1979,"21-Jul",2151,"GCL","resistivity counter"
1979,"22-Jul",1392,"GCL","resistivity counter"
1979,"23-Jul",895,"GCL","resistivity counter"
1979,"24-Jul",377,"GCL","resistivity counter"
1979,"25-Jul",561,"GCL","resistivity counter"
1979,"26-Jul",418,"GCL","resistivity counter"
1979,"27-Jul",308,"GCL","resistivity counter"
1979,"28-Jul",350,"GCL","resistivity counter"
1979,"29-Jul",528,"GCL","resistivity counter"
1979,"30-Jul",612,"GCL","resistivity counter"
1979,"31-Jul",1022,"GCL","resistivity counter"
1979,"1-Aug",1297,"GCL","resistivity counter"
1979,"2-Aug",767,"GCL","resistivity counter"
1979,"3-Aug",715,"GCL","resistivity counter"
1979,"4-Aug",531,"GCL","resistivity counter"
1979,"5-Aug",1081,"GCL","resistivity counter"
1979,"6-Aug",528,"GCL","resistivity counter"
1979,"7-Aug",570,"GCL","resistivity counter"
1979,"8-Aug",497,"GCL","resistivity counter"
1979,"9-Aug",698,"GCL","resistivity counter"
1979,"10-Aug",758,"GCL","resistivity counter"
1979,"11-Aug",560,"GCL","resistivity counter"
1979,"12-Aug",556,"GCL","resistivity counter"
1979,"13-Aug",258,"GCL","resistivity counter"
1979,"14-Aug",537,"GCL","resistivity counter"
1979,"15-Aug",387,"GCL","resistivity counter"
1979,"16-Aug",568,"GCL","resistivity counter"
1979,"17-Aug",1988,"GCL","resistivity counter"
1979,"18-Aug",1162,"GCL","resistivity counter"
1979,"19-Aug",1098,"GCL","resistivity counter"
1979,"20-Aug",722,"GCL","resistivity counter"
1979,"21-Aug",854,"GCL","resistivity counter"
1979,"22-Aug",453,"GCL","resistivity counter"
1979,"23-Aug",111,"GCL","resistivity counter"
1979,"24-Aug",252,"GCL","resistivity counter"
1979,"25-Aug",261,"GCL","resistivity counter"
1979,"26-Aug",256,"GCL","resistivity counter"
1979,"27-Aug",228,"GCL","resistivity counter"
1979,"28-Aug",197,"GCL","resistivity counter"
1979,"29-Aug",301,"GCL","resistivity counter"
1979,"30-Aug",645,"GCL","resistivity counter"
1979,"31-Aug",636,"GCL","resistivity counter"
1979,"1-Sep",683,"GCL","resistivity counter"
1979,"2-Sep",604,"GCL","resistivity counter"
1979,"3-Sep",847,"GCL","resistivity counter"
1979,"4-Sep",1330,"GCL","resistivity counter"
1979,"5-Sep",1815,"GCL","resistivity counter"
1979,"6-Sep",2336,"GCL","resistivity counter"
1979,"7-Sep",2438,"GCL","resistivity counter"
1979,"8-Sep",2132,"GCL","resistivity counter"
1979,"9-Sep",1274,"GCL","resistivity counter"
1979,"10-Sep",449,"GCL","resistivity counter"
1979,"11-Sep",259,"GCL","resistivity counter"
1979,"12-Sep",529,"GCL","resistivity counter"
1979,"13-Sep",3405,"GCL","resistivity counter"
1979,"14-Sep",8070,"GCL","resistivity counter"
1979,"15-Sep",10720,"GCL","resistivity counter"
1979,"16-Sep",6816,"GCL","resistivity counter"
1979,"17-Sep",4098,"GCL","resistivity counter"
1979,"18-Sep",1652,"GCL","resistivity counter"
1979,"19-Sep",2489,"GCL","resistivity counter"
1979,"20-Sep",2445,"GCL","resistivity counter"
1979,"21-Sep",1353,"GCL","resistivity counter"
1979,"22-Sep",927,"GCL","resistivity counter"
1979,"23-Sep",753,"GCL","resistivity counter"
1979,"10-Jun",0,"SPR","resistivity counter"
1979,"11-Jun",0,"SPR","resistivity counter"
1979,"12-Jun",0,"SPR","resistivity counter"
1979,"13-Jun",0,"SPR","resistivity counter"
1979,"14-Jun",955,"SPR","resistivity counter"
1979,"15-Jun",890,"SPR","resistivity counter"
1979,"16-Jun",649,"SPR","resistivity counter"
1979,"17-Jun",194,"SPR","resistivity counter"
1979,"18-Jun",534,"SPR","resistivity counter"
1979,"19-Jun",58,"SPR","resistivity counter"
1979,"20-Jun",162,"SPR","resistivity counter"
1979,"21-Jun",2468,"SPR","resistivity counter"
1979,"22-Jun",1969,"SPR","resistivity counter"
1979,"23-Jun",649,"SPR","resistivity counter"
1979,"24-Jun",464,"SPR","resistivity counter"
1979,"25-Jun",247,"SPR","resistivity counter"
1979,"26-Jun",122,"SPR","resistivity counter"
1979,"27-Jun",252,"SPR","resistivity counter"
1979,"28-Jun",761,"SPR","resistivity counter"
1979,"29-Jun",1167,"SPR","resistivity counter"
1979,"30-Jun",881,"SPR","resistivity counter"
1979,"1-Jul",1520,"SPR","resistivity counter"
1979,"2-Jul",1012,"SPR","resistivity counter"
1979,"3-Jul",651,"SPR","resistivity counter"
1979,"4-Jul",1836,"SPR","resistivity counter"
1979,"5-Jul",2007,"SPR","resistivity counter"
1979,"6-Jul",1474,"SPR","resistivity counter"
1979,"7-Jul",752,"SPR","resistivity counter"
1979,"8-Jul",1249,"SPR","resistivity counter"
1979,"9-Jul",983,"SPR","resistivity counter"
1979,"10-Jul",1149,"SPR","resistivity counter"
1979,"11-Jul",2982,"SPR","resistivity counter"
1979,"12-Jul",4392,"SPR","resistivity counter"
1979,"13-Jul",9397,"SPR","resistivity counter"
1979,"14-Jul",4506,"SPR","resistivity counter"
1979,"15-Jul",2103,"SPR","resistivity counter"
1979,"16-Jul",2195,"SPR","resistivity counter"
1979,"17-Jul",1551,"SPR","resistivity counter"
1979,"18-Jul",466,"SPR","resistivity counter"
1979,"19-Jul",204,"SPR","resistivity counter"
1979,"20-Jul",210,"SPR","resistivity counter"
1979,"21-Jul",97,"SPR","resistivity counter"
1979,"22-Jul",58,"SPR","resistivity counter"
1979,"23-Jul",79,"SPR","resistivity counter"
1979,"24-Jul",55,"SPR","resistivity counter"
1979,"25-Jul",113,"SPR","resistivity counter"
1979,"26-Jul",285,"SPR","resistivity counter"
1979,"27-Jul",312,"SPR","resistivity counter"
1979,"28-Jul",259,"SPR","resistivity counter"
1979,"29-Jul",423,"SPR","resistivity counter"
1979,"30-Jul",423,"SPR","resistivity counter"
1979,"31-Jul",203,"SPR","resistivity counter"
1979,"1-Aug",223,"SPR","resistivity counter"
1979,"2-Aug",292,"SPR","resistivity counter"
1979,"3-Aug",412,"SPR","resistivity counter"
1979,"4-Aug",198,"SPR","resistivity counter"
1979,"5-Aug",509,"SPR","resistivity counter"
1979,"6-Aug",209,"SPR","resistivity counter"
1979,"7-Aug",335,"SPR","resistivity counter"
1979,"8-Aug",292,"SPR","resistivity counter"
1979,"9-Aug",764,"SPR","resistivity counter"
1979,"10-Aug",838,"SPR","resistivity counter"
1979,"11-Aug",546,"SPR","resistivity counter"
1979,"12-Aug",307,"SPR","resistivity counter"
1979,"13-Aug",641,"SPR","resistivity counter"
1979,"14-Aug",204,"SPR","resistivity counter"
1979,"15-Aug",417,"SPR","resistivity counter"
1979,"16-Aug",1184,"SPR","resistivity counter"
1979,"17-Aug",893,"SPR","resistivity counter"
1979,"18-Aug",772,"SPR","resistivity counter"
1979,"19-Aug",864,"SPR","resistivity counter"
1979,"20-Aug",531,"SPR","resistivity counter"
1979,"21-Aug",255,"SPR","resistivity counter"
1979,"22-Aug",276,"SPR","resistivity counter"
1979,"23-Aug",214,"SPR","resistivity counter"
1979,"24-Aug",193,"SPR","resistivity counter"
1979,"25-Aug",234,"SPR","resistivity counter"
1979,"26-Aug",253,"SPR","resistivity counter"
1979,"27-Aug",21,"SPR","resistivity counter"
1979,"28-Aug",25,"SPR","resistivity counter"
1979,"29-Aug",43,"SPR","resistivity counter"
1979,"30-Aug",50,"SPR","resistivity counter"
1979,"31-Aug",86,"SPR","resistivity counter"
1979,"1-Sep",97,"SPR","resistivity counter"
1979,"2-Sep",135,"SPR","resistivity counter"
1979,"3-Sep",383,"SPR","resistivity counter"
1979,"4-Sep",1262,"SPR","resistivity counter"
1979,"5-Sep",737,"SPR","resistivity counter"
1979,"6-Sep",568,"SPR","resistivity counter"
1979,"7-Sep",450,"SPR","resistivity counter"
1979,"8-Sep",312,"SPR","resistivity counter"
1979,"9-Sep",281,"SPR","resistivity counter"
1979,"10-Sep",284,"SPR","resistivity counter"
1979,"11-Sep",471,"SPR","resistivity counter"
1979,"12-Sep",576,"SPR","resistivity counter"
1979,"13-Sep",354,"SPR","resistivity counter"
1979,"14-Sep",90,"SPR","resistivity counter"
1979,"15-Sep",24,"SPR","resistivity counter"
1978,"10-Jun",0,"GCL","resistivity counter"
1978,"11-Jun",0,"GCL","resistivity counter"
1978,"12-Jun",0,"GCL","resistivity counter"
1978,"13-Jun",0,"GCL","resistivity counter"
1978,"14-Jun",360,"GCL","resistivity counter"
1978,"15-Jun",628,"GCL","resistivity counter"
1978,"16-Jun",497,"GCL","resistivity counter"
1978,"17-Jun",611,"GCL","resistivity counter"
1978,"18-Jun",478,"GCL","resistivity counter"
1978,"19-Jun",235,"GCL","resistivity counter"
1978,"20-Jun",583,"GCL","resistivity counter"
1978,"21-Jun",976,"GCL","resistivity counter"
1978,"22-Jun",645,"GCL","resistivity counter"
1978,"23-Jun",502,"GCL","resistivity counter"
1978,"24-Jun",1523,"GCL","resistivity counter"
1978,"25-Jun",1950,"GCL","resistivity counter"
1978,"26-Jun",1295,"GCL","resistivity counter"
1978,"27-Jun",2314,"GCL","resistivity counter"
1978,"28-Jun",1517,"GCL","resistivity counter"
1978,"29-Jun",1276,"GCL","resistivity counter"
1978,"30-Jun",380,"GCL","resistivity counter"
1978,"1-Jul",158,"GCL","resistivity counter"
1978,"2-Jul",91,"GCL","resistivity counter"
1978,"3-Jul",126,"GCL","resistivity counter"
1978,"4-Jul",372,"GCL","resistivity counter"
1978,"5-Jul",144,"GCL","resistivity counter"
1978,"6-Jul",192,"GCL","resistivity counter"
1978,"7-Jul",482,"GCL","resistivity counter"
1978,"8-Jul",1317,"GCL","resistivity counter"
1978,"9-Jul",589,"GCL","resistivity counter"
1978,"10-Jul",586,"GCL","resistivity counter"
1978,"11-Jul",250,"GCL","resistivity counter"
1978,"12-Jul",129,"GCL","resistivity counter"
1978,"13-Jul",408,"GCL","resistivity counter"
1978,"14-Jul",2798,"GCL","resistivity counter"
1978,"15-Jul",2262,"GCL","resistivity counter"
1978,"16-Jul",1497,"GCL","resistivity counter"
1978,"17-Jul",484,"GCL","resistivity counter"
1978,"18-Jul",176,"GCL","resistivity counter"
1978,"19-Jul",177,"GCL","resistivity counter"
1978,"20-Jul",198,"GCL","resistivity counter"
1978,"21-Jul",300,"GCL","resistivity counter"
1978,"22-Jul",62,"GCL","resistivity counter"
1978,"23-Jul",23,"GCL","resistivity counter"
1978,"24-Jul",38,"GCL","resistivity counter"
1978,"25-Jul",9,"GCL","resistivity counter"
1978,"26-Jul",84,"GCL","resistivity counter"
1978,"27-Jul",46,"GCL","resistivity counter"
1978,"28-Jul",10,"GCL","resistivity counter"
1978,"29-Jul",5,"GCL","resistivity counter"
1978,"30-Jul",56,"GCL","resistivity counter"
1978,"31-Jul",86,"GCL","resistivity counter"
1978,"1-Aug",179,"GCL","resistivity counter"
1978,"2-Aug",152,"GCL","resistivity counter"
1978,"3-Aug",128,"GCL","resistivity counter"
1978,"4-Aug",63,"GCL","resistivity counter"
1978,"5-Aug",35,"GCL","resistivity counter"
1978,"6-Aug",55,"GCL","resistivity counter"
1978,"7-Aug",57,"GCL","resistivity counter"
1978,"8-Aug",66,"GCL","resistivity counter"
1978,"9-Aug",17,"GCL","resistivity counter"
1978,"10-Aug",35,"GCL","resistivity counter"
1978,"11-Aug",133,"GCL","resistivity counter"
1978,"12-Aug",786,"GCL","resistivity counter"
1978,"13-Aug",1485,"GCL","resistivity counter"
1978,"14-Aug",59,"GCL","resistivity counter"
1978,"15-Aug",1301,"GCL","resistivity counter"
1978,"16-Aug",1399,"GCL","resistivity counter"
1978,"17-Aug",3958,"GCL","resistivity counter"
1978,"18-Aug",5129,"GCL","resistivity counter"
1978,"19-Aug",3674,"GCL","resistivity counter"
1978,"20-Aug",3395,"GCL","resistivity counter"
1978,"21-Aug",2624,"GCL","resistivity counter"
1978,"22-Aug",4066,"GCL","resistivity counter"
1978,"23-Aug",2654,"GCL","resistivity counter"
1978,"24-Aug",4902,"GCL","resistivity counter"
1978,"25-Aug",4540,"GCL","resistivity counter"
1978,"26-Aug",3771,"GCL","resistivity counter"
1978,"27-Aug",1069,"GCL","resistivity counter"
1978,"28-Aug",359,"GCL","resistivity counter"
1978,"29-Aug",1662,"GCL","resistivity counter"
1978,"30-Aug",4637,"GCL","resistivity counter"
1978,"31-Aug",7075,"GCL","resistivity counter"
1978,"1-Sep",8799,"GCL","resistivity counter"
1978,"2-Sep",678,"GCL","resistivity counter"
1978,"3-Sep",2254,"GCL","resistivity counter"
1978,"4-Sep",1242,"GCL","resistivity counter"
1978,"5-Sep",734,"GCL","resistivity counter"
1978,"6-Sep",1114,"GCL","resistivity counter"
1978,"7-Sep",1374,"GCL","resistivity counter"
1978,"8-Sep",2032,"GCL","resistivity counter"
1978,"9-Sep",1960,"GCL","resistivity counter"
1978,"10-Sep",906,"GCL","resistivity counter"
1978,"11-Sep",1321,"GCL","resistivity counter"
1978,"12-Sep",1034,"GCL","resistivity counter"
1978,"13-Sep",747,"GCL","resistivity counter"
1978,"14-Sep",778,"GCL","resistivity counter"
1978,"15-Sep",753,"GCL","resistivity counter"
1978,"16-Sep",737,"GCL","resistivity counter"
1978,"17-Sep",629,"GCL","resistivity counter"
1978,"18-Sep",452,"GCL","resistivity counter"
1978,"19-Sep",539,"GCL","resistivity counter"
1978,"20-Sep",946,"GCL","resistivity counter"
1978,"21-Sep",1238,"GCL","resistivity counter"
1978,"22-Sep",1000,"GCL","resistivity counter"
1978,"23-Sep",785,"GCL","resistivity counter"
1978,"10-Jun",0,"SPR","resistivity counter"
1978,"11-Jun",0,"SPR","resistivity counter"
1978,"12-Jun",0,"SPR","resistivity counter"
1978,"13-Jun",0,"SPR","resistivity counter"
1978,"14-Jun",547,"SPR","resistivity counter"
1978,"15-Jun",933,"SPR","resistivity counter"
1978,"16-Jun",1151,"SPR","resistivity counter"
1978,"17-Jun",0,"SPR","resistivity counter"
1978,"18-Jun",220,"SPR","resistivity counter"
1978,"19-Jun",1035,"SPR","resistivity counter"
1978,"20-Jun",220,"SPR","resistivity counter"
1978,"21-Jun",212,"SPR","resistivity counter"
1978,"22-Jun",667,"SPR","resistivity counter"
1978,"23-Jun",2248,"SPR","resistivity counter"
1978,"24-Jun",2699,"SPR","resistivity counter"
1978,"25-Jun",2541,"SPR","resistivity counter"
1978,"26-Jun",1046,"SPR","resistivity counter"
1978,"27-Jun",371,"SPR","resistivity counter"
1978,"28-Jun",233,"SPR","resistivity counter"
1978,"29-Jun",424,"SPR","resistivity counter"
1978,"30-Jun",274,"SPR","resistivity counter"
1978,"1-Jul",206,"SPR","resistivity counter"
1978,"2-Jul",238,"SPR","resistivity counter"
1978,"3-Jul",401,"SPR","resistivity counter"
1978,"4-Jul",152,"SPR","resistivity counter"
1978,"5-Jul",145,"SPR","resistivity counter"
1978,"6-Jul",2329,"SPR","resistivity counter"
1978,"7-Jul",1165,"SPR","resistivity counter"
1978,"8-Jul",251,"SPR","resistivity counter"
1978,"9-Jul",233,"SPR","resistivity counter"
1978,"10-Jul",311,"SPR","resistivity counter"
1978,"11-Jul",543,"SPR","resistivity counter"
1978,"12-Jul",560,"SPR","resistivity counter"
1978,"13-Jul",1056,"SPR","resistivity counter"
1978,"14-Jul",255,"SPR","resistivity counter"
1978,"15-Jul",252,"SPR","resistivity counter"
1978,"16-Jul",345,"SPR","resistivity counter"
1978,"17-Jul",106,"SPR","resistivity counter"
1978,"18-Jul",6,"SPR","resistivity counter"
1978,"19-Jul",35,"SPR","resistivity counter"
1978,"20-Jul",470,"SPR","resistivity counter"
1978,"21-Jul",50,"SPR","resistivity counter"
1978,"22-Jul",46,"SPR","resistivity counter"
1978,"23-Jul",27,"SPR","resistivity counter"
1978,"24-Jul",36,"SPR","resistivity counter"
1978,"25-Jul",0,"SPR","resistivity counter"
1978,"26-Jul",17,"SPR","resistivity counter"
1978,"27-Jul",12,"SPR","resistivity counter"
1978,"28-Jul",0,"SPR","resistivity counter"
1978,"29-Jul",14,"SPR","resistivity counter"
1978,"30-Jul",68,"SPR","resistivity counter"
1978,"31-Jul",0,"SPR","resistivity counter"
1978,"1-Aug",49,"SPR","resistivity counter"
1978,"2-Aug",12,"SPR","resistivity counter"
1978,"3-Aug",0,"SPR","resistivity counter"
1978,"4-Aug",76,"SPR","resistivity counter"
1978,"5-Aug",17,"SPR","resistivity counter"
1978,"6-Aug",16,"SPR","resistivity counter"
1978,"7-Aug",0,"SPR","resistivity counter"
1978,"8-Aug",14,"SPR","resistivity counter"
1978,"9-Aug",17,"SPR","resistivity counter"
1978,"10-Aug",21,"SPR","resistivity counter"
1978,"11-Aug",62,"SPR","resistivity counter"
1978,"12-Aug",68,"SPR","resistivity counter"
1978,"13-Aug",53,"SPR","resistivity counter"
1978,"14-Aug",50,"SPR","resistivity counter"
1978,"15-Aug",133,"SPR","resistivity counter"
1978,"16-Aug",203,"SPR","resistivity counter"
1978,"17-Aug",313,"SPR","resistivity counter"
1978,"18-Aug",665,"SPR","resistivity counter"
1978,"19-Aug",962,"SPR","resistivity counter"
1978,"20-Aug",621,"SPR","resistivity counter"
1978,"21-Aug",471,"SPR","resistivity counter"
1978,"22-Aug",770,"SPR","resistivity counter"
1978,"23-Aug",352,"SPR","resistivity counter"
1978,"24-Aug",424,"SPR","resistivity counter"
1978,"25-Aug",363,"SPR","resistivity counter"
1978,"26-Aug",303,"SPR","resistivity counter"
1978,"27-Aug",375,"SPR","resistivity counter"
1978,"28-Aug",251,"SPR","resistivity counter"
1978,"29-Aug",213,"SPR","resistivity counter"
1978,"30-Aug",116,"SPR","resistivity counter"
1978,"31-Aug",143,"SPR","resistivity counter"
1978,"1-Sep",127,"SPR","resistivity counter"
1978,"2-Sep",150,"SPR","resistivity counter"
1978,"3-Sep",155,"SPR","resistivity counter"
1978,"4-Sep",148,"SPR","resistivity counter"
1978,"5-Sep",126,"SPR","resistivity counter"
1978,"6-Sep",123,"SPR","resistivity counter"
1978,"7-Sep",93,"SPR","resistivity counter"
1978,"8-Sep",136,"SPR","resistivity counter"
1978,"9-Sep",89,"SPR","resistivity counter"
1978,"10-Sep",136,"SPR","resistivity counter"
1978,"11-Sep",6,"SPR","resistivity counter"
1978,"12-Sep",4,"SPR","resistivity counter"
1978,"13-Sep",0,"SPR","resistivity counter"
1978,"14-Sep",0,"SPR","resistivity counter"
1978,"15-Sep",4,"SPR","resistivity counter"
1977,"10-Jun",0,"GCL","resistivity counter"
1977,"11-Jun",0,"GCL","resistivity counter"
1977,"12-Jun",0,"GCL","resistivity counter"
1977,"13-Jun",0,"GCL","resistivity counter"
1977,"14-Jun",0,"GCL","resistivity counter"
1977,"15-Jun",0,"GCL","resistivity counter"
1977,"16-Jun",0,"GCL","resistivity counter"
1977,"17-Jun",0,"GCL","resistivity counter"
1977,"18-Jun",0,"GCL","resistivity counter"
1977,"19-Jun",0,"GCL","resistivity counter"
1977,"20-Jun",0,"GCL","resistivity counter"
1977,"21-Jun",8,"GCL","resistivity counter"
1977,"22-Jun",16,"GCL","resistivity counter"
1977,"23-Jun",25,"GCL","resistivity counter"
1977,"24-Jun",39,"GCL","resistivity counter"
1977,"25-Jun",0,"GCL","resistivity counter"
1977,"26-Jun",630,"GCL","resistivity counter"
1977,"27-Jun",260,"GCL","resistivity counter"
1977,"28-Jun",223,"GCL","resistivity counter"
1977,"29-Jun",1751,"GCL","resistivity counter"
1977,"30-Jun",2109,"GCL","resistivity counter"
1977,"1-Jul",687,"GCL","resistivity counter"
1977,"2-Jul",4003,"GCL","resistivity counter"
1977,"3-Jul",2373,"GCL","resistivity counter"
1977,"4-Jul",2187,"GCL","resistivity counter"
1977,"5-Jul",1277,"GCL","resistivity counter"
1977,"6-Jul",3693,"GCL","resistivity counter"
1977,"7-Jul",1226,"GCL","resistivity counter"
1977,"8-Jul",832,"GCL","resistivity counter"
1977,"9-Jul",392,"GCL","resistivity counter"
1977,"10-Jul",249,"GCL","resistivity counter"
1977,"11-Jul",380,"GCL","resistivity counter"
1977,"12-Jul",259,"GCL","resistivity counter"
1977,"13-Jul",0,"GCL","resistivity counter"
1977,"14-Jul",69,"GCL","resistivity counter"
1977,"15-Jul",1424,"GCL","resistivity counter"
1977,"16-Jul",802,"GCL","resistivity counter"
1977,"17-Jul",533,"GCL","resistivity counter"
1977,"18-Jul",433,"GCL","resistivity counter"
1977,"19-Jul",190,"GCL","resistivity counter"
1977,"20-Jul",376,"GCL","resistivity counter"
1977,"21-Jul",513,"GCL","resistivity counter"
1977,"22-Jul",381,"GCL","resistivity counter"
1977,"23-Jul",761,"GCL","resistivity counter"
1977,"24-Jul",1547,"GCL","resistivity counter"
1977,"25-Jul",835,"GCL","resistivity counter"
1977,"26-Jul",255,"GCL","resistivity counter"
1977,"27-Jul",597,"GCL","resistivity counter"
1977,"28-Jul",271,"GCL","resistivity counter"
1977,"29-Jul",217,"GCL","resistivity counter"
1977,"30-Jul",176,"GCL","resistivity counter"
1977,"31-Jul",140,"GCL","resistivity counter"
1977,"1-Aug",205,"GCL","resistivity counter"
1977,"2-Aug",268,"GCL","resistivity counter"
1977,"3-Aug",727,"GCL","resistivity counter"
1977,"4-Aug",3272,"GCL","resistivity counter"
1977,"5-Aug",3373,"GCL","resistivity counter"
1977,"6-Aug",3591,"GCL","resistivity counter"
1977,"7-Aug",2340,"GCL","resistivity counter"
1977,"8-Aug",5231,"GCL","resistivity counter"
1977,"9-Aug",4454,"GCL","resistivity counter"
1977,"10-Aug",6828,"GCL","resistivity counter"
1977,"11-Aug",3130,"GCL","resistivity counter"
1977,"12-Aug",3640,"GCL","resistivity counter"
1977,"13-Aug",3160,"GCL","resistivity counter"
1977,"14-Aug",1191,"GCL","resistivity counter"
1977,"15-Aug",1142,"GCL","resistivity counter"
1977,"16-Aug",478,"GCL","resistivity counter"
1977,"17-Aug",426,"GCL","resistivity counter"
1977,"18-Aug",191,"GCL","resistivity counter"
1977,"19-Aug",399,"GCL","resistivity counter"
1977,"20-Aug",422,"GCL","resistivity counter"
1977,"21-Aug",134,"GCL","resistivity counter"
1977,"22-Aug",160,"GCL","resistivity counter"
1977,"23-Aug",112,"GCL","resistivity counter"
1977,"24-Aug",342,"GCL","resistivity counter"
1977,"25-Aug",865,"GCL","resistivity counter"
1977,"26-Aug",0,"GCL","resistivity counter"
1977,"27-Aug",0,"GCL","resistivity counter"
1977,"28-Aug",0,"GCL","resistivity counter"
1977,"29-Aug",0,"GCL","resistivity counter"
1977,"30-Aug",0,"GCL","resistivity counter"
1977,"31-Aug",0,"GCL","resistivity counter"
1977,"1-Sep",0,"GCL","resistivity counter"
1977,"2-Sep",0,"GCL","resistivity counter"
1977,"3-Sep",0,"GCL","resistivity counter"
1977,"4-Sep",0,"GCL","resistivity counter"
1977,"5-Sep",0,"GCL","resistivity counter"
1977,"6-Sep",0,"GCL","resistivity counter"
1977,"7-Sep",0,"GCL","resistivity counter"
1977,"8-Sep",0,"GCL","resistivity counter"
1977,"9-Sep",0,"GCL","resistivity counter"
1977,"10-Sep",0,"GCL","resistivity counter"
1977,"11-Sep",114,"GCL","resistivity counter"
1977,"12-Sep",899,"GCL","resistivity counter"
1977,"13-Sep",1365,"GCL","resistivity counter"
1977,"14-Sep",679,"GCL","resistivity counter"
1977,"15-Sep",591,"GCL","resistivity counter"
1977,"16-Sep",456,"GCL","resistivity counter"
1977,"17-Sep",458,"GCL","resistivity counter"
1977,"18-Sep",442,"GCL","resistivity counter"
1977,"19-Sep",366,"GCL","resistivity counter"
1977,"20-Sep",516,"GCL","resistivity counter"
1977,"21-Sep",621,"GCL","resistivity counter"
1977,"22-Sep",626,"GCL","resistivity counter"
1977,"23-Sep",580,"GCL","resistivity counter"
1977,"10-Jun",0,"SPR","resistivity counter"
1977,"11-Jun",0,"SPR","resistivity counter"
1977,"12-Jun",0,"SPR","resistivity counter"
1977,"13-Jun",0,"SPR","resistivity counter"
1977,"14-Jun",1168,"SPR","resistivity counter"
1977,"15-Jun",769,"SPR","resistivity counter"
1977,"16-Jun",369,"SPR","resistivity counter"
1977,"17-Jun",53,"SPR","resistivity counter"
1977,"18-Jun",215,"SPR","resistivity counter"
1977,"19-Jun",286,"SPR","resistivity counter"
1977,"20-Jun",1032,"SPR","resistivity counter"
1977,"21-Jun",1122,"SPR","resistivity counter"
1977,"22-Jun",1487,"SPR","resistivity counter"
1977,"23-Jun",1851,"SPR","resistivity counter"
1977,"24-Jun",2280,"SPR","resistivity counter"
1977,"25-Jun",1856,"SPR","resistivity counter"
1977,"26-Jun",3069,"SPR","resistivity counter"
1977,"27-Jun",2213,"SPR","resistivity counter"
1977,"28-Jun",1515,"SPR","resistivity counter"
1977,"29-Jun",1437,"SPR","resistivity counter"
1977,"30-Jun",1359,"SPR","resistivity counter"
1977,"1-Jul",1363,"SPR","resistivity counter"
1977,"2-Jul",1588,"SPR","resistivity counter"
1977,"3-Jul",1813,"SPR","resistivity counter"
1977,"4-Jul",1548,"SPR","resistivity counter"
1977,"5-Jul",1171,"SPR","resistivity counter"
1977,"6-Jul",650,"SPR","resistivity counter"
1977,"7-Jul",130,"SPR","resistivity counter"
1977,"8-Jul",530,"SPR","resistivity counter"
1977,"9-Jul",805,"SPR","resistivity counter"
1977,"10-Jul",554,"SPR","resistivity counter"
1977,"11-Jul",749,"SPR","resistivity counter"
1977,"12-Jul",2086,"SPR","resistivity counter"
1977,"13-Jul",1469,"SPR","resistivity counter"
1977,"14-Jul",852,"SPR","resistivity counter"
1977,"15-Jul",695,"SPR","resistivity counter"
1977,"16-Jul",232,"SPR","resistivity counter"
1977,"17-Jul",33,"SPR","resistivity counter"
1977,"18-Jul",329,"SPR","resistivity counter"
1977,"19-Jul",757,"SPR","resistivity counter"
1977,"20-Jul",745,"SPR","resistivity counter"
1977,"21-Jul",732,"SPR","resistivity counter"
1977,"22-Jul",137,"SPR","resistivity counter"
1977,"23-Jul",177,"SPR","resistivity counter"
1977,"24-Jul",90,"SPR","resistivity counter"
1977,"25-Jul",1117,"SPR","resistivity counter"
1977,"26-Jul",537,"SPR","resistivity counter"
1977,"27-Jul",289,"SPR","resistivity counter"
1977,"28-Jul",40,"SPR","resistivity counter"
1977,"29-Jul",101,"SPR","resistivity counter"
1977,"30-Jul",12,"SPR","resistivity counter"
1977,"31-Jul",116,"SPR","resistivity counter"
1977,"1-Aug",1067,"SPR","resistivity counter"
1977,"2-Aug",1707,"SPR","resistivity counter"
1977,"3-Aug",2264,"SPR","resistivity counter"
1977,"4-Aug",1664,"SPR","resistivity counter"
1977,"5-Aug",1152,"SPR","resistivity counter"
1977,"6-Aug",1581,"SPR","resistivity counter"
1977,"7-Aug",1767,"SPR","resistivity counter"
1977,"8-Aug",1545,"SPR","resistivity counter"
1977,"9-Aug",838,"SPR","resistivity counter"
1977,"10-Aug",838,"SPR","resistivity counter"
1977,"11-Aug",130,"SPR","resistivity counter"
1977,"12-Aug",128,"SPR","resistivity counter"
1977,"13-Aug",0,"SPR","resistivity counter"
1977,"14-Aug",0,"SPR","resistivity counter"
1977,"15-Aug",0,"SPR","resistivity counter"
1977,"16-Aug",0,"SPR","resistivity counter"
1977,"17-Aug",120,"SPR","resistivity counter"
1977,"18-Aug",240,"SPR","resistivity counter"
1977,"19-Aug",0,"SPR","resistivity counter"
1977,"20-Aug",239,"SPR","resistivity counter"
1977,"21-Aug",0,"SPR","resistivity counter"
1977,"22-Aug",0,"SPR","resistivity counter"
1977,"23-Aug",200,"SPR","resistivity counter"
1977,"24-Aug",384,"SPR","resistivity counter"
1977,"25-Aug",568,"SPR","resistivity counter"
1977,"26-Aug",967,"SPR","resistivity counter"
1977,"27-Aug",743,"SPR","resistivity counter"
1977,"28-Aug",215,"SPR","resistivity counter"
1977,"29-Aug",0,"SPR","resistivity counter"
1977,"30-Aug",128,"SPR","resistivity counter"
1977,"31-Aug",247,"SPR","resistivity counter"
1977,"1-Sep",247,"SPR","resistivity counter"
1977,"2-Sep",365,"SPR","resistivity counter"
1977,"3-Sep",512,"SPR","resistivity counter"
1977,"4-Sep",516,"SPR","resistivity counter"
1977,"5-Sep",145,"SPR","resistivity counter"
1977,"6-Sep",119,"SPR","resistivity counter"
1977,"7-Sep",55,"SPR","resistivity counter"
1976,"10-Jun",0,"GCL","resistivity counter"
1976,"11-Jun",0,"GCL","resistivity counter"
1976,"12-Jun",0,"GCL","resistivity counter"
1976,"13-Jun",0,"GCL","resistivity counter"
1976,"14-Jun",0,"GCL","resistivity counter"
1976,"15-Jun",0,"GCL","resistivity counter"
1976,"16-Jun",0,"GCL","resistivity counter"
1976,"17-Jun",0,"GCL","resistivity counter"
1976,"18-Jun",517,"GCL","resistivity counter"
1976,"19-Jun",459,"GCL","resistivity counter"
1976,"20-Jun",931,"GCL","resistivity counter"
1976,"21-Jun",868,"GCL","resistivity counter"
1976,"22-Jun",805,"GCL","resistivity counter"
1976,"23-Jun",4438,"GCL","resistivity counter"
1976,"24-Jun",700,"GCL","resistivity counter"
1976,"25-Jun",1306,"GCL","resistivity counter"
1976,"26-Jun",1664,"GCL","resistivity counter"
1976,"27-Jun",5969,"GCL","resistivity counter"
1976,"28-Jun",5169,"GCL","resistivity counter"
1976,"29-Jun",5138,"GCL","resistivity counter"
1976,"30-Jun",6379,"GCL","resistivity counter"
1976,"1-Jul",7619,"GCL","resistivity counter"
1976,"2-Jul",3441,"GCL","resistivity counter"
1976,"3-Jul",993,"GCL","resistivity counter"
1976,"4-Jul",1305,"GCL","resistivity counter"
1976,"5-Jul",430,"GCL","resistivity counter"
1976,"6-Jul",2204,"GCL","resistivity counter"
1976,"7-Jul",3966,"GCL","resistivity counter"
1976,"8-Jul",5727,"GCL","resistivity counter"
1976,"9-Jul",5706,"GCL","resistivity counter"
1976,"10-Jul",7387,"GCL","resistivity counter"
1976,"11-Jul",1822,"GCL","resistivity counter"
1976,"12-Jul",4444,"GCL","resistivity counter"
1976,"13-Jul",4934,"GCL","resistivity counter"
1976,"14-Jul",5423,"GCL","resistivity counter"
1976,"15-Jul",1697,"GCL","resistivity counter"
1976,"16-Jul",238,"GCL","resistivity counter"
1976,"17-Jul",51,"GCL","resistivity counter"
1976,"18-Jul",79,"GCL","resistivity counter"
1976,"19-Jul",317,"GCL","resistivity counter"
1976,"20-Jul",219,"GCL","resistivity counter"
1976,"21-Jul",419,"GCL","resistivity counter"
1976,"22-Jul",619,"GCL","resistivity counter"
1976,"23-Jul",3709,"GCL","resistivity counter"
1976,"24-Jul",2786,"GCL","resistivity counter"
1976,"25-Jul",7535,"GCL","resistivity counter"
1976,"26-Jul",6611,"GCL","resistivity counter"
1976,"27-Jul",5687,"GCL","resistivity counter"
1976,"28-Jul",3318,"GCL","resistivity counter"
1976,"29-Jul",926,"GCL","resistivity counter"
1976,"30-Jul",392,"GCL","resistivity counter"
1976,"31-Jul",764,"GCL","resistivity counter"
1976,"1-Aug",977,"GCL","resistivity counter"
1976,"2-Aug",651,"GCL","resistivity counter"
1976,"3-Aug",1524,"GCL","resistivity counter"
1976,"4-Aug",2395,"GCL","resistivity counter"
1976,"5-Aug",257,"GCL","resistivity counter"
1976,"6-Aug",141,"GCL","resistivity counter"
1976,"7-Aug",258,"GCL","resistivity counter"
1976,"8-Aug",1791,"GCL","resistivity counter"
1976,"9-Aug",914,"GCL","resistivity counter"
1976,"10-Aug",568,"GCL","resistivity counter"
1976,"11-Aug",672,"GCL","resistivity counter"
1976,"12-Aug",775,"GCL","resistivity counter"
1976,"13-Aug",422,"GCL","resistivity counter"
1976,"14-Aug",832,"GCL","resistivity counter"
1976,"15-Aug",547,"GCL","resistivity counter"
1976,"16-Aug",1287,"GCL","resistivity counter"
1976,"17-Aug",6274,"GCL","resistivity counter"
1976,"18-Aug",11262,"GCL","resistivity counter"
1976,"19-Aug",15991,"GCL","resistivity counter"
1976,"20-Aug",9768,"GCL","resistivity counter"
1976,"21-Aug",12834,"GCL","resistivity counter"
1976,"22-Aug",9604,"GCL","resistivity counter"
1976,"23-Aug",11378,"GCL","resistivity counter"
1976,"24-Aug",8766,"GCL","resistivity counter"
1976,"25-Aug",6154,"GCL","resistivity counter"
1976,"26-Aug",6722,"GCL","resistivity counter"
1976,"27-Aug",2143,"GCL","resistivity counter"
1976,"28-Aug",3466,"GCL","resistivity counter"
1976,"29-Aug",2608,"GCL","resistivity counter"
1976,"30-Aug",1852,"GCL","resistivity counter"
1976,"31-Aug",1321,"GCL","resistivity counter"
1976,"1-Sep",790,"GCL","resistivity counter"
1976,"2-Sep",2111,"GCL","resistivity counter"
1976,"3-Sep",760,"GCL","resistivity counter"
1976,"4-Sep",406,"GCL","resistivity counter"
1976,"5-Sep",395,"GCL","resistivity counter"
1976,"6-Sep",639,"GCL","resistivity counter"
1976,"7-Sep",883,"GCL","resistivity counter"
1976,"8-Sep",528,"GCL","resistivity counter"
1976,"9-Sep",870,"GCL","resistivity counter"
1976,"10-Sep",300,"GCL","resistivity counter"
1976,"11-Sep",318,"GCL","resistivity counter"
1976,"12-Sep",390,"GCL","resistivity counter"
1976,"13-Sep",462,"GCL","resistivity counter"
1976,"14-Sep",246,"GCL","resistivity counter"
1976,"15-Sep",225,"GCL","resistivity counter"
1976,"16-Sep",241,"GCL","resistivity counter"
1976,"17-Sep",352,"GCL","resistivity counter"
1976,"18-Sep",1496,"GCL","resistivity counter"
1976,"19-Sep",348,"GCL","resistivity counter"
1976,"20-Sep",474,"GCL","resistivity counter"
1976,"21-Sep",210,"GCL","resistivity counter"
1976,"22-Sep",156,"GCL","resistivity counter"
1976,"23-Sep",101,"GCL","resistivity counter"
1976,"10-Jun",0,"SPR","resistivity counter"
1976,"11-Jun",0,"SPR","resistivity counter"
1976,"12-Jun",0,"SPR","resistivity counter"
1976,"13-Jun",0,"SPR","resistivity counter"
1976,"14-Jun",1539,"SPR","resistivity counter"
1976,"15-Jun",1664,"SPR","resistivity counter"
1976,"16-Jun",1013,"SPR","resistivity counter"
1976,"17-Jun",362,"SPR","resistivity counter"
1976,"18-Jun",1576,"SPR","resistivity counter"
1976,"19-Jun",411,"SPR","resistivity counter"
1976,"20-Jun",638,"SPR","resistivity counter"
1976,"21-Jun",635,"SPR","resistivity counter"
1976,"22-Jun",2862,"SPR","resistivity counter"
1976,"23-Jun",1890,"SPR","resistivity counter"
1976,"24-Jun",917,"SPR","resistivity counter"
1976,"25-Jun",1073,"SPR","resistivity counter"
1976,"26-Jun",420,"SPR","resistivity counter"
1976,"27-Jun",676,"SPR","resistivity counter"
1976,"28-Jun",677,"SPR","resistivity counter"
1976,"29-Jun",334,"SPR","resistivity counter"
1976,"30-Jun",3043,"SPR","resistivity counter"
1976,"1-Jul",451,"SPR","resistivity counter"
1976,"2-Jul",256,"SPR","resistivity counter"
1976,"3-Jul",1276,"SPR","resistivity counter"
1976,"4-Jul",200,"SPR","resistivity counter"
1976,"5-Jul",185,"SPR","resistivity counter"
1976,"6-Jul",1220,"SPR","resistivity counter"
1976,"7-Jul",805,"SPR","resistivity counter"
1976,"8-Jul",390,"SPR","resistivity counter"
1976,"9-Jul",934,"SPR","resistivity counter"
1976,"10-Jul",327,"SPR","resistivity counter"
1976,"11-Jul",273,"SPR","resistivity counter"
1976,"12-Jul",2332,"SPR","resistivity counter"
1976,"13-Jul",1470,"SPR","resistivity counter"
1976,"14-Jul",973,"SPR","resistivity counter"
1976,"15-Jul",475,"SPR","resistivity counter"
1976,"16-Jul",562,"SPR","resistivity counter"
1976,"17-Jul",4168,"SPR","resistivity counter"
1976,"18-Jul",823,"SPR","resistivity counter"
1976,"19-Jul",1006,"SPR","resistivity counter"
1976,"20-Jul",1009,"SPR","resistivity counter"
1976,"21-Jul",576,"SPR","resistivity counter"
1976,"22-Jul",146,"SPR","resistivity counter"
1976,"23-Jul",550,"SPR","resistivity counter"
1976,"24-Jul",991,"SPR","resistivity counter"
1976,"25-Jul",130,"SPR","resistivity counter"
1976,"26-Jul",657,"SPR","resistivity counter"
1976,"27-Jul",907,"SPR","resistivity counter"
1976,"28-Jul",539,"SPR","resistivity counter"
1976,"29-Jul",171,"SPR","resistivity counter"
1976,"30-Jul",387,"SPR","resistivity counter"
1976,"31-Jul",94,"SPR","resistivity counter"
1976,"1-Aug",0,"SPR","resistivity counter"
1976,"2-Aug",168,"SPR","resistivity counter"
1976,"3-Aug",213,"SPR","resistivity counter"
1976,"4-Aug",152,"SPR","resistivity counter"
1976,"5-Aug",90,"SPR","resistivity counter"
1976,"6-Aug",458,"SPR","resistivity counter"
1976,"7-Aug",103,"SPR","resistivity counter"
1976,"8-Aug",273,"SPR","resistivity counter"
1976,"9-Aug",224,"SPR","resistivity counter"
1976,"10-Aug",227,"SPR","resistivity counter"
1976,"11-Aug",159,"SPR","resistivity counter"
1976,"12-Aug",91,"SPR","resistivity counter"
1976,"13-Aug",81,"SPR","resistivity counter"
1976,"14-Aug",159,"SPR","resistivity counter"
1976,"15-Aug",136,"SPR","resistivity counter"
1976,"16-Aug",238,"SPR","resistivity counter"
1976,"17-Aug",335,"SPR","resistivity counter"
1976,"18-Aug",168,"SPR","resistivity counter"
1976,"19-Aug",0,"SPR","resistivity counter"
1976,"20-Aug",0,"SPR","resistivity counter"
1976,"21-Aug",116,"SPR","resistivity counter"
1975,"10-Jun",0,"SPR","resistivity counter"
1975,"11-Jun",0,"SPR","resistivity counter"
1975,"12-Jun",0,"SPR","resistivity counter"
1975,"13-Jun",0,"SPR","resistivity counter"
1975,"14-Jun",934,"SPR","resistivity counter"
1975,"15-Jun",557,"SPR","resistivity counter"
1975,"16-Jun",219,"SPR","resistivity counter"
1975,"17-Jun",426,"SPR","resistivity counter"
1975,"18-Jun",632,"SPR","resistivity counter"
1975,"19-Jun",449,"SPR","resistivity counter"
1975,"20-Jun",117,"SPR","resistivity counter"
1975,"21-Jun",34,"SPR","resistivity counter"
1975,"22-Jun",561,"SPR","resistivity counter"
1975,"23-Jun",1088,"SPR","resistivity counter"
1975,"24-Jun",827,"SPR","resistivity counter"
1975,"25-Jun",566,"SPR","resistivity counter"
1975,"26-Jun",1375,"SPR","resistivity counter"
1975,"27-Jun",303,"SPR","resistivity counter"
1975,"28-Jun",1425,"SPR","resistivity counter"
1975,"29-Jun",1405,"SPR","resistivity counter"
1975,"30-Jun",1426,"SPR","resistivity counter"
1975,"1-Jul",1447,"SPR","resistivity counter"
1975,"2-Jul",597,"SPR","resistivity counter"
1975,"3-Jul",456,"SPR","resistivity counter"
1975,"4-Jul",1413,"SPR","resistivity counter"
1975,"5-Jul",1413,"SPR","resistivity counter"
1975,"6-Jul",1413,"SPR","resistivity counter"
1975,"7-Jul",2370,"SPR","resistivity counter"
1975,"8-Jul",887,"SPR","resistivity counter"
1975,"9-Jul",910,"SPR","resistivity counter"
1975,"10-Jul",158,"SPR","resistivity counter"
1975,"11-Jul",464,"SPR","resistivity counter"
1975,"12-Jul",613,"SPR","resistivity counter"
1975,"13-Jul",1074,"SPR","resistivity counter"
1975,"14-Jul",342,"SPR","resistivity counter"
1975,"15-Jul",730,"SPR","resistivity counter"
1975,"16-Jul",200,"SPR","resistivity counter"
1975,"17-Jul",82,"SPR","resistivity counter"
1975,"18-Jul",22,"SPR","resistivity counter"
1975,"19-Jul",12,"SPR","resistivity counter"
1975,"20-Jul",64,"SPR","resistivity counter"
1975,"21-Jul",182,"SPR","resistivity counter"
1975,"22-Jul",945,"SPR","resistivity counter"
1975,"23-Jul",1708,"SPR","resistivity counter"
1975,"24-Jul",806,"SPR","resistivity counter"
1975,"25-Jul",1537,"SPR","resistivity counter"
1975,"26-Jul",368,"SPR","resistivity counter"
1975,"27-Jul",518,"SPR","resistivity counter"
1975,"28-Jul",703,"SPR","resistivity counter"
1975,"29-Jul",660,"SPR","resistivity counter"
1975,"30-Jul",617,"SPR","resistivity counter"
1975,"31-Jul",214,"SPR","resistivity counter"
1975,"1-Aug",290,"SPR","resistivity counter"
1975,"2-Aug",177,"SPR","resistivity counter"
1975,"3-Aug",1298,"SPR","resistivity counter"
1975,"4-Aug",190,"SPR","resistivity counter"
1975,"5-Aug",283,"SPR","resistivity counter"
1975,"6-Aug",376,"SPR","resistivity counter"
1975,"7-Aug",0,"SPR","resistivity counter"
1975,"8-Aug",823,"SPR","resistivity counter"
1975,"9-Aug",421,"SPR","resistivity counter"
1975,"10-Aug",18,"SPR","resistivity counter"
1975,"11-Aug",151,"SPR","resistivity counter"
1975,"12-Aug",206,"SPR","resistivity counter"
1975,"13-Aug",260,"SPR","resistivity counter"
1975,"14-Aug",0,"SPR","resistivity counter"
1975,"15-Aug",0,"SPR","resistivity counter"
1975,"16-Aug",524,"SPR","resistivity counter"
1975,"17-Aug",1257,"SPR","resistivity counter"
1975,"18-Aug",1453,"SPR","resistivity counter"
1975,"19-Aug",1546,"SPR","resistivity counter"
1975,"20-Aug",1638,"SPR","resistivity counter"
1975,"21-Aug",913,"SPR","resistivity counter"
1975,"22-Aug",1363,"SPR","resistivity counter"
1975,"23-Aug",731,"SPR","resistivity counter"
1975,"24-Aug",1420,"SPR","resistivity counter"
1975,"25-Aug",212,"SPR","resistivity counter"
1975,"26-Aug",73,"SPR","resistivity counter"
1975,"27-Aug",321,"SPR","resistivity counter"
1975,"28-Aug",207,"SPR","resistivity counter"
1975,"29-Aug",46,"SPR","resistivity counter"
1975,"30-Aug",364,"SPR","resistivity counter"
1975,"31-Aug",85,"SPR","resistivity counter"
1975,"1-Sep",454,"SPR","resistivity counter"
1975,"2-Sep",519,"SPR","resistivity counter"
1975,"3-Sep",131,"SPR","resistivity counter"
1975,"4-Sep",161,"SPR","resistivity counter"
1975,"5-Sep",64,"SPR","resistivity counter"
1975,"6-Sep",106,"SPR","resistivity counter"
1975,"7-Sep",164,"SPR","resistivity counter"
1975,"8-Sep",0,"SPR","resistivity counter"
1975,"9-Sep",0,"SPR","resistivity counter"
1975,"10-Sep",0,"SPR","resistivity counter"
1975,"11-Sep",0,"SPR","resistivity counter"
1975,"12-Sep",0,"SPR","resistivity counter"
1975,"13-Sep",0,"SPR","resistivity counter"
1975,"14-Sep",0,"SPR","resistivity counter"
1975,"15-Sep",0,"SPR","resistivity counter"
1975,"16-Sep",0,"SPR","resistivity counter"
1975,"17-Sep",0,"SPR","resistivity counter"
1975,"18-Sep",0,"SPR","resistivity counter"
1975,"19-Sep",345,"SPR","resistivity counter"
1975,"20-Sep",690,"SPR","resistivity counter"
1975,"21-Sep",218,"SPR","resistivity counter"
1975,"22-Sep",201,"SPR","resistivity counter"
1975,"23-Sep",101,"SPR","resistivity counter"
1974,"10-Jun",0,"SPR","resistivity counter"
1974,"11-Jun",0,"SPR","resistivity counter"
1974,"12-Jun",0,"SPR","resistivity counter"
1974,"13-Jun",308,"SPR","resistivity counter"
1974,"14-Jun",401,"SPR","resistivity counter"
1974,"15-Jun",280,"SPR","resistivity counter"
1974,"16-Jun",345,"SPR","resistivity counter"
1974,"17-Jun",453,"SPR","resistivity counter"
1974,"18-Jun",562,"SPR","resistivity counter"
1974,"19-Jun",477,"SPR","resistivity counter"
1974,"20-Jun",536,"SPR","resistivity counter"
1974,"21-Jun",457,"SPR","resistivity counter"
1974,"22-Jun",880,"SPR","resistivity counter"
1974,"23-Jun",2050,"SPR","resistivity counter"
1974,"24-Jun",1324,"SPR","resistivity counter"
1974,"25-Jun",2007,"SPR","resistivity counter"
1974,"26-Jun",2467,"SPR","resistivity counter"
1974,"27-Jun",993,"SPR","resistivity counter"
1974,"28-Jun",3172,"SPR","resistivity counter"
1974,"29-Jun",2105,"SPR","resistivity counter"
1974,"30-Jun",2021,"SPR","resistivity counter"
1974,"1-Jul",922,"SPR","resistivity counter"
1974,"2-Jul",590,"SPR","resistivity counter"
1974,"3-Jul",758,"SPR","resistivity counter"
1974,"4-Jul",926,"SPR","resistivity counter"
1974,"5-Jul",214,"SPR","resistivity counter"
1974,"6-Jul",533,"SPR","resistivity counter"
1974,"7-Jul",1081,"SPR","resistivity counter"
1974,"8-Jul",2077,"SPR","resistivity counter"
1974,"9-Jul",700,"SPR","resistivity counter"
1974,"10-Jul",646,"SPR","resistivity counter"
1974,"11-Jul",591,"SPR","resistivity counter"
1974,"12-Jul",1016,"SPR","resistivity counter"
1974,"13-Jul",877,"SPR","resistivity counter"
1974,"14-Jul",3072,"SPR","resistivity counter"
1974,"15-Jul",1710,"SPR","resistivity counter"
1974,"16-Jul",1667,"SPR","resistivity counter"
1974,"17-Jul",1143,"SPR","resistivity counter"
1974,"18-Jul",233,"SPR","resistivity counter"
1974,"19-Jul",840,"SPR","resistivity counter"
1974,"20-Jul",239,"SPR","resistivity counter"
1974,"21-Jul",531,"SPR","resistivity counter"
1974,"22-Jul",457,"SPR","resistivity counter"
1974,"23-Jul",349,"SPR","resistivity counter"
1974,"24-Jul",932,"SPR","resistivity counter"
1974,"25-Jul",2799,"SPR","resistivity counter"
1974,"26-Jul",1628,"SPR","resistivity counter"
1974,"27-Jul",845,"SPR","resistivity counter"
1974,"28-Jul",2926,"SPR","resistivity counter"
1974,"29-Jul",309,"SPR","resistivity counter"
1974,"30-Jul",83,"SPR","resistivity counter"
1974,"31-Jul",280,"SPR","resistivity counter"
1974,"1-Aug",94,"SPR","resistivity counter"
1974,"2-Aug",0,"SPR","resistivity counter"
1974,"3-Aug",257,"SPR","resistivity counter"
1974,"4-Aug",755,"SPR","resistivity counter"
1974,"5-Aug",421,"SPR","resistivity counter"
1974,"6-Aug",113,"SPR","resistivity counter"
1974,"7-Aug",324,"SPR","resistivity counter"
1974,"8-Aug",0,"SPR","resistivity counter"
1974,"9-Aug",0,"SPR","resistivity counter"
1974,"10-Aug",0,"SPR","resistivity counter"
1974,"11-Aug",205,"SPR","resistivity counter"
1974,"12-Aug",410,"SPR","resistivity counter"
1974,"13-Aug",0,"SPR","resistivity counter"
1974,"14-Aug",291,"SPR","resistivity counter"
1974,"15-Aug",88,"SPR","resistivity counter"
1974,"16-Aug",179,"SPR","resistivity counter"
1974,"17-Aug",91,"SPR","resistivity counter"
1974,"18-Aug",59,"SPR","resistivity counter"
1974,"19-Aug",274,"SPR","resistivity counter"
1974,"20-Aug",150,"SPR","resistivity counter"
1974,"21-Aug",150,"SPR","resistivity counter"
1974,"22-Aug",26,"SPR","resistivity counter"
1974,"23-Aug",106,"SPR","resistivity counter"
1974,"24-Aug",116,"SPR","resistivity counter"
1974,"25-Aug",18,"SPR","resistivity counter"
1974,"26-Aug",8,"SPR","resistivity counter"
1974,"27-Aug",8,"SPR","resistivity counter"
1974,"28-Aug",8,"SPR","resistivity counter"
1974,"29-Aug",8,"SPR","resistivity counter"
1974,"30-Aug",8,"SPR","resistivity counter"
1974,"31-Aug",8,"SPR","resistivity counter"
1974,"1-Sep",8,"SPR","resistivity counter"
1974,"2-Sep",8,"SPR","resistivity counter"
1974,"3-Sep",8,"SPR","resistivity counter"
2022,"28-Apr",0,"GCL","video counter"
2022,"29-Apr",1,"GCL","video counter"
2022,"30-Apr",0.75,"GCL","video counter"
2022,"1-May",0.5,"GCL","video counter"
2022,"2-May",0.25,"GCL","video counter"
2022,"3-May",0,"GCL","video counter"
2022,"4-May",0,"GCL","video counter"
2022,"5-May",0,"GCL","video counter"
2022,"6-May",0,"GCL","video counter"
2022,"7-May",0,"GCL","video counter"
2022,"8-May",0,"GCL","video counter"
2022,"9-May",0,"GCL","video counter"
2022,"10-May",0,"GCL","video counter"
2022,"11-May",1,"GCL","video counter"
2022,"12-May",0,"GCL","video counter"
2022,"13-May",0,"GCL","video counter"
2022,"14-May",0,"GCL","video counter"
2022,"15-May",0,"GCL","video counter"
2022,"16-May",0,"GCL","video counter"
2022,"17-May",0,"GCL","video counter"
2022,"18-May",0,"GCL","video counter"
2022,"19-May",0,"GCL","video counter"
2022,"20-May",0,"GCL","video counter"
2022,"21-May",0,"GCL","video counter"
2022,"22-May",0,"GCL","video counter"
2022,"23-May",0,"GCL","video counter"
2022,"24-May",0,"GCL","video counter"
2022,"25-May",0,"GCL","video counter"
2022,"26-May",0,"GCL","video counter"
2022,"27-May",0,"GCL","video counter"
2022,"28-May",0,"GCL","video counter"
2022,"29-May",1,"GCL","video counter"
2022,"30-May",2,"GCL","video counter"
2022,"31-May",3,"GCL","video counter"
2022,"1-Jun",155,"GCL","video counter"
2022,"2-Jun",14,"GCL","video counter"
2022,"3-Jun",12,"GCL","video counter"
2022,"4-Jun",46,"GCL","video counter"
2022,"5-Jun",36.7,"GCL","video counter"
2022,"6-Jun",27.4,"GCL","video counter"
2022,"7-Jun",18.1,"GCL","video counter"
2022,"8-Jun",8.8,"GCL","video counter"
2022,"9-Jun",12,"GCL","video counter"
2022,"10-Jun",34,"GCL","video counter"
2022,"11-Jun",152,"GCL","video counter"
2022,"12-Jun",345,"GCL","video counter"
2022,"13-Jun",904,"GCL","video counter"
2022,"14-Jun",1713,"GCL","video counter"
2022,"15-Jun",2602,"GCL","video counter"
2022,"16-Jun",2720,"GCL","video counter"
2022,"17-Jun",4553,"GCL","video counter"
2022,"18-Jun",13363,"GCL","video counter"
2022,"19-Jun",8135,"GCL","video counter"
2022,"20-Jun",11747.5,"GCL","video counter"
2022,"21-Jun",15360,"GCL","video counter"
2022,"22-Jun",10233,"GCL","video counter"
2022,"23-Jun",9772.33,"GCL","video counter"
2022,"24-Jun",10458,"GCL","video counter"
2022,"25-Jun",9603,"GCL","video counter"
2022,"26-Jun",9845,"GCL","video counter"
2022,"27-Jun",7869,"GCL","video counter"
2022,"28-Jun",2706,"GCL","video counter"
2022,"29-Jun",3643,"GCL","video counter"
2022,"30-Jun",11300,"GCL","video counter"
2022,"1-Jul",11493,"GCL","video counter"
2022,"2-Jul",9090,"GCL","video counter"
2022,"3-Jul",10487,"GCL","video counter"
2022,"4-Jul",6772,"GCL","video counter"
2022,"5-Jul",6941,"GCL","video counter"
2022,"6-Jul",6649,"GCL","video counter"
2022,"7-Jul",4656,"GCL","video counter"
2022,"8-Jul",3585,"GCL","video counter"
2022,"9-Jul",3506,"GCL","video counter"
2022,"10-Jul",3967,"GCL","video counter"
2022,"11-Jul",2538,"GCL","video counter"
2022,"12-Jul",2417.33,"GCL","video counter"
2022,"13-Jul",885,"GCL","video counter"
2022,"14-Jul",1174,"GCL","video counter"
2022,"15-Jul",1908,"GCL","video counter"
2022,"16-Jul",1112,"GCL","video counter"
2022,"17-Jul",1404,"GCL","video counter"
2022,"18-Jul",1011,"GCL","video counter"
2022,"19-Jul",824,"GCL","video counter"
2022,"20-Jul",967,"GCL","video counter"
2022,"21-Jul",1516,"GCL","video counter"
2022,"22-Jul",1231,"GCL","video counter"
2022,"23-Jul",1030,"GCL","video counter"
2022,"24-Jul",1201,"GCL","video counter"
2022,"25-Jul",1599.5,"GCL","video counter"
2022,"26-Jul",428,"GCL","video counter"
2022,"27-Jul",305,"GCL","video counter"
2022,"28-Jul",192,"GCL","video counter"
2022,"29-Jul",503,"GCL","video counter"
2022,"30-Jul",393,"GCL","video counter"
2022,"31-Jul",266,"GCL","video counter"
2022,"1-Aug",137,"GCL","video counter"
2022,"2-Aug",84,"GCL","video counter"
2022,"3-Aug",21,"GCL","video counter"
2022,"4-Aug",156,"GCL","video counter"
2022,"5-Aug",273,"GCL","video counter"
2022,"6-Aug",883,"GCL","video counter"
2022,"7-Aug",924,"GCL","video counter"
2022,"8-Aug",532,"GCL","video counter"
2022,"9-Aug",426,"GCL","video counter"
2022,"10-Aug",638,"GCL","video counter"
2022,"11-Aug",616,"GCL","video counter"
2022,"12-Aug",536,"GCL","video counter"
2022,"13-Aug",709,"GCL","video counter"
2022,"14-Aug",258,"GCL","video counter"
2022,"15-Aug",355,"GCL","video counter"
2022,"16-Aug",316,"GCL","video counter"
2022,"17-Aug",168,"GCL","video counter"
2022,"18-Aug",139.5,"GCL","video counter"
2022,"19-Aug",111,"GCL","video counter"
2022,"20-Aug",61,"GCL","video counter"
2022,"21-Aug",94,"GCL","video counter"
2022,"22-Aug",83,"GCL","video counter"
2022,"23-Aug",77,"GCL","video counter"
2022,"24-Aug",130,"GCL","video counter"
2022,"25-Aug",91,"GCL","video counter"
2022,"26-Aug",84,"GCL","video counter"
2022,"27-Aug",67,"GCL","video counter"
2022,"28-Aug",55,"GCL","video counter"
2022,"29-Aug",56,"GCL","video counter"
2022,"30-Aug",64,"GCL","video counter"
2022,"31-Aug",79,"GCL","video counter"
2022,"1-Sep",39.6,"GCL","video counter"
2022,"2-Sep",81,"GCL","video counter"
2022,"3-Sep",67,"GCL","video counter"
2022,"4-Sep",37,"GCL","video counter"
2022,"5-Sep",21,"GCL","video counter"
2022,"6-Sep",5,"GCL","video counter"
2022,"7-Sep",30,"GCL","video counter"
2022,"8-Sep",6,"GCL","video counter"
2022,"9-Sep",11,"GCL","video counter"
2022,"10-Sep",8,"GCL","video counter"
2022,"11-Sep",12,"GCL","video counter"
2022,"12-Sep",7,"GCL","video counter"
2022,"13-Sep",0,"GCL","video counter"
2022,"14-Sep",1,"GCL","video counter"
2022,"15-Sep",1,"GCL","video counter"
2022,"16-Sep",0,"GCL","video counter"
2022,"17-Sep",0,"GCL","video counter"
2022,"18-Sep",2,"GCL","video counter"
2022,"19-Sep",1,"GCL","video counter"
2022,"20-Sep",0,"GCL","video counter"
2022,"21-Sep",2,"GCL","video counter"
2022,"22-Sep",0,"GCL","video counter"
2022,"23-Sep",2,"GCL","video counter"
2022,"24-Sep",4,"GCL","video counter"
2022,"25-Sep",3,"GCL","video counter"
2022,"26-Sep",1,"GCL","video counter"
2022,"27-Sep",1,"GCL","video counter"
2022,"28-Sep",0,"GCL","video counter"
2022,"29-Sep",0,"GCL","video counter"
2022,"30-Sep",0,"GCL","video counter"
2022,"1-Oct",1,"GCL","video counter"
2022,"2-Oct",0,"GCL","video counter"
2022,"3-Oct",0,"GCL","video counter"
2022,"4-Oct",0,"GCL","video counter"
2022,"5-Oct",0,"GCL","video counter"
2022,"6-Oct",0,"GCL","video counter"
2022,"7-Oct",0,"GCL","video counter"
2022,"8-Oct",0,"GCL","video counter"
2022,"9-Oct",0,"GCL","video counter"
2022,"10-Oct",2,"GCL","video counter"
2022,"11-Oct",0,"GCL","video counter"
2022,"12-Oct",0,"GCL","video counter"
2022,"13-Oct",0,"GCL","video counter"
2022,"14-Oct",1,"GCL","video counter"
2022,"15-Oct",0,"GCL","video counter"
2022,"16-Oct",1,"GCL","video counter"
2022,"17-Oct",0,"GCL","video counter"
2022,"18-Oct",1,"GCL","video counter"
2022,"19-Oct",0,"GCL","video counter"
2022,"20-Oct",0,"GCL","video counter"
2022,"21-Oct",1,"GCL","video counter"
2022,"22-Oct",1,"GCL","video counter"
2022,"23-Oct",0,"GCL","video counter"
2022,"24-Oct",0,"GCL","video counter"
2022,"25-Oct",0,"GCL","video counter"
2022,"26-Oct",0,"GCL","video counter"
2022,"27-Oct",0,"GCL","video counter"
2022,"28-Oct",5,"GCL","video counter"
2022,"29-Oct",1,"GCL","video counter"
2022,"30-Oct",0,"GCL","video counter"
2022,"31-Oct",1,"GCL","video counter"
2022,"1-Nov",1,"GCL","video counter"
2022,"2-Nov",0,"GCL","video counter"
2022,"3-Nov",2,"GCL","video counter"
2022,"4-Nov",1,"GCL","video counter"
2022,"5-Nov",0,"GCL","video counter"
2022,"6-Nov",2,"GCL","video counter"
2022,"7-Nov",1,"GCL","video counter"
2022,"8-Nov",1,"GCL","video counter"
2022,"9-Nov",0,"GCL","video counter"
2022,"10-Nov",0,"GCL","video counter"
2022,"11-Nov",3,"GCL","video counter"
2022,"12-Nov",2,"GCL","video counter"
2022,"13-Nov",0,"GCL","video counter"
2022,"14-Nov",0,"GCL","video counter"
2022,"15-Nov",0,"GCL","video counter"
2022,"16-Nov",1,"GCL","video counter"
2022,"17-Nov",0,"GCL","video counter"
2022,"18-Nov",0,"GCL","video counter"
2022,"19-Nov",0,"GCL","video counter"
2022,"20-Nov",0,"GCL","video counter"
2022,"21-Nov",0,"GCL","video counter"
2022,"22-Nov",0,"GCL","video counter"
2022,"23-Nov",0,"GCL","video counter"
2022,"24-Nov",0,"GCL","video counter"
2022,"25-Nov",0,"GCL","video counter"
2022,"26-Nov",0,"GCL","video counter"
2022,"27-Nov",0,"GCL","video counter"
2022,"28-Nov",0,"GCL","video counter"
2022,"29-Nov",0,"GCL","video counter"
2022,"30-Nov",0,"GCL","video counter"
2022,"1-Dec",0,"GCL","video counter"
2022,"5-Apr",0,"SPR","video counter"
2022,"6-Apr",0,"SPR","video counter"
2022,"7-Apr",0,"SPR","video counter"
2022,"8-Apr",1,"SPR","video counter"
2022,"9-Apr",0,"SPR","video counter"
2022,"10-Apr",0,"SPR","video counter"
2022,"11-Apr",0,"SPR","video counter"
2022,"12-Apr",0,"SPR","video counter"
2022,"13-Apr",0,"SPR","video counter"
2022,"14-Apr",0,"SPR","video counter"
2022,"15-Apr",0,"SPR","video counter"
2022,"16-Apr",0,"SPR","video counter"
2022,"17-Apr",0,"SPR","video counter"
2022,"18-Apr",1,"SPR","video counter"
2022,"19-Apr",2,"SPR","video counter"
2022,"20-Apr",0,"SPR","video counter"
2022,"21-Apr",1,"SPR","video counter"
2022,"22-Apr",0,"SPR","video counter"
2022,"23-Apr",0,"SPR","video counter"
2022,"24-Apr",0,"SPR","video counter"
2022,"25-Apr",2,"SPR","video counter"
2022,"26-Apr",0,"SPR","video counter"
2022,"27-Apr",0,"SPR","video counter"
2022,"28-Apr",0,"SPR","video counter"
2022,"29-Apr",2,"SPR","video counter"
2022,"30-Apr",3,"SPR","video counter"
2022,"1-May",3,"SPR","video counter"
2022,"2-May",6,"SPR","video counter"
2022,"3-May",6,"SPR","video counter"
2022,"4-May",8,"SPR","video counter"
2022,"5-May",15,"SPR","video counter"
2022,"6-May",2,"SPR","video counter"
2022,"7-May",6,"SPR","video counter"
2022,"8-May",12,"SPR","video counter"
2022,"9-May",22,"SPR","video counter"
2022,"10-May",33,"SPR","video counter"
2022,"11-May",32,"SPR","video counter"
2022,"12-May",15,"SPR","video counter"
2022,"13-May",10,"SPR","video counter"
2022,"14-May",14,"SPR","video counter"
2022,"15-May",33,"SPR","video counter"
2022,"16-May",14,"SPR","video counter"
2022,"17-May",29,"SPR","video counter"
2022,"18-May",30,"SPR","video counter"
2022,"19-May",34,"SPR","video counter"
2022,"20-May",78,"SPR","video counter"
2022,"21-May",106,"SPR","video counter"
2022,"22-May",169,"SPR","video counter"
2022,"23-May",94,"SPR","video counter"
2022,"24-May",115,"SPR","video counter"
2022,"25-May",183,"SPR","video counter"
2022,"26-May",364,"SPR","video counter"
2022,"27-May",244,"SPR","video counter"
2022,"28-May",209,"SPR","video counter"
2022,"29-May",337,"SPR","video counter"
2022,"30-May",232,"SPR","video counter"
2022,"31-May",245,"SPR","video counter"
2022,"1-Jun",437,"SPR","video counter"
2022,"2-Jun",509,"SPR","video counter"
2022,"3-Jun",684,"SPR","video counter"
2022,"4-Jun",2100,"SPR","video counter"
2022,"5-Jun",4106,"SPR","video counter"
2022,"6-Jun",3047,"SPR","video counter"
2022,"7-Jun",3292,"SPR","video counter"
2022,"8-Jun",3187,"SPR","video counter"
2022,"9-Jun",3087,"SPR","video counter"
2022,"10-Jun",3232,"SPR","video counter"
2022,"11-Jun",2397,"SPR","video counter"
2022,"12-Jun",2472,"SPR","video counter"
2022,"13-Jun",3150,"SPR","video counter"
2022,"14-Jun",2444,"SPR","video counter"
2022,"15-Jun",6219,"SPR","video counter"
2022,"16-Jun",5163,"SPR","video counter"
2022,"17-Jun",5396,"SPR","video counter"
2022,"18-Jun",9473,"SPR","video counter"
2022,"19-Jun",8486,"SPR","video counter"
2022,"20-Jun",10302,"SPR","video counter"
2022,"21-Jun",8005,"SPR","video counter"
2022,"22-Jun",10333,"SPR","video counter"
2022,"23-Jun",9572,"SPR","video counter"
2022,"24-Jun",10720,"SPR","video counter"
2022,"25-Jun",16062,"SPR","video counter"
2022,"26-Jun",12851,"SPR","video counter"
2022,"27-Jun",12745,"SPR","video counter"
2022,"28-Jun",13159,"SPR","video counter"
2022,"29-Jun",20367,"SPR","video counter"
2022,"30-Jun",23018,"SPR","video counter"
2022,"1-Jul",16936,"SPR","video counter"
2022,"2-Jul",12975,"SPR","video counter"
2022,"3-Jul",14448,"SPR","video counter"
2022,"4-Jul",14911,"SPR","video counter"
2022,"5-Jul",11359,"SPR","video counter"
2022,"6-Jul",10327,"SPR","video counter"
2022,"7-Jul",9109,"SPR","video counter"
2022,"8-Jul",9573,"SPR","video counter"
2022,"9-Jul",8667,"SPR","video counter"
2022,"10-Jul",9179,"SPR","video counter"
2022,"11-Jul",6065,"SPR","video counter"
2022,"12-Jul",3869,"SPR","video counter"
2022,"13-Jul",4035,"SPR","video counter"
2022,"14-Jul",4386,"SPR","video counter"
2022,"15-Jul",4225,"SPR","video counter"
2022,"16-Jul",4413,"SPR","video counter"
2022,"17-Jul",1896,"SPR","video counter"
2022,"18-Jul",5819,"SPR","video counter"
2022,"19-Jul",2830,"SPR","video counter"
2022,"20-Jul",4670,"SPR","video counter"
2022,"21-Jul",4163,"SPR","video counter"
2022,"22-Jul",4712,"SPR","video counter"
2022,"23-Jul",2585,"SPR","video counter"
2022,"24-Jul",2787,"SPR","video counter"
2022,"25-Jul",2464,"SPR","video counter"
2022,"26-Jul",750,"SPR","video counter"
2022,"27-Jul",442,"SPR","video counter"
2022,"28-Jul",438,"SPR","video counter"
2022,"29-Jul",22,"SPR","video counter"
2022,"30-Jul",0,"SPR","video counter"
2022,"31-Jul",172,"SPR","video counter"
2022,"1-Aug",1,"SPR","video counter"
2022,"2-Aug",101,"SPR","video counter"
2022,"3-Aug",24,"SPR","video counter"
2022,"4-Aug",94,"SPR","video counter"
2022,"5-Aug",1621,"SPR","video counter"
2022,"6-Aug",3029,"SPR","video counter"
2022,"7-Aug",3013,"SPR","video counter"
2022,"8-Aug",905,"SPR","video counter"
2022,"9-Aug",215,"SPR","video counter"
2022,"10-Aug",246,"SPR","video counter"
2022,"11-Aug",779,"SPR","video counter"
2022,"12-Aug",1764,"SPR","video counter"
2022,"13-Aug",1977,"SPR","video counter"
2022,"14-Aug",998,"SPR","video counter"
2022,"15-Aug",723,"SPR","video counter"
2022,"16-Aug",589,"SPR","video counter"
2022,"17-Aug",342,"SPR","video counter"
2022,"18-Aug",229,"SPR","video counter"
2022,"19-Aug",89,"SPR","video counter"
2022,"20-Aug",133,"SPR","video counter"
2022,"21-Aug",119,"SPR","video counter"
2022,"22-Aug",108,"SPR","video counter"
2022,"23-Aug",78,"SPR","video counter"
2022,"24-Aug",71,"SPR","video counter"
2022,"25-Aug",75,"SPR","video counter"
2022,"26-Aug",102,"SPR","video counter"
2022,"27-Aug",49,"SPR","video counter"
2022,"28-Aug",46,"SPR","video counter"
2022,"29-Aug",45,"SPR","video counter"
2022,"30-Aug",89,"SPR","video counter"
2022,"31-Aug",38,"SPR","video counter"
2022,"1-Sep",55,"SPR","video counter"
2022,"2-Sep",39,"SPR","video counter"
2022,"3-Sep",32,"SPR","video counter"
2022,"4-Sep",37,"SPR","video counter"
2022,"5-Sep",26,"SPR","video counter"
2022,"6-Sep",25,"SPR","video counter"
2022,"7-Sep",12,"SPR","video counter"
2022,"8-Sep",18,"SPR","video counter"
2022,"9-Sep",3,"SPR","video counter"
2022,"10-Sep",1,"SPR","video counter"
2022,"11-Sep",8,"SPR","video counter"
2022,"12-Sep",9,"SPR","video counter"
2022,"13-Sep",1,"SPR","video counter"
2022,"14-Sep",0,"SPR","video counter"
2022,"15-Sep",1,"SPR","video counter"
2022,"16-Sep",0,"SPR","video counter"
2022,"17-Sep",1,"SPR","video counter"
2022,"18-Sep",0,"SPR","video counter"
2022,"19-Sep",1,"SPR","video counter"
2022,"20-Sep",0,"SPR","video counter"
2022,"21-Sep",0,"SPR","video counter"
2022,"22-Sep",1,"SPR","video counter"
2022,"23-Sep",0,"SPR","video counter"
2022,"24-Sep",0,"SPR","video counter"
2022,"25-Sep",0,"SPR","video counter"
2022,"26-Sep",3,"SPR","video counter"
2022,"27-Sep",1,"SPR","video counter"
2022,"28-Sep",2,"SPR","video counter"
2022,"29-Sep",2,"SPR","video counter"
2022,"30-Sep",2,"SPR","video counter"
2022,"1-Oct",1,"SPR","video counter"
2022,"2-Oct",2,"SPR","video counter"
2022,"3-Oct",2,"SPR","video counter"
2022,"4-Oct",0,"SPR","video counter"
2022,"5-Oct",2,"SPR","video counter"
2022,"6-Oct",0,"SPR","video counter"
2022,"7-Oct",1,"SPR","video counter"
2022,"8-Oct",1,"SPR","video counter"
2022,"9-Oct",0,"SPR","video counter"
2022,"10-Oct",0,"SPR","video counter"
2022,"11-Oct",0,"SPR","video counter"
2022,"12-Oct",1,"SPR","video counter"
2022,"13-Oct",0,"SPR","video counter"
2022,"14-Oct",4,"SPR","video counter"
2022,"15-Oct",0,"SPR","video counter"
2022,"16-Oct",3,"SPR","video counter"
2022,"17-Oct",2,"SPR","video counter"
2022,"18-Oct",2,"SPR","video counter"
2022,"19-Oct",1,"SPR","video counter"
2022,"20-Oct",3,"SPR","video counter"
2022,"21-Oct",5,"SPR","video counter"
2022,"22-Oct",4,"SPR","video counter"
2022,"23-Oct",4,"SPR","video counter"
2022,"24-Oct",1,"SPR","video counter"
2022,"25-Oct",7,"SPR","video counter"
2022,"26-Oct",8,"SPR","video counter"
2022,"27-Oct",9,"SPR","video counter"
2022,"28-Oct",24,"SPR","video counter"
2022,"29-Oct",27,"SPR","video counter"
2022,"30-Oct",25,"SPR","video counter"
2022,"31-Oct",34,"SPR","video counter"
2022,"1-Nov",12,"SPR","video counter"
2022,"2-Nov",9,"SPR","video counter"
2022,"3-Nov",9,"SPR","video counter"
2022,"4-Nov",4,"SPR","video counter"
2022,"5-Nov",8,"SPR","video counter"
2022,"6-Nov",8,"SPR","video counter"
2022,"7-Nov",5,"SPR","video counter"
2022,"8-Nov",8,"SPR","video counter"
2022,"9-Nov",5,"SPR","video counter"
2022,"10-Nov",0,"SPR","video counter"
2022,"11-Nov",4,"SPR","video counter"
2022,"12-Nov",4,"SPR","video counter"
2022,"13-Nov",4,"SPR","video counter"
2022,"14-Nov",7,"SPR","video counter"
2022,"15-Nov",13,"SPR","video counter"
2022,"16-Nov",7,"SPR","video counter"
2022,"17-Nov",5,"SPR","video counter"
2022,"18-Nov",1,"SPR","video counter"
2022,"19-Nov",3,"SPR","video counter"
2022,"20-Nov",0,"SPR","video counter"
2022,"21-Nov",4,"SPR","video counter"
2022,"22-Nov",4,"SPR","video counter"
2022,"23-Nov",7,"SPR","video counter"
2022,"24-Nov",7,"SPR","video counter"
2022,"25-Nov",0,"SPR","video counter"
2022,"26-Nov",0,"SPR","video counter"
2022,"27-Nov",0,"SPR","video counter"
2022,"28-Nov",0,"SPR","video counter"
2022,"29-Nov",1,"SPR","video counter"
2022,"30-Nov",0,"SPR","video counter"
2022,"1-Dec",0,"SPR","video counter"
2022,"2-Dec",0,"SPR","video counter"
2022,"3-Dec",0,"SPR","video counter"
2022,"4-Dec",0,"SPR","video counter"
2022,"5-Dec",0,"SPR","video counter"
2022,"6-Dec",0,"SPR","video counter"
